     index            Field [G]         Intensity []

         1                 3270    -0.38480923116095
         2               3270.1   -0.385273193371145
         3               3270.2   -0.385821596918951
         4               3270.3   -0.386422363277269
         5               3270.4    -0.38697997031007
         6               3270.5   -0.387316281689836
         7               3270.6   -0.387208882880434
         8               3270.7   -0.386500263037162
         9               3270.8   -0.385221385490915
        10               3270.9   -0.383628376994167
        11                 3271   -0.382088969758688
        12               3271.1   -0.380880017371699
        13               3271.2   -0.380061627498768
        14               3271.3   -0.379527312934413
        15               3271.4   -0.379143092458054
        16               3271.5   -0.378826755484825
        17               3271.6   -0.378548813403127
        18               3271.7   -0.378326142950277
        19               3271.8   -0.378199664176486
        20               3271.9   -0.378140501250322
        21                 3272   -0.377956794019224
        22               3272.1   -0.377360739459644
        23               3272.2   -0.376197253725369
        24               3272.3   -0.374621903046558
        25               3272.4   -0.373049130060764
        26               3272.5   -0.371921169774922
        27               3272.6   -0.371478782621358
        28               3272.7   -0.371653073987518
        29               3272.8    -0.37210293972668
        30               3272.9   -0.372387058441153
        31                 3273   -0.372207517721225
        32               3273.1   -0.371578206221836
        33               3273.2   -0.370781071483274
        34               3273.3   -0.370132116192342
        35               3273.4   -0.369745567747966
        36               3273.5   -0.369487291976619
        37               3273.6   -0.369139918845676
        38               3273.7   -0.368618002129373
        39               3273.8   -0.368044456269261
        40               3273.9    -0.36765110461908
        41                 3274   -0.367625300845372
        42               3274.1   -0.368023581929079
        43               3274.2    -0.36876429785655
        44               3274.3   -0.369660555358975
        45               3274.4   -0.370480415624231
        46               3274.5   -0.371021505787993
        47               3274.6   -0.371164796103226
        48               3274.7   -0.370903722037595
        49               3274.8   -0.370383602115635
        50               3274.9    -0.36993164841174
        51                 3275   -0.369978778739629
        52               3275.1    -0.37083518203442
        53               3275.2    -0.37245747275756
        54               3275.3   -0.374418589488446
        55               3275.4   -0.376146936941475
        56               3275.5   -0.377272240379233
        57               3275.6     -0.3778185138878
        58               3275.7   -0.378103386936251
        59               3275.8   -0.378437094513823
        60               3275.9   -0.378870961232153
        61                 3276   -0.379192380410015
        62               3276.1   -0.379144623268009
        63               3276.2   -0.378659220045389
        64               3276.3   -0.377902383454333
        65               3276.4   -0.377134212874524
        66               3276.5   -0.376545075549183
        67               3276.6   -0.376197528623003
        68               3276.7   -0.376050277114584
        69               3276.8   -0.375986255674776
        70               3276.9   -0.375845298236446
        71                 3277   -0.375507485547478
        72               3277.1   -0.374997961519672
        73               3277.2   -0.374505264245362
        74               3277.3   -0.374254684412139
        75               3277.4   -0.374319114959982
        76               3277.5   -0.374537537809344
        77               3277.6   -0.374647106047063
        78               3277.7    -0.37454598651545
        79               3277.8   -0.374446966897575
        80               3277.9   -0.374738867614673
        81                 3278   -0.375645078863973
        82               3278.1   -0.376996512548247
        83               3278.2   -0.378349715404197
        84               3278.3   -0.379338850830108
        85               3278.4   -0.379918731082576
        86               3278.5   -0.380288890578025
        87               3278.6   -0.380619974405295
        88               3278.7   -0.380861729568681
        89               3278.8   -0.380773189647027
        90               3278.9   -0.380096803713672
        91                 3279    -0.37872487234783
        92               3279.1   -0.376769901190299
        93               3279.2   -0.374525238479226
        94               3279.3   -0.372347427231089
        95               3279.4   -0.370533067556175
        96               3279.5    -0.36927034408597
        97               3279.6   -0.368667575463929
        98               3279.7   -0.368768951361567
        99               3279.8   -0.369501073138494
       100               3279.9   -0.370628955566538
       101                 3280   -0.371836894408772
       102               3280.1   -0.372907015541003
       103               3280.2   -0.373827359853695
       104               3280.3   -0.374716708560063
       105               3280.4   -0.375647779719419
       106               3280.5   -0.376555879301427
       107               3280.6   -0.377318984103703
       108               3280.7   -0.377905802539128
       109               3280.8   -0.378418240067907
       110               3280.9   -0.378971941738472
       111                 3281   -0.379533827195903
       112               3281.1     -0.3798918028964
       113               3281.2    -0.37981468976265
       114               3281.3   -0.379275031764125
       115               3281.4   -0.378526651927913
       116               3281.5   -0.377944063960365
       117               3281.6   -0.377750379431679
       118               3281.7   -0.377873532676268
       119               3281.8   -0.378058612660455
       120               3281.9   -0.378131691784862
       121                 3282   -0.378174687400484
       122               3282.1    -0.37844807256385
       123               3282.2   -0.379123188265143
       124               3282.3   -0.380070282691596
       125               3282.4   -0.380909685273132
       126               3282.5   -0.381278142867854
       127               3282.6   -0.381047944474109
       128               3282.7   -0.380308383145707
       129               3282.8   -0.379189304285813
       130               3282.9   -0.377752214199139
       131                 3283   -0.376048495628539
       132               3283.1   -0.374233243206187
       133               3283.2   -0.372579549990715
       134               3283.3   -0.371373836047629
       135               3283.4   -0.370790671494759
       136               3283.5   -0.370826268710151
       137               3283.6     -0.3713028617715
       138               3283.7   -0.371944514989408
       139               3283.8    -0.37251736999392
       140               3283.9   -0.372960863028405
       141                 3284   -0.373395407781378
       142               3284.1   -0.373977219159825
       143               3284.2   -0.374718478070564
       144               3284.3   -0.375443722854033
       145               3284.4   -0.375942695418461
       146               3284.5   -0.376187963951191
       147               3284.6   -0.376391767611221
       148               3284.7   -0.376814745641541
       149               3284.8    -0.37750903042387
       150               3284.9   -0.378272321856102
       151                 3285   -0.378861397019394
       152               3285.1    -0.37922508233819
       153               3285.2   -0.379520600157941
       154               3285.3   -0.379938778010105
       155               3285.4   -0.380540230202896
       156               3285.5   -0.381233361691928
       157               3285.6   -0.381867393156543
       158               3285.7    -0.38234578654666
       159               3285.8   -0.382683996404998
       160               3285.9   -0.382981422213415
       161                 3286   -0.383336188061931
       162               3286.1   -0.383773646058615
       163               3286.2    -0.38423861229517
       164               3286.3   -0.384638695502021
       165               3286.4   -0.384894096032599
       166               3286.5   -0.384964854979253
       167               3286.6   -0.384847359358387
       168               3286.7   -0.384544933635021
       169               3286.8   -0.384042850108769
       170               3286.9   -0.383335120936626
       171                 3287   -0.382507868029374
       172               3287.1   -0.381798712557426
       173               3287.2   -0.381526012165658
       174               3287.3   -0.381886602231763
       175               3287.4   -0.382779198651075
       176               3287.5   -0.383840622021795
       177               3287.6   -0.384698685186897
       178               3287.7   -0.385214151001958
       179               3287.8   -0.385476956508082
       180               3287.9   -0.385580074953534
       181                 3288   -0.385435613510023
       182               3288.1    -0.38484429395514
       183               3288.2   -0.383746362428891
       184               3288.3   -0.382388430794829
       185               3288.4   -0.381229148340368
       186               3288.5   -0.380653218114111
       187               3288.6   -0.380718563746976
       188               3288.7   -0.381120644822566
       189               3288.8   -0.381393356105465
       190               3288.9   -0.381201546287516
       191                 3289   -0.380522571978125
       192               3289.1   -0.379608807093739
       193               3289.2   -0.378788590565612
       194               3289.3    -0.37825396341091
       195               3289.4   -0.377955382413252
       196               3289.5   -0.377646200718488
       197               3289.6   -0.377043139632935
       198               3289.7   -0.376001829014912
       199               3289.8   -0.374592474663606
       200               3289.9   -0.373038831202904
       201                 3290   -0.371590779956497
       202               3290.1   -0.370429086126419
       203               3290.2   -0.369641166703243
       204               3290.3   -0.369243533621119
       205               3290.4   -0.369210099613395
       206               3290.5   -0.369480019298459
       207               3290.6   -0.369951482168437
       208               3290.7   -0.370502699367671
       209               3290.8   -0.371060842846542
       210               3290.9   -0.371657140284456
       211                 3291   -0.372379826770801
       212               3291.1   -0.373247037332813
       213               3291.2   -0.374140228193044
       214               3291.3   -0.374882939591979
       215               3291.4   -0.375370392393312
       216               3291.5   -0.375596645210441
       217               3291.6   -0.375580876877513
       218               3291.7    -0.37534618638854
       219               3291.8   -0.375016917909746
       220               3291.9   -0.374881976254936
       221                 3292   -0.375256292136243
       222               3292.1    -0.37622593273452
       223               3292.2   -0.377544079313368
       224               3292.3   -0.378793438087544
       225               3292.4   -0.379649844714367
       226               3292.5     -0.3800279981543
       227               3292.6    -0.38006140258552
       228               3292.7    -0.37999167201011
       229               3292.8   -0.380030121275725
       230               3292.9    -0.38024543302966
       231                 3293   -0.380553791573225
       232               3293.1   -0.380828597318943
       233               3293.2   -0.381027709983052
       234               3293.3   -0.381219594567814
       235               3293.4   -0.381503186306149
       236               3293.5   -0.381911045045306
       237               3293.6   -0.382369736304179
       238               3293.7   -0.382725449998968
       239               3293.8   -0.382807475048668
       240               3293.9   -0.382502179079799
       241                 3294    -0.38181167604333
       242               3294.1   -0.380864935648102
       243               3294.2   -0.379861971154457
       244               3294.3   -0.378980183889349
       245               3294.4   -0.378310539786383
       246               3294.5   -0.377861864038614
       247               3294.6   -0.377604188501659
       248               3294.7   -0.377503079837722
       249               3294.8   -0.377533647352224
       250               3294.9   -0.377683442540858
       251                 3295   -0.377939500534325
       252               3295.1   -0.378260766417532
       253               3295.2   -0.378569640063058
       254               3295.3   -0.378790541328693
       255               3295.4   -0.378905712355397
       256               3295.5   -0.378968637145416
       257               3295.6   -0.379060410894779
       258               3295.7   -0.379231064240045
       259               3295.8   -0.379468930653898
       260               3295.9   -0.379710828050836
       261                 3296   -0.379885891848218
       262               3296.1   -0.379962183533469
       263               3296.2   -0.379942382977444
       264               3296.3   -0.379795915784717
       265               3296.4   -0.379411772036351
       266               3296.5   -0.378673505020636
       267               3296.6   -0.377623352531371
       268               3296.7   -0.376540970487815
       269               3296.8   -0.375807539468846
       270               3296.9   -0.375636812313805
       271                 3297   -0.375911147854042
       272               3297.1   -0.376291022496548
       273               3297.2   -0.376515019411482
       274               3297.3   -0.376602671837564
       275               3297.4   -0.376745342212689
       276               3297.5   -0.376998404677289
       277               3297.6   -0.377128672333212
       278               3297.7   -0.376814709300716
       279               3297.8   -0.375997159440927
       280               3297.9   -0.375007228657438
       281                 3298   -0.374353441187396
       282               3298.1    -0.37438929531715
       283               3298.2    -0.37513411468481
       284               3298.3   -0.376312322796491
       285               3298.4   -0.377513322510444
       286               3298.5   -0.378375243427051
       287               3298.6   -0.378735767377426
       288               3298.7   -0.378688463221263
       289               3298.8   -0.378500730865374
       290               3298.9   -0.378432533343859
       291                 3299   -0.378571866098758
       292               3299.1   -0.378800591934298
       293               3299.2   -0.378922362688724
       294               3299.3   -0.378859209374022
       295               3299.4   -0.378736217676397
       296               3299.5   -0.378745842502381
       297               3299.6   -0.378911632779561
       298               3299.7   -0.379018740979264
       299               3299.8   -0.378822455854491
       300               3299.9   -0.378322278872253
       301                 3300   -0.377790191672991
       302               3300.1   -0.377515136281901
       303               3300.2   -0.377551855958194
       304               3300.3   -0.377747760764913
       305               3300.4   -0.377991946840799
       306               3300.5   -0.378381540532924
       307               3300.6   -0.379109331842353
       308               3300.7   -0.380200079116769
       309               3300.8   -0.381392814235147
       310               3300.9   -0.382306001120409
       311                 3301   -0.382723182465854
       312               3301.1   -0.382723954179371
       313               3301.2   -0.382553784059832
       314               3301.3   -0.382376047426384
       315               3301.4   -0.382142032469056
       316               3301.5   -0.381691652932188
       317               3301.6   -0.380978535997352
       318               3301.7   -0.380189352970452
       319               3301.8   -0.379626663667301
       320               3301.9   -0.379465978578047
       321                 3302   -0.379622426490991
       322               3302.1   -0.379827168236498
       323               3302.2   -0.379795484938981
       324               3302.3   -0.379336058090438
       325               3302.4   -0.378392699148099
       326               3302.5   -0.377080066364547
       327               3302.6   -0.375689767640777
       328               3302.7   -0.374593646867607
       329               3302.8   -0.374080659608738
       330               3302.9   -0.374267258529165
       331                 3303   -0.375135070602608
       332               3303.1   -0.376586943779327
       333               3303.2   -0.378420309677344
       334               3303.3   -0.380290611332296
       335               3303.4   -0.381812018613393
       336               3303.5   -0.382776046085228
       337               3303.6   -0.383270964883525
       338               3303.7    -0.38355495449529
       339               3303.8   -0.383824938102241
       340               3303.9   -0.384144774413352
       341                 3304   -0.384565853475431
       342               3304.1   -0.385212270756248
       343               3304.2   -0.386180791865542
       344               3304.3   -0.387390298815985
       345               3304.4   -0.388596549178141
       346               3304.5   -0.389577953437256
       347               3304.6    -0.39028956310911
       348               3304.7   -0.390819513968944
       349               3304.8   -0.391205105647578
       350               3304.9   -0.391325189167013
       351                 3305   -0.391003413148597
       352               3305.1   -0.390217066788643
       353               3305.2    -0.38918041344974
       354               3305.3   -0.388203709014847
       355               3305.4   -0.387463160764681
       356               3305.5   -0.386897487550037
       357               3305.6   -0.386311256844812
       358               3305.7   -0.385572637011236
       359               3305.8   -0.384725822564666
       360               3305.9   -0.383936822466411
       361                 3306   -0.383349220827879
       362               3306.1   -0.382997455510092
       363               3306.2   -0.382847413443802
       364               3306.3   -0.382889876944697
       365               3306.4   -0.383158455480523
       366               3306.5   -0.383644346099332
       367               3306.6   -0.384217367986867
       368               3306.7   -0.384668637588053
       369               3306.8   -0.384857347987023
       370               3306.9   -0.384825366839825
       371                 3307   -0.384761590868525
       372               3307.1   -0.384833609568787
       373               3307.2   -0.385038335981566
       374               3307.3   -0.385223798117449
       375               3307.4    -0.38526867765166
       376               3307.5   -0.385228826268513
       377               3307.6    -0.38528408935993
       378               3307.7    -0.38553961800381
       379               3307.8   -0.385899294249097
       380               3307.9   -0.386142827758725
       381                 3308   -0.386111665835498
       382               3308.1   -0.385806549657631
       383               3308.2   -0.385320100500277
       384               3308.3   -0.384709379833951
       385               3308.4   -0.383952848163492
       386               3308.5   -0.383022640255436
       387               3308.6   -0.381981872944103
       388               3308.7   -0.380995579327854
       389               3308.8   -0.380222718193711
       390               3308.9   -0.379677201945758
       391                 3309   -0.379207413072348
       392               3309.1   -0.378651006218232
       393               3309.2   -0.378030476046473
       394               3309.3   -0.377579851448303
       395               3309.4   -0.377549807389988
       396               3309.5   -0.377964097978519
       397               3309.6   -0.378547758231964
       398               3309.7   -0.378885485935671
       399               3309.8    -0.37867937428024
       400               3309.9   -0.377921036478302
       401                 3310   -0.376877750517021
       402               3310.1   -0.375918806147959
       403               3310.2   -0.375295226661643
       404               3310.3   -0.375007198532442
       405               3310.4   -0.374844204527963
       406               3310.5   -0.374570445561199
       407               3310.6   -0.374114882683827
       408               3310.7   -0.373613167389139
       409               3310.8   -0.373269565433106
       410               3310.9   -0.373163450217435
       411                 3311   -0.373173527554068
       412               3311.1   -0.373077515378419
       413               3311.2   -0.372710125681699
       414               3311.3   -0.372020521218449
       415               3311.4   -0.371018444768552
       416               3311.5   -0.369742062425423
       417               3311.6   -0.368317648647471
       418               3311.7   -0.367002709150993
       419               3311.8   -0.366079022187861
       420               3311.9     -0.3656493645128
       421                 3312   -0.365549473920244
       422               3312.1   -0.365495984463283
       423               3312.2   -0.365341020902188
       424               3312.3   -0.365181629957743
       425               3312.4    -0.36521646300882
       426               3312.5   -0.365494429020067
       427               3312.6   -0.365800795336106
       428               3312.7    -0.36578832893567
       429               3312.8   -0.365227663743647
       430               3312.9   -0.364145451035612
       431                 3313    -0.36274543700445
       432               3313.1   -0.361236983774206
       433               3313.2   -0.359769136516932
       434               3313.3   -0.358498853809258
       435               3313.4   -0.357630725806596
       436               3313.5   -0.357305415982429
       437               3313.6   -0.357430954119136
       438               3313.7   -0.357662270293465
       439               3313.8   -0.357595603520102
       440               3313.9   -0.357014223044898
       441                 3314   -0.355966168592817
       442               3314.1   -0.354638378729619
       443               3314.2   -0.353194311238657
       444               3314.3    -0.35172569854652
       445               3314.4   -0.350289706004325
       446               3314.5   -0.348920778807765
       447               3314.6   -0.347601887007647
       448               3314.7   -0.346263805311874
       449               3314.8   -0.344826184226492
       450               3314.9   -0.343221769094711
       451                 3315   -0.341382619733684
       452               3315.1   -0.339234509444932
       453               3315.2   -0.336725381411404
       454               3315.3   -0.333854960375947
       455               3315.4   -0.330674929651031
       456               3315.5   -0.327268789715738
       457               3315.6   -0.323729183295917
       458               3315.7   -0.320141783714174
       459               3315.8   -0.316587701065845
       460               3315.9   -0.313158629077125
       461                 3316   -0.309938656361715
       462               3316.1   -0.306922447255787
       463               3316.2   -0.303932833240709
       464               3316.3   -0.300656201264914
       465               3316.4    -0.29683000537453
       466               3316.5   -0.292458075203473
       467               3316.6   -0.287862769473834
       468               3316.7   -0.283499303667269
       469               3316.8     -0.2796669572869
       470               3316.9   -0.276346276665826
       471                 3317   -0.273264838132815
       472               3317.1   -0.270090567869338
       473               3317.2   -0.266591690623924
       474               3317.3   -0.262696404406039
       475               3317.4   -0.258467825655989
       476               3317.5   -0.254018618035168
       477               3317.6   -0.249413423866659
       478               3317.7   -0.244654890765741
       479               3317.8   -0.239795192236624
       480               3317.9   -0.235051769453009
       481                 3318   -0.230751237517273
       482               3318.1   -0.227112755481424
       483               3318.2    -0.22409468125013
       484               3318.3   -0.221470067422449
       485               3318.4   -0.219037316273317
       486               3318.5   -0.216753887176307
       487               3318.6   -0.214719748740757
       488               3318.7   -0.213099580052989
       489               3318.8   -0.212061620102586
       490               3318.9   -0.211719432841476
       491                 3319   -0.212062953119601
       492               3319.1   -0.212937222411673
       493               3319.2    -0.21412455943185
       494               3319.3    -0.21548298370811
       495               3319.4   -0.217029307589911
       496               3319.5    -0.21891654540172
       497               3319.6   -0.221345584870417
       498               3319.7   -0.224456432569269
       499               3319.8   -0.228217001357369
       500               3319.9    -0.23236555513562
       501                 3320   -0.236501712302646
       502               3320.1   -0.240326423296862
       503               3320.2   -0.243857251129681
       504               3320.3   -0.247408602914062
       505               3320.4   -0.251317015959767
       506               3320.5   -0.255638689771172
       507               3320.6   -0.260099871474536
       508               3320.7   -0.264362015591216
       509               3320.8   -0.268356677783293
       510               3320.9    -0.27235729540873
       511                 3321   -0.276710506095054
       512               3321.1   -0.281499569626249
       513               3321.2   -0.286472132998756
       514               3321.3   -0.291274598115041
       515               3321.4   -0.295739049997592
       516               3321.5    -0.29997548937141
       517               3321.6   -0.304252446911239
       518               3321.7   -0.308809520750964
       519               3321.8   -0.313720678461933
       520               3321.9   -0.318846674723093
       521                 3322   -0.323889938279548
       522               3322.1   -0.328543583133462
       523               3322.2   -0.332651766473292
       524               3322.3   -0.336256213795463
       525               3322.4   -0.339488834838801
       526               3322.5    -0.34241351741939
       527               3322.6   -0.344963649625726
       528               3322.7   -0.347022510681848
       529               3322.8    -0.34856035637851
       530               3322.9   -0.349700754134219
       531                 3323   -0.350664257375671
       532               3323.1   -0.351647648746431
       533               3323.2   -0.352737334401003
       534               3323.3   -0.353903083060519
       535               3323.4   -0.355047565947352
       536               3323.5   -0.356069695437844
       537               3323.6    -0.35692110990623
       538               3323.7   -0.357643137140644
       539               3323.8   -0.358364230774372
       540               3323.9   -0.359247563527346
       541                 3324   -0.360406333461661
       542               3324.1   -0.361829891669734
       543               3324.2   -0.363375076829843
       544               3324.3   -0.364848223891025
       545               3324.4   -0.366122763427031
       546               3324.5   -0.367186862792415
       547               3324.6   -0.368088135546822
       548               3324.7   -0.368861158462536
       549               3324.8   -0.369519431514671
       550               3324.9   -0.370080903112745
       551                 3325   -0.370558109222441
       552               3325.1    -0.37092340686816
       553               3325.2   -0.371106452727687
       554               3325.3   -0.371034368120775
       555               3325.4   -0.370692601129182
       556               3325.5    -0.37019556462573
       557               3325.6   -0.369814519994048
       558               3325.7    -0.36985771268987
       559               3325.8   -0.370412854498244
       560               3325.9   -0.371184944793651
       561                 3326   -0.371659225490968
       562               3326.1   -0.371495390382447
       563               3326.2    -0.37078841672651
       564               3326.3    -0.36995544673899
       565               3326.4   -0.369376814668803
       566               3326.5   -0.369125720456043
       567               3326.6   -0.368993454503134
       568               3326.7   -0.368730674149548
       569               3326.8   -0.368262122557148
       570               3326.9   -0.367713619666275
       571                 3327   -0.367285432767776
       572               3327.1   -0.367101865883315
       573               3327.2   -0.367122907133007
       574               3327.3   -0.367147367657998
       575               3327.4   -0.366920860500442
       576               3327.5   -0.366309055823386
       577               3327.6   -0.365411780670169
       578               3327.7   -0.364513244513343
       579               3327.8   -0.363911934591034
       580               3327.9   -0.363773500636286
       581                 3328   -0.364087291072107
       582               3328.1    -0.36469828418744
       583               3328.2   -0.365368822887777
       584               3328.3    -0.36585834255528
       585               3328.4   -0.366001940469513
       586               3328.5   -0.365746601437904
       587               3328.6   -0.365131516662509
       588               3328.7   -0.364246366320177
       589               3328.8   -0.363204679855087
       590               3328.9   -0.362135786515207
       591                 3329   -0.361172005055544
       592               3329.1   -0.360404675233478
       593               3329.2   -0.359814210843246
       594               3329.3   -0.359239691609648
       595               3329.4   -0.358465159876498
       596               3329.5   -0.357394170987162
       597               3329.6   -0.356156564416855
       598               3329.7   -0.355023004532226
       599               3329.8   -0.354193409626474
       600               3329.9   -0.353657244838913
       601                 3330   -0.353243106148182
       602               3330.1   -0.352784928775751
       603               3330.2   -0.352244034181657
       604               3330.3   -0.351705233222135
       605               3330.4   -0.351290640022758
       606               3330.5   -0.351077214026498
       607               3330.6   -0.351062411542585
       608               3330.7   -0.351172114430029
       609               3330.8   -0.351288130908414
       610               3330.9   -0.351285554778536
       611                 3331   -0.351090645325022
       612               3331.1   -0.350755807432744
       613               3331.2   -0.350492339044537
       614               3331.3   -0.350589987667241
       615               3331.4    -0.35125126299459
       616               3331.5   -0.352473673873221
       617               3331.6   -0.354073249457802
       618               3331.7   -0.355802505481394
       619               3331.8   -0.357454903201357
       620               3331.9   -0.358908849186607
       621                 3332   -0.360126332252583
       622               3332.1   -0.361119436199896
       623               3332.2   -0.361898923869332
       624               3332.3   -0.362461746048932
       625               3332.4   -0.362874286804808
       626               3332.5   -0.363398187210926
       627               3332.6   -0.364495933812517
       628               3332.7   -0.366622834887275
       629               3332.8   -0.369934805764329
       630               3332.9   -0.374165158659958
       631                 3333   -0.378784248739655
       632               3333.1   -0.383296865939242
       633               3333.2   -0.387427185946646
       634               3333.3   -0.391080864306446
       635               3333.4   -0.394197525232849
       636               3333.5   -0.396686629749238
       637               3333.6   -0.398507137678573
       638               3333.7   -0.399774680036713
       639               3333.8   -0.400774941667979
       640               3333.9   -0.401900602353465
       641                 3334   -0.403580032184989
       642               3334.1   -0.406177094504745
       643               3334.2   -0.409829990864058
       644               3334.3   -0.414336583480519
       645               3334.4   -0.419236506353845
       646               3334.5   -0.424051846217217
       647               3334.6   -0.428481326812826
       648               3334.7   -0.432432578911387
       649               3334.8   -0.435965820907626
       650               3334.9   -0.439246624436628
       651                 3335   -0.442495762523202
       652               3335.1   -0.445885687693254
       653               3335.2    -0.44941765441545
       654               3335.3   -0.452890340285031
       655               3335.4   -0.456021517027187
       656               3335.5   -0.458636833977312
       657               3335.6   -0.460753149951026
       658               3335.7   -0.462482454236071
       659               3335.8   -0.463877015914506
       660               3335.9   -0.464898443824165
       661                 3336    -0.46554434190639
       662               3336.1   -0.465979603478246
       663               3336.2   -0.466497178838911
       664               3336.3   -0.467293551513789
       665               3336.4   -0.468242455060999
       666               3336.5   -0.468899925100781
       667               3336.6   -0.468784433900935
       668               3336.7   -0.467701272979462
       669               3336.8   -0.465830046812058
       670               3336.9   -0.463541458789486
       671                 3337   -0.461147925919038
       672               3337.1   -0.458764467360631
       673               3337.2   -0.456296760995643
       674               3337.3   -0.453513129519925
       675               3337.4   -0.450165403464191
       676               3337.5   -0.446092650939805
       677               3337.6   -0.441243382458895
       678               3337.7   -0.435646850822177
       679               3337.8   -0.429414018341909
       680               3337.9   -0.422756291710847
       681                 3338   -0.415925762583344
       682               3338.1   -0.409060521356777
       683               3338.2   -0.402059139238393
       684               3338.3   -0.394610670190954
       685               3338.4   -0.386371161266342
       686               3338.5   -0.377169562238678
       687               3338.6   -0.367127571459403
       688               3338.7   -0.356631872469926
       689               3338.8    -0.34615623581245
       690               3338.9   -0.336010361161025
       691                 3339   -0.326161581862702
       692               3339.1    -0.31624806666962
       693               3339.2   -0.305778237737655
       694               3339.3    -0.29440175621607
       695               3339.4   -0.282109471769277
       696               3339.5   -0.269248609430682
       697               3339.6   -0.256323558332475
       698               3339.7    -0.24370170986271
       699               3339.8   -0.231442742601669
       700               3339.9   -0.219367639448379
       701                 3340   -0.207258886424249
       702               3340.1   -0.194995744962993
       703               3340.2   -0.182555047670892
       704               3340.3   -0.169951023403003
       705               3340.4   -0.157194605971274
       706               3340.5   -0.144291437297134
       707               3340.6   -0.131266561690979
       708               3340.7   -0.118193289615959
       709               3340.8   -0.105197805975707
       710               3340.9  -0.0924325072502068
       711                 3341  -0.0800363677141235
       712               3341.1  -0.0680876217538201
       713               3341.2  -0.0565443213410282
       714               3341.3  -0.0452129271922878
       715               3341.4  -0.0338111603980272
       716               3341.5  -0.0221117102504847
       717               3341.6  -0.0100553408210821
       718               3341.7  0.00224460957846139
       719               3341.8   0.0145613981836639
       720               3341.9   0.0265952067857427
       721                 3342   0.0379883171933725
       722               3342.1   0.0483621213189853
       723               3342.2   0.0573887218353491
       724               3342.3   0.0648619586386789
       725               3342.4   0.0707270073331096
       726               3342.5   0.0750433673096741
       727               3342.6   0.0778841585582055
       728               3342.7   0.0792275499868901
       729               3342.8   0.0789277287965167
       730               3342.9   0.0767927871474645
       731                 3343   0.0726880941244062
       732               3343.1   0.0665655158179586
       733               3343.2   0.0584194844833032
       734               3343.3     0.04824444565712
       735               3343.4   0.0360223534703306
       736               3343.5   0.0217086524978978
       737               3343.6  0.00521582750705585
       738               3343.7  -0.0135604063158809
       739               3343.8  -0.0346681768238409
       740               3343.9  -0.0580427713876081
       741                 3344  -0.0835071672841894
       742               3344.1   -0.110787033350161
       743               3344.2   -0.139482758043354
       744               3344.3   -0.169033100479969
       745               3344.4   -0.198778138039581
       746               3344.5    -0.22815002722361
       747               3344.6   -0.256850640966758
       748               3344.7   -0.284835040696255
       749               3344.8   -0.312097509823658
       750               3344.9   -0.338460669391457
       751                 3345   -0.363563838652864
       752               3345.1   -0.387051680829445
       753               3345.2   -0.408790155409706
       754               3345.3   -0.428925090748155
       755               3345.4   -0.447726093484957
       756               3345.5   -0.465326556794703
       757               3345.6   -0.481566121540216
       758               3345.7   -0.496073257546076
       759               3345.8   -0.508522176390155
       760               3345.9   -0.518843565949242
       761                 3346   -0.527226423697703
       762               3346.1   -0.533959618702564
       763               3346.2   -0.539296080179647
       764               3346.3   -0.543447327602718
       765               3346.4   -0.546648805155884
       766               3346.5   -0.549180426079149
       767               3346.6   -0.551314995712996
       768               3346.7   -0.553256838189502
       769               3346.8   -0.555121409990101
       770               3346.9   -0.556943110421203
       771                 3347   -0.558674567387214
       772               3347.1   -0.560171254555275
       773               3347.2   -0.561196286830896
       774               3347.3   -0.561489528216099
       775               3347.4   -0.560900107112655
       776               3347.5   -0.559502031418403
       777               3347.6    -0.55758222523868
       778               3347.7   -0.555477782753069
       779               3347.8   -0.553382940864603
       780               3347.9   -0.551294270264334
       781                 3348   -0.549150410619967
       782               3348.1   -0.547050627207321
       783               3348.2   -0.545358476992577
       784               3348.3   -0.544576970685084
       785               3348.4   -0.545056671267913
       786               3348.5   -0.546737900540352
       787               3348.6   -0.549125417633345
       788               3348.7    -0.55153549629482
       789               3348.8   -0.553446685626798
       790               3348.9   -0.554699604948214
       791                 3349     -0.5554267385867
       792               3349.1   -0.555839833155147
       793               3349.2   -0.556106478678364
       794               3349.3   -0.556392527634168
       795               3349.4   -0.556923205508135
       796               3349.5   -0.557900946008587
       797               3349.6   -0.559318996803217
       798               3349.7   -0.560861627898967
       799               3349.8   -0.562008491594669
       800               3349.9   -0.562276939952579
       801                 3350   -0.561444810134213
       802               3350.1    -0.55964008349217
       803               3350.2   -0.557272582819375
       804               3350.3   -0.554851110223614
       805               3350.4   -0.552776767570502
       806               3350.5   -0.551222149839674
       807               3350.6   -0.550154183776947
       808               3350.7   -0.549443622879611
       809               3350.8    -0.54894322649403
       810               3350.9   -0.548495794611699
       811                 3351   -0.547943265940245
       812               3351.1   -0.547181490806839
       813               3351.2   -0.546194165162855
       814               3351.3    -0.54500260834663
       815               3351.4    -0.54359182268147
       816               3351.5   -0.541915482358151
       817               3351.6   -0.539975695953746
       818               3351.7    -0.53788486633451
       819               3351.8   -0.535854311292705
       820               3351.9   -0.534118399963705
       821                 3352   -0.532812501260788
       822               3352.1   -0.531848118983504
       823               3352.2   -0.530893209320941
       824               3352.3   -0.529540398141593
       825               3352.4   -0.527577741638806
       826               3352.5   -0.525142938093286
       827               3352.6   -0.522624006003766
       828               3352.7    -0.52039634943033
       829               3352.8   -0.518619971044862
       830               3352.9   -0.517233609919344
       831                 3353   -0.516082392867465
       832               3353.1   -0.515016019186721
       833               3353.2   -0.513883090224775
       834               3353.3   -0.512497388534616
       835               3353.4   -0.510682659644056
       836               3353.5   -0.508388426380585
       837               3353.6    -0.50575303246352
       838               3353.7   -0.503015503818258
       839               3353.8   -0.500336489047736
       840               3353.9   -0.497707201545456
       841                 3354    -0.49503880621095
       842               3354.1    -0.49231011521949
       843               3354.2   -0.489587950934459
       844               3354.3   -0.486921529225335
       845               3354.4   -0.484284768606754
       846               3354.5   -0.481649436080954
       847               3354.6   -0.479068345156115
       848               3354.7   -0.476638320096412
       849               3354.8   -0.474391393364314
       850               3354.9    -0.47226003079218
       851                 3355   -0.470162058482412
       852               3355.1   -0.468109151576433
       853               3355.2   -0.466223567090777
       854               3355.3   -0.464640143519089
       855               3355.4   -0.463373438914584
       856               3355.5   -0.462269235584417
       857               3355.6   -0.461098103939453
       858               3355.7   -0.459714783221877
       859               3355.8   -0.458133925947092
       860               3355.9    -0.45646345804047
       861                 3356   -0.454787642311255
       862               3356.1   -0.453114006720371
       863               3356.2   -0.451396633417718
       864               3356.3   -0.449585292370547
       865               3356.4   -0.447668793147581
       866               3356.5   -0.445690498999337
       867               3356.6   -0.443709032565716
       868               3356.7   -0.441731606726031
       869               3356.8   -0.439710891887848
       870               3356.9   -0.437639492605809
       871                 3357   -0.435640220004959
       872               3357.1    -0.43393006410998
       873               3357.2   -0.432677935846419
       874               3357.3   -0.431890896370692
       875               3357.4   -0.431407592393136
       876               3357.5   -0.430961592825055
       877               3357.6   -0.430270208906425
       878               3357.7   -0.429161255397075
       879               3357.8   -0.427712319973215
       880               3357.9   -0.426273428230361
       881                 3358    -0.42527281558567
       882               3358.1   -0.424904137382052
       883               3358.2   -0.424939637030809
       884               3358.3   -0.424827200888999
       885               3358.4   -0.424003502689489
       886               3358.5   -0.422209790982374
       887               3358.6   -0.419623701073677
       888               3358.7   -0.416752876246563
       889               3358.8   -0.414170484487886
       890               3358.9   -0.412246474938912
       891                 3359   -0.411018936966139
       892               3359.1   -0.410262631064017
       893               3359.2   -0.409689711464261
       894               3359.3   -0.409139760697598
       895               3359.4   -0.408643631926149
       896               3359.5   -0.408349907458258
       897               3359.6   -0.408382446658599
       898               3359.7   -0.408700819048235
       899               3359.8   -0.409022086225875
       900               3359.9   -0.408879771752211
       901                 3360   -0.407863991152706
       902               3360.1   -0.405933227005939
       903               3360.2   -0.403544371763331
       904               3360.3   -0.401432525065235
       905               3360.4   -0.400171378354004
       906               3360.5   -0.399861882880959
       907               3360.6   -0.400184320132385
       908               3360.7   -0.400710631359849
       909               3360.8   -0.401163800570455
       910               3360.9   -0.401437365082116
       911                 3361   -0.401475350840508
       912               3361.1   -0.401221856588322
       913               3361.2   -0.400693874095123
       914               3361.3   -0.400049821381164
       915               3361.4   -0.399539224980003
       916               3361.5   -0.399364437778155
       917               3361.6    -0.39956528518947
       918               3361.7   -0.399993979289286
       919               3361.8   -0.400382072193994
       920               3361.9   -0.400480165179921
       921                 3362   -0.400224404792581
       922               3362.1   -0.399822635424626
       923               3362.2   -0.399653069465016
       924               3362.3   -0.400009345814096
       925               3362.4   -0.400889126113698
       926               3362.5   -0.402001676103022
       927               3362.6    -0.40296677875995
       928               3362.7   -0.403528762037078
       929               3362.8   -0.403655642285594
       930               3362.9    -0.40351207980278
       931                 3363   -0.403341282138463
       932               3363.1   -0.403302138233812
       933               3363.2   -0.403351229463677
       934               3363.3   -0.403268337892518
       935               3363.4   -0.402824835261897
       936               3363.5   -0.401965230902567
       937               3363.6   -0.400855158642896
       938               3363.7   -0.399768301528848
       939               3363.8   -0.398922092197696
       940               3363.9   -0.398396547337171
       941                 3364   -0.398169591175987
       942               3364.1   -0.398191493243462
       943               3364.2   -0.398415044106223
       944               3364.3   -0.398774871641677
       945               3364.4   -0.399154187104995
       946               3364.5   -0.399359314427372
       947               3364.6   -0.399122640311229
       948               3364.7   -0.398186619118044
       949               3364.8   -0.396478081839481
       950               3364.9   -0.394250626600861
       951                 3365   -0.392032140781009
       952               3365.1   -0.390374832660647
       953               3365.2   -0.389596767742352
       954               3365.3   -0.389694372856027
       955               3365.4   -0.390426776348089
       956               3365.5   -0.391455322200737
       957               3365.6   -0.392458976535283
       958               3365.7   -0.393216008092741
       959               3365.8   -0.393646550886251
       960               3365.9   -0.393801360844039
       961                 3366   -0.393809098750651
       962               3366.1   -0.393812482643829
       963               3366.2   -0.393908013696077
       964               3366.3   -0.394102471831381
       965               3366.4    -0.39431952056683
       966               3366.5   -0.394472110148865
       967               3366.6   -0.394552749361119
       968               3366.7   -0.394656693498966
       969               3366.8   -0.394894966474353
       970               3366.9   -0.395254220512534
       971                 3367   -0.395541402487612
       972               3367.1   -0.395508435031841
       973               3367.2    -0.39507030844227
       974               3367.3   -0.394393800700291
       975               3367.4   -0.393747171930847
       976               3367.5   -0.393264884032436
       977               3367.6   -0.392872024403932
       978               3367.7   -0.392421757977077
       979               3367.8   -0.391871531811885
       980               3367.9   -0.391314732570364
       981                 3368   -0.390864219171373
       982               3368.1   -0.390534061672148
       983               3368.2   -0.390239257700933
       984               3368.3   -0.389888443401219
       985               3368.4   -0.389460021786442
       986               3368.5   -0.389007886548187
       987               3368.6   -0.388630956478144
       988               3368.7   -0.388443152924521
       989               3368.8   -0.388537773145226
       990               3368.9   -0.388943612046694
       991                 3369   -0.389600792106541
       992               3369.1    -0.39037738526545
       993               3369.2   -0.391116136938318
       994               3369.3   -0.391689986862037
       995               3369.4   -0.392050880061158
       996               3369.5   -0.392254064579718
       997               3369.6   -0.392435650989808
       998               3369.7   -0.392732761294173
       999               3369.8   -0.393171822734677
      1000               3369.9   -0.393603111992098
      1001                 3370   -0.393773227773283
      1002               3370.1   -0.393529563436134
      1003               3370.2   -0.392990079805297
      1004               3370.3   -0.392485935960845
      1005               3370.4   -0.392296366374909
      1006               3370.5   -0.392432315650411
      1007               3370.6   -0.392680840714507
      1008               3370.7   -0.392829522918216
      1009               3370.8   -0.392814822341711
      1010               3370.9   -0.392681391356038
      1011                 3371   -0.392476299268385
      1012               3371.1   -0.392230282914615
      1013               3371.2   -0.392017628486284
      1014               3371.3   -0.391977650881096
      1015               3371.4   -0.392235416492628
      1016               3371.5   -0.392778402982007
      1017               3371.6   -0.393400213156459
      1018               3371.7   -0.393777943254997
      1019               3371.8   -0.393650380803542
      1020               3371.9   -0.392982822038788
      1021                 3372    -0.39200075047915
      1022               3372.1   -0.391058403626558
      1023               3372.2   -0.390428641164235
      1024               3372.3   -0.390166690210317
      1025               3372.4    -0.39014157606223
      1026               3372.5   -0.390187286862969
      1027               3372.6   -0.390244600590856
      1028               3372.7   -0.390409879388628
      1029               3372.8   -0.390879620362211
      1030               3372.9   -0.391802297196529
      1031                 3373    -0.39309672534741
      1032               3373.1   -0.394390816154171
      1033               3373.2   -0.395205967080483
      1034               3373.3   -0.395281134401318
      1035               3373.4   -0.394747699563542
      1036               3373.5   -0.393999496037522
      1037               3373.6   -0.393412766300953
      1038               3373.7   -0.393178708991557
      1039               3373.8   -0.393320793439257
      1040               3373.9    -0.39376625845981
      1041                 3374   -0.394368202289736
      1042               3374.1   -0.394928019964204
      1043               3374.2   -0.395297937106239
      1044               3374.3   -0.395509729813582
      1045               3374.4   -0.395779813379295
      1046               3374.5   -0.396338760343828
      1047               3374.6   -0.397226480483164
      1048               3374.7   -0.398251452210904
      1049               3374.8   -0.399152038043777
      1050               3374.9   -0.399790981010777
      1051                 3375    -0.40019243648051
      1052               3375.1   -0.400417449931925
      1053               3375.2   -0.400449051315482
      1054               3375.3   -0.400220573664041
      1055               3375.4    -0.39973301220456
      1056               3375.5   -0.399106938467058
      1057               3375.6   -0.398507595372323
      1058               3375.7   -0.398032018239974
      1059               3375.8   -0.397679710995775
      1060               3375.9   -0.397431195510547
      1061                 3376   -0.397345661704944
      1062               3376.1    -0.39756511134849
      1063               3376.2   -0.398204032614684
      1064               3376.3   -0.399231877599831
      1065               3376.4   -0.400476819517893
      1066               3376.5   -0.401748546291397
      1067               3376.6   -0.402947379395891
      1068               3376.7   -0.404064908737447
      1069               3376.8   -0.405127672693867
      1070               3376.9   -0.406180198965619
      1071                 3377   -0.407296992675747
      1072               3377.1   -0.408540474569944
      1073               3377.2   -0.409876037527764
      1074               3377.3   -0.411170257885931
      1075               3377.4    -0.41231880876333
      1076               3377.5   -0.413355556631566
      1077               3377.6   -0.414383606618888
      1078               3377.7   -0.415400743659604
      1079               3377.8   -0.416249816735227
      1080               3377.9   -0.416774736272954
      1081                 3378   -0.417004691525373
      1082               3378.1   -0.417163752078385
      1083               3378.2   -0.417515952725736
      1084               3378.3   -0.418212092757647
      1085               3378.4   -0.419239462549306
      1086               3378.5   -0.420440943665305
      1087               3378.6   -0.421558151932336
      1088               3378.7   -0.422319229169468
      1089               3378.8   -0.422576334925642
      1090               3378.9   -0.422410568465777
      1091                 3379   -0.422109360852033
      1092               3379.1    -0.42201456609179
      1093               3379.2   -0.422332230766476
      1094               3379.3   -0.423022280808597
      1095               3379.4   -0.423848646585009
      1096               3379.5   -0.424563321796288
      1097               3379.6   -0.425080524019592
      1098               3379.7   -0.425505217579277
      1099               3379.8   -0.426024844248792
      1100               3379.9    -0.42678108887143
      1101                 3380   -0.427807349302118
      1102               3380.1   -0.429042887806201
      1103               3380.2   -0.430403023283293
      1104               3380.3   -0.431856869703572
      1105               3380.4   -0.433435771010007
      1106               3380.5   -0.435149494878879
      1107               3380.6   -0.436905001624488
      1108               3380.7   -0.438544524878419
      1109               3380.8   -0.439980956579788
      1110               3380.9   -0.441269257718892
      1111                 3381   -0.442503742287515
      1112               3381.1   -0.443638457994084
      1113               3381.2   -0.444444811153473
      1114               3381.3   -0.444680344160726
      1115               3381.4   -0.444297860243795
      1116               3381.5   -0.443482551655604
      1117               3381.6    -0.44251612880838
      1118               3381.7   -0.441644498041345
      1119               3381.8   -0.441050010976835
      1120               3381.9    -0.44084979057133
      1121                 3382    -0.44103491876648
      1122               3382.1   -0.441421138432528
      1123               3382.2   -0.441728545314809
      1124               3382.3   -0.441743118794423
      1125               3382.4    -0.44138376434569
      1126               3382.5   -0.440622293246231
      1127               3382.6   -0.439410918778265
      1128               3382.7    -0.43775589247801
      1129               3382.8   -0.435856278181434
      1130               3382.9   -0.434104594611547
      1131                 3383   -0.432879398057968
      1132               3383.1   -0.432293640232386
      1133               3383.2   -0.432138714013716
      1134               3383.3   -0.432089564773237
      1135               3383.4   -0.431978988201661
      1136               3383.5   -0.431881685388109
      1137               3383.6   -0.431945808962866
      1138               3383.7   -0.432154504439804
      1139               3383.8   -0.432244778704445
      1140               3383.9   -0.431846373326594
      1141                 3384   -0.430714659619472
      1142               3384.1    -0.42888186748149
      1143               3384.2   -0.426647828226595
      1144               3384.3   -0.424451802989902
      1145               3384.4   -0.422702332969911
      1146               3384.5   -0.421620721053863
      1147               3384.6    -0.42115934972579
      1148               3384.7   -0.421056043421776
      1149               3384.8   -0.420993120075027
      1150               3384.9   -0.420721527081207
      1151                 3385   -0.420063201356618
      1152               3385.1   -0.418878397813151
      1153               3385.2   -0.417122569524803
      1154               3385.3   -0.414949707088694
      1155               3385.4   -0.412703344720297
      1156               3385.5   -0.410756119429454
      1157               3385.6   -0.409335075021645
      1158               3385.7   -0.408460180523574
      1159               3385.8   -0.407984567336125
      1160               3385.9   -0.407666314322715
      1161                 3386   -0.407251464109301
      1162               3386.1   -0.406575933653037
      1163               3386.2   -0.405651596146706
      1164               3386.3   -0.404668499944813
      1165               3386.4   -0.403888388928459
      1166               3386.5   -0.403492687103384
      1167               3386.6   -0.403489113021889
      1168               3386.7   -0.403728888728814
      1169               3386.8   -0.404001005300142
      1170               3386.9   -0.404137152478024
      1171                 3387   -0.404078536815659
      1172               3387.1   -0.403873514180067
      1173               3387.2   -0.403601030277729
      1174               3387.3   -0.403274770704419
      1175               3387.4   -0.402818720359507
      1176               3387.5   -0.402142890998062
      1177               3387.6   -0.401240961681296
      1178               3387.7   -0.400211710913251
      1179               3387.8   -0.399197345160478
      1180               3387.9    -0.39831360355151
      1181                 3388   -0.397627006361218
      1182               3388.1   -0.397167443783782
      1183               3388.2   -0.396944715847395
      1184               3388.3   -0.396961305657088
      1185               3388.4   -0.397217171136048
      1186               3388.5   -0.397689920967249
      1187               3388.6   -0.398299116419912
      1188               3388.7   -0.398905543183513
      1189               3388.8   -0.399373628951805
      1190               3388.9   -0.399646410963945
      1191                 3389   -0.399757506728864
      1192               3389.1   -0.399771605004502
      1193               3389.2   -0.399710110667588
      1194               3389.3   -0.399511601495664
      1195               3389.4   -0.399044477538525
      1196               3389.5   -0.398178288837099
      1197               3389.6   -0.396890800309487
      1198               3389.7   -0.395325246850904
      1199               3389.8   -0.393714615603467
      1200               3389.9   -0.392220003924379
      1201                 3390   -0.390851932721553
      1202               3390.1   -0.389568855238839
      1203               3390.2    -0.38843469053864
      1204               3390.3   -0.387641870551169
      1205               3390.4   -0.387375775124633
      1206               3390.5   -0.387679814528388
      1207               3390.6   -0.388441571636596
      1208               3390.7   -0.389456545293872
      1209               3390.8   -0.390484169174191
      1210               3390.9   -0.391296376342975
      1211                 3391   -0.391741714576745
      1212               3391.1   -0.391780789153759
      1213               3391.2   -0.391449631152045
      1214               3391.3   -0.390801912088926
      1215               3391.4   -0.389910148386314
      1216               3391.5   -0.388915480922591
      1217               3391.6   -0.388042109790923
      1218               3391.7   -0.387530269803385
      1219               3391.8   -0.387524768465375
      1220               3391.9   -0.387997014253753
      1221                 3392   -0.388761890422585
      1222               3392.1   -0.389587851279934
      1223               3392.2   -0.390321647045439
      1224               3392.3   -0.390934491827623
      1225               3392.4   -0.391473539275508
      1226               3392.5   -0.391979415242956
      1227               3392.6   -0.392424123052668
      1228               3392.7   -0.392689846491592
      1229               3392.8   -0.392616233589225
      1230               3392.9   -0.392125522089729
      1231                 3393   -0.391338210291956
      1232               3393.1   -0.390544335276181
      1233               3393.2   -0.390018638359677
      1234               3393.3   -0.389835822104867
      1235               3393.4   -0.389841072868982
      1236               3393.5     -0.3897737471503
      1237               3393.6   -0.389423335745827
      1238               3393.7   -0.388713299249826
      1239               3393.8   -0.387693090173727
      1240               3393.9   -0.386484261302647
      1241                 3394   -0.385238406656257
      1242               3394.1   -0.384125644208768
      1243               3394.2   -0.383322289488408
      1244               3394.3   -0.382960490200528
      1245               3394.4   -0.383053304279122
      1246               3394.5   -0.383465042535696
      1247               3394.6   -0.383985273661165
      1248               3394.7   -0.384469880897991
      1249               3394.8   -0.384927141704004
      1250               3394.9   -0.385463725548731
      1251                 3395   -0.386139186295144
      1252               3395.1   -0.386864634598299
      1253               3395.2   -0.387442081486269
      1254               3395.3   -0.387721948869551
      1255               3395.4   -0.387745814130767
      1256               3395.5   -0.387726254715486
      1257               3395.6   -0.387845441701688
      1258               3395.7   -0.388039894942064
      1259               3395.8   -0.387984179705793
      1260               3395.9   -0.387320721825352
      1261                 3396   -0.385963113475734
      1262               3396.1   -0.384223757999585
      1263               3396.2   -0.382640110334675
      1264               3396.3   -0.381610639506913
      1265               3396.4   -0.381124020795532
      1266               3396.5   -0.380804676451379
      1267               3396.6   -0.380231325066702
      1268               3396.7   -0.379262272265919
      1269               3396.8   -0.378128605009991
      1270               3396.9   -0.377269671799384
      1271                 3397   -0.377061015037697
      1272               3397.1   -0.377605082360034
      1273               3397.2   -0.378678342315598
      1274               3397.3   -0.379849820295013
      1275               3397.4   -0.380718369794849
      1276               3397.5   -0.381139854797585
      1277               3397.6    -0.38128470060292
      1278               3397.7   -0.381467141039252
      1279               3397.8   -0.381879902546885
      1280               3397.9   -0.382464950630113
      1281                 3398   -0.383024706793202
      1282               3398.1   -0.383441285834543
      1283               3398.2   -0.383774585930458
      1284               3398.3   -0.384156573924242
      1285               3398.4   -0.384619581711304
      1286               3398.5   -0.385049719227886
      1287               3398.6   -0.385306800141392
      1288               3398.7   -0.385378789421598
      1289               3398.8   -0.385409839408364
      1290               3398.9   -0.385562169624149
      1291                 3399    -0.38582794603727
      1292               3399.1   -0.385967770206446
      1293               3399.2   -0.385660363211155
      1294               3399.3   -0.384769925157293
      1295               3399.4   -0.383521235860541
      1296               3399.5    -0.38242447813636
      1297               3399.6   -0.381984213682999
      1298               3399.7   -0.382405744781149
      1299               3399.8   -0.383513302655837
      1300               3399.9   -0.384909296698189
      1301                 3400   -0.386214129241327
      1302               3400.1   -0.387210043087406
      1303               3400.2   -0.387841810044988
      1304               3400.3   -0.388136023763931
      1305               3400.4    -0.38811361612893
      1306               3400.5    -0.38774506021215
      1307               3400.6   -0.386973643634124
      1308               3400.7   -0.385784022144781
      1309               3400.8   -0.384246463089032
      1310               3400.9   -0.382496733711343
      1311                 3401   -0.380692198381748
      1312               3401.1    -0.37899831068975
      1313               3401.2   -0.377590033721527
      1314               3401.3    -0.37661885653341
      1315               3401.4   -0.376152936494959
      1316               3401.5   -0.376150238774176
      1317               3401.6   -0.376490635300946
      1318               3401.7   -0.377030183407682
      1319               3401.8   -0.377640652488586
      1320               3401.9   -0.378240830051381
      1321                 3402   -0.378826706420995
      1322               3402.1   -0.379460574693119
      1323               3402.2    -0.38018033139774
      1324               3402.3   -0.380885159647527
      1325               3402.4   -0.381332280872338
      1326               3402.5    -0.38130027376587
      1327               3402.6   -0.380787064100455
      1328               3402.7   -0.380044132657727
      1329               3402.8   -0.379410486232869
      1330               3402.9   -0.379108793445495
      1331                 3403   -0.379163757768708
      1332               3403.1   -0.379443715339135
      1333               3403.2   -0.379737730874521
      1334               3403.3   -0.379829073881398
      1335               3403.4   -0.379577183622913
      1336               3403.5   -0.378988586344167
      1337               3403.6   -0.378214310129402
      1338               3403.7   -0.377450906677628
      1339               3403.8    -0.37682482519866
      1340               3403.9   -0.376379550161386
      1341                 3404   -0.376174547321411
      1342               3404.1   -0.376353075640262
      1343               3404.2   -0.377053764062751
      1344               3404.3   -0.378236243688847
      1345               3404.4   -0.379615812365832
      1346               3404.5   -0.380792755002787
      1347               3404.6   -0.381461429325563
      1348               3404.7   -0.381529450679648
      1349               3404.8   -0.381101749928736
      1350               3404.9   -0.380413727653126
      1351                 3405   -0.379781445244299
      1352               3405.1    -0.37953111822238
      1353               3405.2   -0.379858953054965
      1354               3405.3   -0.380696639636846
      1355               3405.4   -0.381728499667191
      1356               3405.5   -0.382577322369831
      1357               3405.6   -0.382991869715083
      1358               3405.7   -0.382880126746081
      1359               3405.8   -0.382229362763563
      1360               3405.9   -0.381073710974968
      1361                 3406   -0.379562244857904
      1362               3406.1   -0.378004016590156
      1363               3406.2   -0.376762668416541
      1364               3406.3   -0.376052429564973
      1365               3406.4   -0.375824642207059
      1366               3406.5   -0.375854738461455
      1367               3406.6   -0.375936555062698
      1368               3406.7   -0.376002576344677
      1369               3406.8   -0.376093465970174
      1370               3406.9   -0.376242751036548
      1371                 3407   -0.376380837749701
      1372               3407.1   -0.376329654854212
      1373               3407.2   -0.375913235521823
      1374               3407.3   -0.375121112712925
      1375               3407.4   -0.374167419965028
      1376               3407.5   -0.373343886895797
      1377               3407.6   -0.372781415419957
      1378               3407.7   -0.372363294634326
      1379               3407.8   -0.371882283921481
      1380               3407.9   -0.371267141314673
      1381                 3408   -0.370644474779267
      1382               3408.1    -0.37020912166152
      1383               3408.2   -0.370078495151039
      1384               3408.3   -0.370268200939213
      1385               3408.4   -0.370746925974363
      1386               3408.5   -0.371462824218832
      1387               3408.6   -0.372326271845997
      1388               3408.7   -0.373212428480918
      1389               3408.8   -0.374012398440669
      1390               3408.9   -0.374688470671564
      1391                 3409    -0.37526810996029
      1392               3409.1   -0.375759736157918
      1393               3409.2   -0.376059725434416
      1394               3409.3   -0.375963586170586
      1395               3409.4   -0.375312148628749
      1396               3409.5   -0.374154383640436
      1397               3409.6   -0.372773020289892
      1398               3409.7   -0.371552103614712
      1399               3409.8   -0.370801802692751
      1400               3409.9   -0.370652003868691
      1401                 3410   -0.371044674318212
      1402               3410.1   -0.371808303032199
      1403               3410.2   -0.372775306074092
      1404               3410.3   -0.373869288068063
      1405               3410.4   -0.375097141938954
      1406               3410.5   -0.376462103306575
      1407               3410.6   -0.377881025755588
      1408               3410.7   -0.379166913222803
      1409               3410.8   -0.380074953299645
      1410               3410.9   -0.380380230715594
      1411                 3411   -0.379952834874919
      1412               3411.1   -0.378798708790091
      1413               3411.2   -0.377057324514273
      1414               3411.3   -0.374978508778759
      1415               3411.4   -0.372890207980114
      1416               3411.5   -0.371132610134912
      1417               3411.6   -0.369953901652444
      1418               3411.7   -0.369430292526603
      1419               3411.8    -0.36947328800276
      1420               3411.9    -0.36990161781073
      1421                 3412   -0.370509720596375
      1422               3412.1   -0.371112923502898
      1423               3412.2   -0.371589638825474
      1424               3412.3    -0.37191170441761
      1425               3412.4   -0.372128896289746
      1426               3412.5   -0.372306732176019
      1427               3412.6    -0.37246030336848
      1428               3412.7   -0.372533333624984
      1429               3412.8   -0.372442865530433
      1430               3412.9    -0.37215573352866
      1431                 3413   -0.371720717417059
      1432               3413.1   -0.371219178335607
      1433               3413.2   -0.370698273239981
      1434               3413.3   -0.370177477910543
      1435               3413.4   -0.369714742660964
      1436               3413.5   -0.369426885853725
      1437               3413.6   -0.369421075746834
      1438               3413.7   -0.369723837451456
      1439               3413.8   -0.370296704662722
      1440               3413.9   -0.371098449806131
      1441                 3414   -0.372091755741976
      1442               3414.1   -0.373192629539461
      1443               3414.2   -0.374261059943484
      1444               3414.3   -0.375168929170869
      1445               3414.4   -0.375856866136065
      1446               3414.5   -0.376306669299902
      1447               3414.6   -0.376489544224117
      1448               3414.7   -0.376393924951283
      1449               3414.8   -0.376112893387625
      1450               3414.9   -0.375852987840391
      1451                 3415    -0.37579646253775
      1452               3415.1   -0.375938451437714
      1453               3415.2   -0.376079011130312
      1454               3415.3   -0.375983647903649
      1455               3415.4   -0.375543600542582
      1456               3415.5   -0.374797567721332
      1457               3415.6   -0.373853273445353
      1458               3415.7   -0.372831398813918
      1459               3415.8   -0.371875018601475
      1460               3415.9   -0.371163947196394
      1461                 3416   -0.370867330638736
      1462               3416.1   -0.371044663734132
      1463               3416.2   -0.371575165748207
      1464               3416.3   -0.372186151731604
      1465               3416.4   -0.372574454511752
      1466               3416.5   -0.372552795327997
      1467               3416.6   -0.372148565992026
      1468               3416.7   -0.371603012875703
      1469               3416.8   -0.371253167520953
      1470               3416.9   -0.371354272780155
      1471                 3417    -0.37196605026263
      1472               3417.1   -0.372976683888749
      1473               3417.2    -0.37420444863529
      1474               3417.3   -0.375465738444564
      1475               3417.4    -0.37658640473929
      1476               3417.5   -0.377418792172862
      1477               3417.6   -0.377892292728155
      1478               3417.7   -0.378044344459053
      1479               3417.8   -0.377983469386334
      1480               3417.9   -0.377821225429398
      1481                 3418    -0.37765174601657
      1482               3418.1   -0.377588146742232
      1483               3418.2   -0.377773952645424
      1484               3418.3   -0.378310137640584
      1485               3418.4   -0.379155847748781
      1486               3418.5   -0.380110560544524
      1487               3418.6   -0.380901818734542
      1488               3418.7   -0.381308644383503
      1489               3418.8   -0.381247128525551
      1490               3418.9   -0.380781985439889
      1491                 3419   -0.380057087085525
      1492               3419.1   -0.379191132649591
      1493               3419.2   -0.378232378301681
      1494               3419.3    -0.37720957888807
      1495               3419.4   -0.376194453287578
      1496               3419.5   -0.375281489158884
      1497               3419.6   -0.374518763877723
      1498               3419.7   -0.373889946371263
      1499               3419.8   -0.373359136421754
      1500               3419.9   -0.372910623793395
