     index            Field [G]         Intensity []

         1                 3270   -0.384159575851005
         2               3270.1   -0.383827236035166
         3               3270.2   -0.383755938044614
         4               3270.3   -0.384078806252772
         5               3270.4   -0.384854612121576
         6               3270.5   -0.386009075663484
         7               3270.6   -0.387341740588444
         8               3270.7   -0.388604002815418
         9               3270.8   -0.389596745904309
        10               3270.9   -0.390237858247004
        11                 3271   -0.390578518857451
        12               3271.1   -0.390767882765645
        13               3271.2   -0.390977627574274
        14               3271.3   -0.391300030983177
        15               3271.4    -0.39165485910132
        16               3271.5   -0.391782685972874
        17               3271.6   -0.391379085454713
        18               3271.7   -0.390305111519139
        19               3271.8   -0.388724083724852
        20               3271.9   -0.387067877440688
        21                 3272   -0.385851858010888
        22               3272.1   -0.385429701689873
        23               3272.2   -0.385813204583048
        24               3272.3   -0.386682047423125
        25               3272.4   -0.387608660013447
        26               3272.5   -0.388347203695429
        27               3272.6   -0.388954587600849
        28               3272.7   -0.389638406970734
        29               3272.8   -0.390464419766954
        30               3272.9   -0.391195438407383
        31                 3273   -0.391431838347891
        32               3273.1   -0.390935613682874
        33               3273.2   -0.389818836369657
        34               3273.3   -0.388415074358597
        35               3273.4   -0.387001211172867
        36               3273.5   -0.385673861533839
        37               3273.6   -0.384451754768034
        38               3273.7    -0.38340910181375
        39               3273.8   -0.382675176734745
        40               3273.9   -0.382338793404806
        41                 3274    -0.38237350952771
        42               3274.1    -0.38263168554764
        43               3274.2   -0.382907054210409
        44               3274.3   -0.383048120225965
        45               3274.4   -0.383045290858718
        46               3274.5   -0.382993534351512
        47               3274.6   -0.382953835943587
        48               3274.7   -0.382871562141777
        49               3274.8    -0.38265029604807
        50               3274.9   -0.382286102721918
        51                 3275   -0.381901804486706
        52               3275.1   -0.381656063377715
        53               3275.2   -0.381632870636758
        54               3275.3     -0.3817949470304
        55               3275.4   -0.382008246141729
        56               3275.5   -0.382127059943709
        57               3275.6   -0.382105946967109
        58               3275.7   -0.382034536455539
        59               3275.8   -0.382017309474933
        60               3275.9    -0.38200604886285
        61                 3276   -0.381801928487958
        62               3276.1   -0.381265743473187
        63               3276.2   -0.380507949703977
        64               3276.3    -0.37984162794522
        65               3276.4   -0.379562806207975
        66               3276.5   -0.379797471367207
        67               3276.6    -0.38052017166715
        68               3276.7   -0.381631684977271
        69               3276.8    -0.38297586674064
        70               3276.9   -0.384335117600922
        71                 3277   -0.385502321807731
        72               3277.1   -0.386398448102114
        73               3277.2   -0.387094436869937
        74               3277.3   -0.387688842270399
        75               3277.4   -0.388177936803888
        76               3277.5   -0.388473225675139
        77               3277.6   -0.388534225685227
        78               3277.7   -0.388440071672508
        79               3277.8   -0.388312583935236
        80               3277.9   -0.388198852191869
        81                 3278   -0.388067901096201
        82               3278.1   -0.387927940803102
        83               3278.2   -0.387918443237867
        84               3278.3   -0.388251000331987
        85               3278.4   -0.389038572272686
        86               3278.5   -0.390178856091992
        87               3278.6   -0.391404788830292
        88               3278.7   -0.392449268411053
        89               3278.8   -0.393177937027278
        90               3278.9   -0.393600781146999
        91                 3279   -0.393788448887782
        92               3279.1   -0.393781321872272
        93               3279.2   -0.393564589428052
        94               3279.3   -0.393122088699798
        95               3279.4   -0.392517464480098
        96               3279.5   -0.391925202672685
        97               3279.6   -0.391566990181253
        98               3279.7   -0.391581829221461
        99               3279.8   -0.391920408258616
       100               3279.9   -0.392349398521262
       101                 3280    -0.39256964646018
       102               3280.1   -0.392363242700185
       103               3280.2   -0.391676062426497
       104               3280.3   -0.390612501150634
       105               3280.4   -0.389377975522258
       106               3280.5   -0.388201794881809
       107               3280.6   -0.387256527837039
       108               3280.7   -0.386604235364302
       109               3280.8   -0.386203603484671
       110               3280.9   -0.385966122899782
       111                 3281   -0.385806450230605
       112               3281.1   -0.385654028082414
       113               3281.2   -0.385449768503948
       114               3281.3   -0.385169702820458
       115               3281.4   -0.384873826788713
       116               3281.5   -0.384716415811801
       117               3281.6    -0.38485601526108
       118               3281.7   -0.385309810936277
       119               3281.8   -0.385902689409207
       120               3281.9   -0.386396885011026
       121                 3282   -0.386684116630552
       122               3282.1   -0.386833691300742
       123               3282.2   -0.386950264207305
       124               3282.3    -0.38700862891818
       125               3282.4   -0.386846489465563
       126               3282.5   -0.386323066498989
       127               3282.6   -0.385496625767139
       128               3282.7   -0.384664302200772
       129               3282.8     -0.3842197544258
       130               3282.9   -0.384429097299718
       131                 3283   -0.385293842206859
       132               3283.1   -0.386591856192249
       133               3283.2   -0.388034003367296
       134               3283.3   -0.389403982304087
       135               3283.4   -0.390608919988774
       136               3283.5   -0.391651082764954
       137               3283.6   -0.392558128885889
       138               3283.7   -0.393317411100803
       139               3283.8   -0.393868710854098
       140               3283.9   -0.394165517828192
       141                 3284   -0.394229711763255
       142               3284.1   -0.394117135747355
       143               3284.2   -0.393823010277108
       144               3284.3    -0.39325207964272
       145               3284.4     -0.3923233431013
       146               3284.5    -0.39112203815387
       147               3284.6   -0.389930349356811
       148               3284.7    -0.38906859317869
       149               3284.8    -0.38867131701327
       150               3284.9   -0.388602838084719
       151                 3285   -0.388586184728005
       152               3285.1   -0.388415907685108
       153               3285.2   -0.388068442764905
       154               3285.3   -0.387650866103195
       155               3285.4   -0.387273016647875
       156               3285.5    -0.38695330765226
       157               3285.6   -0.386611520697548
       158               3285.7   -0.386148223538702
       159               3285.8   -0.385562421428175
       160               3285.9   -0.385007682891404
       161                 3286    -0.38470332396992
       162               3286.1   -0.384745698771714
       163               3286.2   -0.384991089178605
       164               3286.3   -0.385140047681154
       165               3286.4   -0.384956592454071
       166               3286.5   -0.384419258161709
       167               3286.6   -0.383686801058704
       168               3286.7   -0.382960860530898
       169               3286.8    -0.38239434035525
       170               3286.9   -0.382079404711272
       171                 3287   -0.382053526754632
       172               3287.1   -0.382306045139816
       173               3287.2   -0.382816402111124
       174               3287.3   -0.383592228077809
       175               3287.4   -0.384625974689186
       176               3287.5   -0.385784263889484
       177               3287.6   -0.386762233540046
       178               3287.7   -0.387191373380156
       179               3287.8   -0.386833619966956
       180               3287.9   -0.385717793542226
       181                 3288   -0.384135519249507
       182               3288.1   -0.382516592132574
       183               3288.2   -0.381259765363495
       184               3288.3   -0.380594283407105
       185               3288.4   -0.380520371167114
       186               3288.5   -0.380846887788354
       187               3288.6   -0.381309555904096
       188               3288.7   -0.381712382013344
       189               3288.8   -0.382019588183367
       190               3288.9   -0.382358117933157
       191                 3289   -0.382934279499271
       192               3289.1   -0.383888548085548
       193               3289.2   -0.385147388442582
       194               3289.3   -0.386389118956901
       195               3289.4   -0.387210721707564
       196               3289.5   -0.387402886976039
       197               3289.6   -0.387090743689346
       198               3289.7   -0.386600184017731
       199               3289.8   -0.386181865859139
       200               3289.9   -0.385854056329224
       201                 3290   -0.385480008469161
       202               3290.1   -0.384962273487693
       203               3290.2    -0.38435205212352
       204               3290.3   -0.383783298288317
       205               3290.4   -0.383322815942731
       206               3290.5   -0.382908900722133
       207               3290.6    -0.38244991090734
       208               3290.7   -0.381970972525971
       209               3290.8    -0.38163710773313
       210               3290.9   -0.381615164085385
       211                 3291   -0.381907231521269
       212               3291.1   -0.382311577165642
       213               3291.2   -0.382544064654974
       214               3291.3   -0.382416905404053
       215               3291.4   -0.381929093728804
       216               3291.5   -0.381203409241395
       217               3291.6   -0.380355898488371
       218               3291.7   -0.379456922590407
       219               3291.8   -0.378622299818147
       220               3291.9   -0.378083581060077
       221                 3292   -0.378094396432223
       222               3292.1   -0.378750000108345
       223               3292.2    -0.37992419384118
       224               3292.3   -0.381381528325987
       225               3292.4   -0.382917033755511
       226               3292.5   -0.384383806586589
       227               3292.6   -0.385640076191378
       228               3292.7   -0.386535698381631
       229               3292.8   -0.386976277581727
       230               3292.9   -0.386988104569282
       231                 3293   -0.386701616757303
       232               3293.1   -0.386262194230983
       233               3293.2   -0.385748520888803
       234               3293.3   -0.385157427937284
       235               3293.4   -0.384440257246556
       236               3293.5   -0.383543954293015
       237               3293.6   -0.382447422871249
       238               3293.7   -0.381210085684391
       239               3293.8   -0.380006232770482
       240               3293.9   -0.379083153551292
       241                 3294     -0.3786443350436
       242               3294.1   -0.378750131965253
       243               3294.2   -0.379312429392307
       244               3294.3   -0.380157064683598
       245               3294.4   -0.381078937709286
       246               3294.5   -0.381867143908655
       247               3294.6   -0.382337214627143
       248               3294.7   -0.382392410516181
       249               3294.8   -0.382079321165774
       250               3294.9   -0.381586349367351
       251                 3295    -0.38117330371956
       252               3295.1   -0.381064484742611
       253               3295.2    -0.38135105616401
       254               3295.3   -0.381943775107472
       255               3295.4    -0.38260538297316
       256               3295.5   -0.383058788728836
       257               3295.6   -0.383116119250539
       258               3295.7   -0.382752132404694
       259               3295.8   -0.382089393328315
       260               3295.9   -0.381330464883462
       261                 3296   -0.380688241063766
       262               3296.1   -0.380330478093765
       263               3296.2   -0.380338399443622
       264               3296.3   -0.380695076628257
       265               3296.4   -0.381312190910557
       266               3296.5   -0.382071741773652
       267               3296.6   -0.382858527134691
       268               3296.7   -0.383586465631299
       269               3296.8   -0.384221017986805
       270               3296.9    -0.38477767727436
       271                 3297   -0.385288172614968
       272               3297.1   -0.385764572569798
       273               3297.2   -0.386196787281805
       274               3297.3   -0.386580919385283
       275               3297.4   -0.386942771996439
       276               3297.5   -0.387323801122546
       277               3297.6   -0.387730354704965
       278               3297.7     -0.3880924149659
       279               3297.8    -0.38829165758899
       280               3297.9   -0.388256194432187
       281                 3298   -0.388031179203122
       282               3298.1   -0.387744870156845
       283               3298.2   -0.387509985018357
       284               3298.3   -0.387375550623159
       285               3298.4   -0.387369754450022
       286               3298.5   -0.387549437095541
       287               3298.6   -0.387961018149426
       288               3298.7   -0.388536158080652
       289               3298.8   -0.389050258170859
       290               3298.9   -0.389228857788019
       291                 3299   -0.388926776655533
       292               3299.1     -0.3882094350389
       293               3299.2   -0.387263029427122
       294               3299.3    -0.38624465569119
       295               3299.4   -0.385230578134249
       296               3299.5   -0.384282090853782
       297               3299.6   -0.383510735609741
       298               3299.7   -0.383049428138871
       299               3299.8   -0.382965235656296
       300               3299.9   -0.383217648028734
       301                 3300   -0.383704987724816
       302               3300.1   -0.384332066295012
       303               3300.2   -0.385008209360436
       304               3300.3   -0.385587576994424
       305               3300.4    -0.38586974796043
       306               3300.5   -0.385728114667152
       307               3300.6   -0.385258274514243
       308               3300.7   -0.384763433896956
       309               3300.8   -0.384546925871326
       310               3300.9   -0.384695181751465
       311                 3301   -0.385046667303549
       312               3301.1   -0.385345238778035
       313               3301.2   -0.385415305499007
       314               3301.3   -0.385231251343668
       315               3301.4   -0.384882446471796
       316               3301.5   -0.384496102306557
       317               3301.6   -0.384166802330935
       318               3301.7   -0.383925187364498
       319               3301.8   -0.383760392331048
       320               3301.9   -0.383668645364257
       321                 3302   -0.383674304991009
       322               3302.1   -0.383798440459839
       323               3302.2   -0.383998629751697
       324               3302.3   -0.384126326915036
       325               3302.4   -0.383946289968528
       326               3302.5   -0.383238225831331
       327               3302.6   -0.381943817369301
       328               3302.7   -0.380265696839584
       329               3302.8   -0.378629728992544
       330               3302.9   -0.377502227164653
       331                 3303   -0.377161741353755
       332               3303.1   -0.377577865914565
       333               3303.2   -0.378476465901778
       334               3303.3   -0.379515568920714
       335               3303.4   -0.380422541856193
       336               3303.5   -0.381028842907899
       337               3303.6    -0.38125358377611
       338               3303.7   -0.381092717456395
       339               3303.8   -0.380612403003595
       340               3303.9   -0.379928421204121
       341                 3304   -0.379172239017691
       342               3304.1   -0.378448955390871
       343               3304.2   -0.377797676818199
       344               3304.3   -0.377188002147251
       345               3304.4   -0.376580362258178
       346               3304.5   -0.376013222017003
       347               3304.6   -0.375626271810589
       348               3304.7   -0.375576182546086
       349               3304.8    -0.37591868098182
       350               3304.9   -0.376575606037775
       351                 3305   -0.377409135424204
       352               3305.1   -0.378300074800068
       353               3305.2   -0.379132810137765
       354               3305.3   -0.379726035364547
       355               3305.4    -0.37984590379059
       356               3305.5   -0.379358447024094
       357               3305.6   -0.378392996819193
       358               3305.7   -0.377323429230061
       359               3305.8   -0.376542055852633
       360               3305.9    -0.37622701833869
       361                 3306   -0.376312610165161
       362               3306.1   -0.376648560086238
       363               3306.2   -0.377156378742263
       364               3306.3   -0.377848877855064
       365               3306.4   -0.378743257318916
       366               3306.5   -0.379764849577714
       367               3306.6   -0.380711086105287
       368               3306.7   -0.381315985848364
       369               3306.8   -0.381403277071686
       370               3306.9   -0.381017450429568
       371                 3307   -0.380397868445501
       372               3307.1   -0.379802970748736
       373               3307.2   -0.379353518732313
       374               3307.3   -0.379030612669308
       375               3307.4   -0.378774364883726
       376               3307.5   -0.378540423379437
       377               3307.6   -0.378286510496873
       378               3307.7   -0.377974405305392
       379               3307.8   -0.377604834943734
       380               3307.9   -0.377199384445305
       381                 3308   -0.376719584091365
       382               3308.1   -0.376054642518164
       383               3308.2   -0.375148134024412
       384               3308.3   -0.374127291724553
       385               3308.4   -0.373266518296566
       386               3308.5    -0.37282009009417
       387               3308.6   -0.372900469548321
       388               3308.7   -0.373479486808786
       389               3308.8    -0.37443637250957
       390               3308.9   -0.375580248035502
       391                 3309   -0.376665736874907
       392               3309.1   -0.377438236950333
       393               3309.2   -0.377703883674056
       394               3309.3   -0.377405144541965
       395               3309.4   -0.376673624600191
       396               3309.5    -0.37579827748998
       397               3309.6   -0.375078410945413
       398               3309.7   -0.374659045538417
       399               3309.8   -0.374503912063737
       400               3309.9    -0.37452236971195
       401                 3310   -0.374693127692987
       402               3310.1   -0.375054546809919
       403               3310.2   -0.375611225552614
       404               3310.3   -0.376291741970063
       405               3310.4    -0.37699739170386
       406               3310.5   -0.377663734947751
       407               3310.6   -0.378260333455299
       408               3310.7   -0.378742031984548
       409               3310.8   -0.379020612371703
       410               3310.9   -0.379002892029021
       411                 3311   -0.378674587114136
       412               3311.1   -0.378153556180695
       413               3311.2   -0.377642722763848
       414               3311.3   -0.377296999244445
       415               3311.4   -0.377110580092104
       416               3311.5   -0.376926946149395
       417               3311.6   -0.376565750747424
       418               3311.7   -0.375956551140417
       419               3311.8   -0.375166549865557
       420               3311.9    -0.37430468536963
       421                 3312   -0.373396262764298
       422               3312.1   -0.372349407456183
       423               3312.2   -0.371037490733817
       424               3312.3   -0.369399944148007
       425               3312.4   -0.367469246723798
       426               3312.5   -0.365352573097748
       427               3312.6   -0.363245696282429
       428               3312.7   -0.361450008673319
       429               3312.8   -0.360277082362544
       430               3312.9   -0.359840505252266
       431                 3313   -0.359923594227468
       432               3313.1   -0.360085266940377
       433               3313.2   -0.359921651054261
       434               3313.3   -0.359255573069982
       435               3313.4   -0.358144285995417
       436               3313.5   -0.356770809831359
       437               3313.6   -0.355313252329536
       438               3313.7   -0.353849057280794
       439               3313.8   -0.352352230973036
       440               3313.9   -0.350797723990756
       441                 3314   -0.349263534706602
       442               3314.1   -0.347890604082018
       443               3314.2   -0.346720446745358
       444               3314.3   -0.345593223004205
       445               3314.4   -0.344240312151966
       446               3314.5   -0.342501769151512
       447               3314.6   -0.340467824990819
       448               3314.7   -0.338408716812287
       449               3314.8   -0.336548331889709
       450               3314.9   -0.334877598323368
       451                 3315   -0.333157205620765
       452               3315.1   -0.331074456414052
       453               3315.2   -0.328401024681011
       454               3315.3    -0.32505854936998
       455               3315.4   -0.321114757516307
       456               3315.5   -0.316751046329246
       457               3315.6   -0.312198396769736
       458               3315.7   -0.307647023377304
       459               3315.8   -0.303183421999357
       460               3315.9   -0.298800780731795
       461                 3316   -0.294461458586583
       462               3316.1    -0.29015062975108
       463               3316.2   -0.285885246327501
       464               3316.3   -0.281685400630851
       465               3316.4   -0.277538782670796
       466               3316.5   -0.273396556785327
       467               3316.6   -0.269218509483873
       468               3316.7   -0.265026659186578
       469               3316.8   -0.260893565754245
       470               3316.9   -0.256856970716545
       471                 3317   -0.252854434543926
       472               3317.1    -0.24876755961834
       473               3317.2   -0.244543920421517
       474               3317.3   -0.240274384162888
       475               3317.4   -0.236145906496201
       476               3317.5    -0.23230804608996
       477               3317.6   -0.228774549066022
       478               3317.7   -0.225463145030768
       479               3317.8   -0.222348830492256
       480               3317.9   -0.219567333914519
       481                 3318   -0.217333826363948
       482               3318.1   -0.215750399256741
       483               3318.2   -0.214709280934639
       484               3318.3   -0.213974192623519
       485               3318.4   -0.213321817106156
       486               3318.5   -0.212617280529801
       487               3318.6   -0.211834664309988
       488               3318.7   -0.211082952236319
       489               3318.8   -0.210618959321113
       490               3318.9   -0.210779972052362
       491                 3319   -0.211835203875973
       492               3319.1   -0.213853919881049
       493               3319.2   -0.216697083162334
       494               3319.3   -0.220131345469649
       495               3319.4    -0.22394711648086
       496               3319.5   -0.227983415045685
       497               3319.6   -0.232108337554958
       498               3319.7   -0.236266813939165
       499               3319.8   -0.240569227007555
       500               3319.9   -0.245255024454476
       501                 3320    -0.25047726020586
       502               3320.1   -0.256104741257313
       503               3320.2   -0.261770395844668
       504               3320.3   -0.267135037942597
       505               3320.4   -0.272114592875122
       506               3320.5   -0.276891499404288
       507               3320.6   -0.281753961279179
       508               3320.7   -0.286907131816088
       509               3320.8   -0.292350138795723
       510               3320.9   -0.297863525096143
       511                 3321   -0.303136064366729
       512               3321.1   -0.307979072637297
       513               3321.2   -0.312457168032834
       514               3321.3   -0.316796233499614
       515               3321.4   -0.321151213477041
       516               3321.5     -0.3254716000006
       517               3321.6   -0.329578327422079
       518               3321.7   -0.333324231751167
       519               3321.8   -0.336663633015057
       520               3321.9   -0.339621939673735
       521                 3322   -0.342271864162125
       522               3322.1    -0.34475442505386
       523               3322.2   -0.347272896944869
       524               3322.3   -0.349999332119136
       525               3322.4   -0.352941453505413
       526               3322.5   -0.355890409617077
       527               3322.6   -0.358525823369986
       528               3322.7   -0.360621605844691
       529               3322.8   -0.362190763272273
       530               3322.9   -0.363445424818285
       531                 3323    -0.36461291767152
       532               3323.1   -0.365777515809576
       533               3323.2   -0.366876595627954
       534               3323.3   -0.367822595945351
       535               3323.4   -0.368619128781578
       536               3323.5   -0.369377585754523
       537               3323.6   -0.370246870555563
       538               3323.7   -0.371324800897796
       539               3323.8   -0.372598299623669
       540               3323.9   -0.373927103477082
       541                 3324   -0.375084614010352
       542               3324.1   -0.375858410398761
       543               3324.2   -0.376163089551995
       544               3324.3   -0.376090543990321
       545               3324.4   -0.375867644759796
       546               3324.5   -0.375754435274008
       547               3324.6   -0.375935153371483
       548               3324.7   -0.376448090503678
       549               3324.8   -0.377188144557663
       550               3324.9   -0.377975543339569
       551                 3325   -0.378638469047251
       552               3325.1   -0.379067720897193
       553               3325.2   -0.379247015688202
       554               3325.3   -0.379263532260334
       555               3325.4    -0.37927257374737
       556               3325.5    -0.37941445858402
       557               3325.6   -0.379747706763633
       558               3325.7   -0.380255970075748
       559               3325.8   -0.380897218541991
       560               3325.9   -0.381630030303888
       561                 3326   -0.382422376756894
       562               3326.1   -0.383282418646919
       563               3326.2   -0.384272011534341
       564               3326.3   -0.385423285511655
       565               3326.4   -0.386599266963593
       566               3326.5   -0.387469065164182
       567               3326.6   -0.387689399235072
       568               3326.7   -0.387152965483679
       569               3326.8   -0.386058812246558
       570               3326.9    -0.38472940268029
       571                 3327   -0.383368699081558
       572               3327.1   -0.382013599906997
       573               3327.2   -0.380697390085527
       574               3327.3   -0.379592578459846
       575               3327.4   -0.378936728773668
       576               3327.5   -0.378817025756803
       577               3327.6   -0.379059079031775
       578               3327.7   -0.379342073690132
       579               3327.8   -0.379416733493265
       580               3327.9    -0.37922017913434
       581                 3328   -0.378820948782739
       582               3328.1    -0.37829714355158
       583               3328.2   -0.377671916882086
       584               3328.3   -0.376928411297927
       585               3328.4   -0.376049397062661
       586               3328.5   -0.375046625806779
       587               3328.6    -0.37399280033234
       588               3328.7    -0.37305591171552
       589               3328.8   -0.372477829280434
       590               3328.9    -0.37244009128378
       591                 3329   -0.372872640333414
       592               3329.1    -0.37338304178269
       593               3329.2     -0.3734374184093
       594               3329.3   -0.372696006392129
       595               3329.4    -0.37123490276896
       596               3329.5   -0.369486294084379
       597               3329.6   -0.367986091226379
       598               3329.7   -0.367134766175172
       599               3329.8   -0.367081517654542
       600               3329.9    -0.36771801892776
       601                 3330   -0.368741211253462
       602               3330.1   -0.369761821820964
       603               3330.2   -0.370431664027906
       604               3330.3   -0.370548844493798
       605               3330.4   -0.370098766138166
       606               3330.5   -0.369212922982441
       607               3330.6   -0.368079082480045
       608               3330.7   -0.366869000164248
       609               3330.8   -0.365713242681485
       610               3330.9   -0.364695950290234
       611                 3331   -0.363851242069269
       612               3331.1   -0.363184462226305
       613               3331.2   -0.362719202203707
       614               3331.3   -0.362513366248066
       615               3331.4    -0.36260905248322
       616               3331.5   -0.362971430810588
       617               3331.6   -0.363497075924722
       618               3331.7   -0.364090229454813
       619               3331.8   -0.364728488962884
       620               3331.9   -0.365460031125873
       621                 3332   -0.366345898144686
       622               3332.1   -0.367389149969822
       623               3332.2   -0.368475424064496
       624               3332.3    -0.36935853825604
       625               3332.4   -0.369758498263302
       626               3332.5   -0.369584158958373
       627               3332.6   -0.369123124126179
       628               3332.7   -0.368966528012501
       629               3332.8   -0.369649955356964
       630               3332.9    -0.37130979301573
       631                 3333   -0.373670956367858
       632               3333.1   -0.376338217373335
       633               3333.2   -0.379076168272444
       634               3333.3   -0.381857647679873
       635               3333.4   -0.384744327194696
       636               3333.5    -0.38776553499817
       637               3333.6   -0.390861213977479
       638               3333.7   -0.393888258662787
       639               3333.8   -0.396707234137967
       640               3333.9   -0.399321427581213
       641                 3334   -0.401938424336185
       642               3334.1   -0.404853912152503
       643               3334.2   -0.408244838895974
       644               3334.3    -0.41207234589354
       645               3334.4   -0.416173081960257
       646               3334.5   -0.420410004367139
       647               3334.6   -0.424716641150573
       648               3334.7   -0.429025793797918
       649               3334.8    -0.43320806161272
       650               3334.9   -0.437101997071848
       651                 3335   -0.440586211685527
       652               3335.1   -0.443604709220627
       653               3335.2   -0.446139331079713
       654               3335.3   -0.448196091757639
       655               3335.4   -0.449835360644419
       656               3335.5   -0.451190201726708
       657               3335.6   -0.452415294129573
       658               3335.7   -0.453601697897957
       659               3335.8    -0.45474421431831
       660               3335.9   -0.455779418093414
       661                 3336   -0.456627001163985
       662               3336.1    -0.45718621082165
       663               3336.2   -0.457322710511875
       664               3336.3   -0.456911702119559
       665               3336.4   -0.455945615438066
       666               3336.5   -0.454621298706618
       667               3336.6   -0.453283630666085
       668               3336.7   -0.452204408066903
       669               3336.8   -0.451363685319966
       670               3336.9   -0.450452619291899
       671                 3337   -0.449115404523833
       672               3337.1   -0.447203500960925
       673               3337.2   -0.444815182598754
       674               3337.3   -0.442117455870431
       675               3337.4   -0.439129295677723
       676               3337.5   -0.435636031078562
       677               3337.6   -0.431285559018844
       678               3337.7   -0.425803467125406
       679               3337.8   -0.419189472393507
       680               3337.9   -0.411747841632397
       681                 3338   -0.403904301219861
       682               3338.1   -0.395934037438324
       683               3338.2   -0.387821376813914
       684               3338.3   -0.379372612235021
       685               3338.4   -0.370474121756159
       686               3338.5   -0.361249360683699
       687               3338.6   -0.351973653509804
       688               3338.7   -0.342850568358802
       689               3338.8   -0.333875053736446
       690               3338.9   -0.324888510537142
       691                 3339   -0.315727071598776
       692               3339.1   -0.306304678863765
       693               3339.2   -0.296590675565336
       694               3339.3   -0.286570211428382
       695               3339.4   -0.276265419040831
       696               3339.5   -0.265779904273594
       697               3339.6   -0.255266053930587
       698               3339.7   -0.244791234169905
       699               3339.8   -0.234210215354922
       700               3339.9   -0.223183406991596
       701                 3340   -0.211366819742637
       702               3340.1   -0.198642910899924
       703               3340.2   -0.185208404690997
       704               3340.3   -0.171446491774359
       705               3340.4    -0.15769489855118
       706               3340.5   -0.144099218908447
       707               3340.6   -0.130636494895532
       708               3340.7   -0.117233870278673
       709               3340.8   -0.103861877812092
       710               3340.9  -0.0905601516324972
       711                 3341  -0.0774307398539288
       712               3341.1  -0.0646309445696387
       713               3341.2  -0.0523508258884719
       714               3341.3  -0.0407497799032923
       715               3341.4  -0.0298748878582926
       716               3341.5  -0.0196325042079683
       717               3341.6 -0.00986262858838572
       718               3341.7 -0.000476372776289118
       719               3341.8  0.00845473690407193
       720               3341.9     0.01673842813605
       721                 3342   0.0241919093265851
       722               3342.1   0.0307362398559195
       723               3342.2   0.0363719578898477
       724               3342.3   0.0410798570127561
       725               3342.4   0.0447595902673866
       726               3342.5   0.0472649731426897
       727               3342.6    0.048484627392551
       728               3342.7    0.048361858794754
       729               3342.8   0.0468091573152779
       730               3342.9   0.0435995694101282
       731                 3343   0.0383696409354771
       732               3343.1   0.0307670515522512
       733               3343.2   0.0206218519769738
       734               3343.3  0.00799523229548768
       735               3343.4 -0.00689953359935373
       736               3343.5  -0.0237780961951477
       737               3343.6  -0.0422960174970382
       738               3343.7  -0.0620761697128316
       739               3343.8  -0.0828466134354277
       740               3343.9   -0.104594815799823
       741                 3344   -0.127535774753451
       742               3344.1   -0.151858048555586
       743               3344.2   -0.177459335293328
       744               3344.3   -0.203902370445795
       745               3344.4   -0.230600293245206
       746               3344.5   -0.257035797514823
       747               3344.6   -0.282830103822317
       748               3344.7   -0.307667097175274
       749               3344.8   -0.331237509897752
       750               3344.9   -0.353322502386683
       751                 3345   -0.373934595721323
       752               3345.1   -0.393324693925551
       753               3345.2   -0.411795611220324
       754               3345.3   -0.429476085956495
       755               3345.4   -0.446245460014126
       756               3345.5   -0.461839043171887
       757               3345.6   -0.476014391772646
       758               3345.7   -0.488656418708587
       759               3345.8    -0.49978668073837
       760               3345.9   -0.509508905916091
       761                 3346   -0.517937977224776
       762               3346.1   -0.525150799009797
       763               3346.2    -0.53118092478221
       764               3346.3   -0.536050117643766
       765               3346.4   -0.539803748975078
       766               3346.5   -0.542525597115083
       767               3346.6   -0.544339185754223
       768               3346.7   -0.545401081241809
       769               3346.8   -0.545861346315656
       770               3346.9   -0.545788632150042
       771                 3347   -0.545134422837846
       772               3347.1   -0.543815303343481
       773               3347.2   -0.541869207313095
       774               3347.3   -0.539538407872156
       775               3347.4   -0.537196163313758
       776               3347.5   -0.535187849371068
       777               3347.6   -0.533712653349938
       778               3347.7   -0.532796452932536
       779               3347.8    -0.53233276735078
       780               3347.9   -0.532167852485206
       781                 3348   -0.532207319362615
       782               3348.1   -0.532479817856943
       783               3348.2   -0.533090959047236
       784               3348.3   -0.534098867792682
       785               3348.4   -0.535438093068829
       786               3348.5   -0.536971237570997
       787               3348.6   -0.538599629290606
       788               3348.7   -0.540303050077025
       789               3348.8   -0.542079950495741
       790               3348.9   -0.543880296886338
       791                 3349   -0.545606517930149
       792               3349.1   -0.547158119536533
       793               3349.2    -0.54847489199897
       794               3349.3   -0.549590834486093
       795               3349.4   -0.550697037889507
       796               3349.5   -0.552120791491778
       797               3349.6   -0.554143648468384
       798               3349.7   -0.556759801761198
       799               3349.8   -0.559600093196631
       800               3349.9   -0.562121503054608
       801                 3350    -0.56390988923602
       802               3350.1   -0.564855252950973
       803               3350.2   -0.565115753737384
       804               3350.3   -0.564979129162477
       805               3350.4   -0.564750352101821
       806               3350.5   -0.564682158810278
       807               3350.6   -0.564900370012191
       808               3350.7   -0.565331665836847
       809               3350.8   -0.565722391370394
       810               3350.9   -0.565804846649944
       811                 3351   -0.565505497119346
       812               3351.1   -0.564979049267401
       813               3351.2   -0.564396360290511
       814               3351.3   -0.563707768448999
       815               3351.4   -0.562668896233249
       816               3351.5   -0.561117391655675
       817               3351.6   -0.559185616039476
       818               3351.7   -0.557209735171681
       819               3351.8   -0.555441762785906
       820               3351.9   -0.553866375164451
       821                 3352   -0.552277607709653
       822               3352.1   -0.550488885263489
       823               3352.2   -0.548443987672945
       824               3352.3    -0.54614938900742
       825               3352.4   -0.543560477243541
       826               3352.5   -0.540583495268721
       827               3352.6    -0.53719629698019
       828               3352.7   -0.533555264094688
       829               3352.8   -0.529978795978589
       830               3352.9   -0.526802667320722
       831                 3353   -0.524179777756819
       832               3353.1   -0.521943786298246
       833               3353.2   -0.519662721333421
       834               3353.3   -0.516897588362044
       835               3353.4   -0.513488870711776
       836               3353.5   -0.509636486988632
       837               3353.6   -0.505729065053103
       838               3353.7   -0.502110885406187
       839               3353.8   -0.498975069378905
       840               3353.9   -0.496374726268482
       841                 3354    -0.49423317421627
       842               3354.1   -0.492330731367653
       843               3354.2   -0.490357378490068
       844               3354.3   -0.488058842419473
       845               3354.4   -0.485366036267398
       846               3354.5   -0.482398088166807
       847               3354.6   -0.479364575475265
       848               3354.7   -0.476469938929456
       849               3354.8   -0.473865429123546
       850               3354.9   -0.471624420769994
       851                 3355   -0.469728873808591
       852               3355.1   -0.468081597736927
       853               3355.2   -0.466534039259599
       854               3355.3   -0.464905492033264
       855               3355.4   -0.463020186338135
       856               3355.5   -0.460808346804967
       857               3355.6   -0.458419228500153
       858               3355.7   -0.456201956416376
       859               3355.8   -0.454504164486802
       860               3355.9   -0.453444643654657
       861                 3356   -0.452864577935893
       862               3356.1   -0.452473310172339
       863               3356.2   -0.452015293888677
       864               3356.3   -0.451319079329616
       865               3356.4   -0.450268000841661
       866               3356.5   -0.448812759610039
       867               3356.6   -0.447047340466334
       868               3356.7   -0.445244128385635
       869               3356.8   -0.443757058617025
       870               3356.9   -0.442833594607438
       871                 3357   -0.442471151535965
       872               3357.1   -0.442417742883311
       873               3357.2   -0.442309254938007
       874               3357.3   -0.441858559463412
       875               3357.4   -0.440992176633519
       876               3357.5   -0.439857644469532
       877               3357.6   -0.438703667099688
       878               3357.7   -0.437725646490681
       879               3357.8   -0.436976734636842
       880               3357.9   -0.436360644526946
       881                 3358    -0.43566785375053
       882               3358.1   -0.434651583175461
       883               3358.2   -0.433158127691015
       884               3358.3    -0.43124885869236
       885               3358.4   -0.429191822943572
       886               3358.5   -0.427294866761305
       887               3358.6    -0.42571802466874
       888               3358.7     -0.4244299900748
       889               3358.8   -0.423317679753893
       890               3358.9   -0.422308233185382
       891                 3359   -0.421387029428713
       892               3359.1   -0.420530770413679
       893               3359.2   -0.419647583496921
       894               3359.3   -0.418582623589032
       895               3359.4   -0.417194760958732
       896               3359.5   -0.415476374987335
       897               3359.6   -0.413643760411301
       898               3359.7   -0.412101389975432
       899               3359.8   -0.411254473849852
       900               3359.9   -0.411278052855556
       901                 3360   -0.412010630705284
       902               3360.1   -0.413055343690637
       903               3360.2   -0.414015415657524
       904               3360.3   -0.414694401339712
       905               3360.4   -0.415128266309992
       906               3360.5   -0.415450389346604
       907               3360.6   -0.415712253026631
       908               3360.7   -0.415798219158243
       909               3360.8   -0.415480803724401
       910               3360.9   -0.414552386714833
       911                 3361    -0.41293688550635
       912               3361.1   -0.410737097829637
       913               3361.2   -0.408229494813576
       914               3361.3   -0.405820282295112
       915               3361.4   -0.403951567445383
       916               3361.5   -0.402951148325761
       917               3361.6   -0.402873608342787
       918               3361.7   -0.403442727529092
       919               3361.8   -0.404184413465132
       920               3361.9   -0.404695571384701
       921                 3362   -0.404849448461374
       922               3362.1   -0.404771468971786
       923               3362.2   -0.404626911572927
       924               3362.3   -0.404430501249553
       925               3362.4   -0.404045478442921
       926               3362.5    -0.40334503635209
       927               3362.6   -0.402368835670695
       928               3362.7    -0.40134109747238
       929               3362.8   -0.400550192600162
       930               3362.9   -0.400183896108074
       931                 3363   -0.400225757776526
       932               3363.1   -0.400475280680102
       933               3363.2   -0.400675542885947
       934               3363.3    -0.40065384695575
       935               3363.4   -0.400380408281195
       936               3363.5   -0.399935571085876
       937               3363.6   -0.399449462351607
       938               3363.7   -0.399068647879627
       939               3363.8   -0.398947627082578
       940               3363.9   -0.399220735022203
       941                 3364   -0.399918536505586
       942               3364.1   -0.400868275419783
       943               3364.2     -0.4016964406822
       944               3364.3   -0.401999564338062
       945               3364.4   -0.401570531911364
       946               3364.5   -0.400480609883527
       947               3364.6   -0.398966354520974
       948               3364.7   -0.397281473874458
       949               3364.8   -0.395674305578999
       950               3364.9   -0.394447094275553
       951                 3365   -0.393918166301582
       952               3365.1    -0.39422578980621
       953               3365.2   -0.395144001943868
       954               3365.3   -0.396136419470605
       955               3365.4   -0.396666202534857
       956               3365.5   -0.396528928713392
       957               3365.6   -0.395947141208648
       958               3365.7   -0.395374917353497
       959               3365.8    -0.39518384911606
       960               3365.9   -0.395447218798932
       961                 3366   -0.395926493627075
       962               3366.1   -0.396232593674441
       963               3366.2   -0.396062791274205
       964               3366.3    -0.39539019586704
       965               3366.4   -0.394495960978137
       966               3366.5   -0.393811207885388
       967               3366.6   -0.393665383602072
       968               3366.7   -0.394120088265285
       969               3366.8   -0.395001519362949
       970               3366.9   -0.396072995825431
       971                 3367   -0.397181190812584
       972               3367.1   -0.398267784661226
       973               3367.2   -0.399281475291919
       974               3367.3   -0.400104514018563
       975               3367.4   -0.400568854318418
       976               3367.5   -0.400540485269745
       977               3367.6    -0.39999280932183
       978               3367.7   -0.399019134470579
       979               3367.8   -0.397803426240451
       980               3367.9   -0.396586198716974
       981                 3368   -0.395619312690995
       982               3368.1   -0.395087752200121
       983               3368.2   -0.395029520026452
       984               3368.3   -0.395326927189527
       985               3368.4   -0.395795676873371
       986               3368.5   -0.396303418020025
       987               3368.6   -0.396813385448942
       988               3368.7   -0.397319611390095
       989               3368.8   -0.397752576115376
       990               3368.9   -0.397963775112998
       991                 3369   -0.397804676137453
       992               3369.1   -0.397214766926993
       993               3369.2   -0.396246439461616
       994               3369.3   -0.395038524405354
       995               3369.4   -0.393780830056157
       996               3369.5   -0.392674901993157
       997               3369.6   -0.391876654887977
       998               3369.7   -0.391436432810869
       999               3369.8    -0.39127730117914
      1000               3369.9   -0.391232466132674
      1001                 3370   -0.391126497671677
      1002               3370.1   -0.390871869558167
      1003               3370.2   -0.390544363903638
      1004               3370.3   -0.390374514753957
      1005               3370.4   -0.390608112750699
      1006               3370.5   -0.391306126850032
      1007               3370.6   -0.392261866203632
      1008               3370.7   -0.393130232312973
      1009               3370.8     -0.3936438458812
      1010               3370.9   -0.393709713108118
      1011                 3371   -0.393346384740794
      1012               3371.1   -0.392603404066793
      1013               3371.2   -0.391567855598393
      1014               3371.3   -0.390402137688539
      1015               3371.4   -0.389319494780499
      1016               3371.5   -0.388510560068635
      1017               3371.6   -0.388098986828395
      1018               3371.7    -0.38815196790341
      1019               3371.8   -0.388707638608425
      1020               3371.9   -0.389781236940577
      1021                 3372   -0.391342818452548
      1022               3372.1   -0.393284818736221
      1023               3372.2   -0.395407769756373
      1024               3372.3   -0.397436988496228
      1025               3372.4   -0.399063075665126
      1026               3372.5   -0.400007514032687
      1027               3372.6   -0.400119955102108
      1028               3372.7   -0.399468767036801
      1029               3372.8   -0.398341049288684
      1030               3372.9   -0.397113423101059
      1031                 3373   -0.396070854968026
      1032               3373.1   -0.395311011760733
      1033               3373.2   -0.394795532591666
      1034               3373.3   -0.394467447684528
      1035               3373.4   -0.394304292351532
      1036               3373.5   -0.394278054855475
      1037               3373.6   -0.394311315872721
      1038               3373.7   -0.394300942453537
      1039               3373.8   -0.394176908140559
      1040               3373.9    -0.39393652060365
      1041                 3374   -0.393655173926665
      1042               3374.1   -0.393493381125156
      1043               3374.2   -0.393667302130041
      1044               3374.3    -0.39434361105768
      1045               3374.4   -0.395510071251174
      1046               3374.5   -0.396943524716435
      1047               3374.6   -0.398330594266936
      1048               3374.7   -0.399450939981501
      1049               3374.8   -0.400270183335317
      1050               3374.9   -0.400875282124899
      1051                 3375   -0.401328772883274
      1052               3375.1   -0.401585197465911
      1053               3375.2   -0.401543057407361
      1054               3375.3   -0.401164289674991
      1055               3375.4   -0.400530544800279
      1056               3375.5   -0.399793051210593
      1057               3375.6    -0.39909609752455
      1058               3375.7   -0.398562623746746
      1059               3375.8   -0.398335938509356
      1060               3375.9   -0.398595716271779
      1061                 3376   -0.399481327370756
      1062               3376.1   -0.400953206048012
      1063               3376.2   -0.402726843605457
      1064               3376.3   -0.404394051268123
      1065               3376.4   -0.405667698639816
      1066               3376.5   -0.406533835416271
      1067               3376.6   -0.407175024156743
      1068               3376.7   -0.407764509890701
      1069               3376.8   -0.408341750386448
      1070               3376.9   -0.408856038408344
      1071                 3377   -0.409285284592128
      1072               3377.1   -0.409697666994273
      1073               3377.2   -0.410215076521855
      1074               3377.3   -0.410929984305357
      1075               3377.4   -0.411846874745395
      1076               3377.5   -0.412878466910305
      1077               3377.6    -0.41387673218054
      1078               3377.7   -0.414668438200517
      1079               3377.8   -0.415095105250915
      1080               3377.9   -0.415071271641645
      1081                 3378   -0.414643142598534
      1082               3378.1   -0.414001978504223
      1083               3378.2   -0.413428915981179
      1084               3378.3   -0.413191688119351
      1085               3378.4   -0.413440471735745
      1086               3378.5    -0.41416091025862
      1087               3378.6   -0.415222888101825
      1088               3378.7   -0.416490836208513
      1089               3378.8   -0.417896011502939
      1090               3378.9     -0.4194116496414
      1091                 3379   -0.420985614190414
      1092               3379.1   -0.422525919877821
      1093               3379.2   -0.423955846016914
      1094               3379.3   -0.425270084258963
      1095               3379.4   -0.426526876968455
      1096               3379.5   -0.427775436590168
      1097               3379.6   -0.428976054880496
      1098               3379.7   -0.429985043061697
      1099               3379.8   -0.430627857466334
      1100               3379.9   -0.430800134291158
      1101                 3380   -0.430512774826483
      1102               3380.1    -0.42987134200373
      1103               3380.2   -0.429049254000589
      1104               3380.3   -0.428284055021363
      1105               3380.4   -0.427856584539137
      1106               3380.5   -0.428012950884952
      1107               3380.6   -0.428857037527321
      1108               3380.7   -0.430295162635352
      1109               3380.8   -0.432096435275087
      1110               3380.9   -0.434040789315807
      1111                 3381    -0.43603040486163
      1112               3381.1   -0.438054186804353
      1113               3381.2   -0.440045385731103
      1114               3381.3   -0.441805698151028
      1115               3381.4   -0.443106684330356
      1116               3381.5    -0.44386795768726
      1117               3381.6   -0.444207421073916
      1118               3381.7    -0.44430551126011
      1119               3381.8   -0.444243773676957
      1120               3381.9   -0.443992418479772
      1121                 3382   -0.443532131698942
      1122               3382.1    -0.44295743127717
      1123               3382.2   -0.442464258899212
      1124               3382.3   -0.442252046935777
      1125               3382.4   -0.442417139745207
      1126               3382.5    -0.44288800077492
      1127               3382.6   -0.443432874208673
      1128               3382.7   -0.443762354830398
      1129               3382.8   -0.443697908837887
      1130               3382.9   -0.443289925443689
      1131                 3383   -0.442756580083163
      1132               3383.1   -0.442257626344983
      1133               3383.2   -0.441703969144194
      1134               3383.3   -0.440811755732316
      1135               3383.4   -0.439382518456268
      1136               3383.5   -0.437550422564939
      1137               3383.6   -0.435749848888501
      1138               3383.7   -0.434421179094003
      1139               3383.8   -0.433713564729244
      1140               3383.9   -0.433421062137564
      1141                 3384    -0.43316087677085
      1142               3384.1   -0.432621677999029
      1143               3384.2   -0.431715997261162
      1144               3384.3   -0.430582937447854
      1145               3384.4   -0.429471151409908
      1146               3384.5   -0.428561817471937
      1147               3384.6   -0.427819039885641
      1148               3384.7   -0.426980331670634
      1149               3384.8   -0.425742701735144
      1150               3384.9   -0.424035926376066
      1151                 3385   -0.422148424284438
      1152               3385.1   -0.420564340320765
      1153               3385.2   -0.419637198660379
      1154               3385.3    -0.41938430835245
      1155               3385.4   -0.419551601874021
      1156               3385.5   -0.419828225545907
      1157               3385.6   -0.419992871305012
      1158               3385.7   -0.419922713600546
      1159               3385.8   -0.419561527173786
      1160               3385.9    -0.41892418239567
      1161                 3386   -0.418095331430093
      1162               3386.1   -0.417168327941094
      1163               3386.2   -0.416173951112689
      1164               3386.3   -0.415085009818662
      1165               3386.4   -0.413885315059033
      1166               3386.5   -0.412608852384441
      1167               3386.6   -0.411305746021781
      1168               3386.7   -0.409993020467071
      1169               3386.8   -0.408664540402588
      1170               3386.9   -0.407356936633218
      1171                 3387    -0.40618860685592
      1172               3387.1   -0.405295985003293
      1173               3387.2   -0.404700805678145
      1174               3387.3   -0.404248450004934
      1175               3387.4   -0.403712553183739
      1176               3387.5   -0.402981595188901
      1177               3387.6   -0.402139551618158
      1178               3387.7   -0.401361825236545
      1179               3387.8   -0.400744156343952
      1180               3387.9   -0.400241559211077
      1181                 3388   -0.399762102402232
      1182               3388.1   -0.399292713955225
      1183               3388.2   -0.398913397829874
      1184               3388.3   -0.398695090553462
      1185               3388.4   -0.398605644791874
      1186               3388.5   -0.398519532881609
      1187               3388.6   -0.398298257970993
      1188               3388.7   -0.397852227068707
      1189               3388.8   -0.397153823654755
      1190               3388.9    -0.39623372166329
      1191                 3389   -0.395182540082434
      1192               3389.1   -0.394138481783311
      1193               3389.2   -0.393232903939902
      1194               3389.3   -0.392509541309282
      1195               3389.4   -0.391892339579963
      1196               3389.5   -0.391266468208339
      1197               3389.6   -0.390626742633339
      1198               3389.7   -0.390153830213035
      1199               3389.8   -0.390130039340922
      1200               3389.9   -0.390750494282475
      1201                 3390   -0.391964172818761
      1202               3390.1   -0.393443608434493
      1203               3390.2   -0.394701614095035
      1204               3390.3   -0.395302680620356
      1205               3390.4   -0.395067584634547
      1206               3390.5   -0.394160257240266
      1207               3390.6   -0.392994619532178
      1208               3390.7    -0.39199752144805
      1209               3390.8   -0.391368796714933
      1210               3390.9   -0.391007163337508
      1211                 3391   -0.390655020207883
      1212               3391.1   -0.390128037772516
      1213               3391.2   -0.389429495441829
      1214               3391.3   -0.388689034168063
      1215               3391.4   -0.388047272134238
      1216               3391.5   -0.387616889650302
      1217               3391.6   -0.387506511858919
      1218               3391.7   -0.387811065052633
      1219               3391.8   -0.388551204800901
      1220               3391.9   -0.389639948897621
      1221                 3392   -0.390915848181082
      1222               3392.1   -0.392186292209741
      1223               3392.2   -0.393237750481741
      1224               3392.3   -0.393863706238519
      1225               3392.4   -0.393960070697341
      1226               3392.5   -0.393619524523634
      1227               3392.6   -0.393103373363238
      1228               3392.7   -0.392684997247445
      1229               3392.8     -0.3925001741861
      1230               3392.9    -0.39252244605037
      1231                 3393   -0.392637197099863
      1232               3393.1   -0.392708298571085
      1233               3393.2    -0.39260311820655
      1234               3393.3   -0.392237247239559
      1235               3393.4   -0.391663591167823
      1236               3393.5   -0.391110393474814
      1237               3393.6   -0.390866791875153
      1238               3393.7   -0.391074313038239
      1239               3393.8   -0.391611039885626
      1240               3393.9   -0.392176064774252
      1241                 3394   -0.392488177102066
      1242               3394.1   -0.392427466450045
      1243               3394.2   -0.392035787353745
      1244               3394.3   -0.391424370951778
      1245               3394.4   -0.390685372634836
      1246               3394.5   -0.389861470174472
      1247               3394.6   -0.388965399153146
      1248               3394.7   -0.388012486379918
      1249               3394.8   -0.387035084958678
      1250               3394.9   -0.386074526362728
      1251                 3395   -0.385176461005937
      1252               3395.1   -0.384408723730354
      1253               3395.2   -0.383868316058459
      1254               3395.3   -0.383628655022628
      1255               3395.4   -0.383658376061866
      1256               3395.5   -0.383813860706702
      1257               3395.6   -0.383938648670246
      1258               3395.7   -0.383968351740103
      1259               3395.8   -0.383930883498642
      1260               3395.9   -0.383867047415903
      1261                 3396   -0.383789440020831
      1262               3396.1   -0.383723648182493
      1263               3396.2   -0.383743254044413
      1264               3396.3   -0.383909843602093
      1265               3396.4   -0.384170749918128
      1266               3396.5   -0.384358162172698
      1267               3396.6   -0.384335695474047
      1268               3396.7   -0.384156852487061
      1269               3396.8   -0.384052246662798
      1270               3396.9   -0.384222409270469
      1271                 3397    -0.38462538715878
      1272               3397.1   -0.384982142379342
      1273               3397.2   -0.385013179991312
      1274               3397.3   -0.384672631638017
      1275               3397.4   -0.384141682482546
      1276               3397.5   -0.383605324242436
      1277               3397.6   -0.383074836773565
      1278               3397.7   -0.382458431408284
      1279               3397.8   -0.381790081755931
      1280               3397.9   -0.381336283464665
      1281                 3398   -0.381430070292982
      1282               3398.1   -0.382181956948858
      1283               3398.2   -0.383353103708224
      1284               3398.3   -0.384513825688478
      1285               3398.4   -0.385341582160298
      1286               3398.5   -0.385803237239906
      1287               3398.6   -0.386092684426978
      1288               3398.7   -0.386420132266819
      1289               3398.8    -0.38686617014491
      1290               3398.9   -0.387414562875343
      1291                 3399   -0.388068837112184
      1292               3399.1   -0.388876761421212
      1293               3399.2   -0.389827020589482
      1294               3399.3   -0.390759363754362
      1295               3399.4   -0.391420701444766
      1296               3399.5   -0.391634100163845
      1297               3399.6   -0.391431399575155
      1298               3399.7    -0.39103807520291
      1299               3399.8   -0.390725532259488
      1300               3399.9   -0.390649086627617
      1301                 3400   -0.390788957227077
      1302               3400.1   -0.391005320239874
      1303               3400.2   -0.391122580995502
      1304               3400.3   -0.390983433054058
      1305               3400.4   -0.390495539254095
      1306               3400.5   -0.389691021353222
      1307               3400.6    -0.38875010467443
      1308               3400.7   -0.387941586291294
      1309               3400.8   -0.387514065799026
      1310               3400.9   -0.387609045040156
      1311                 3401   -0.388220486083283
      1312               3401.1   -0.389186591708569
      1313               3401.2   -0.390217168510879
      1314               3401.3   -0.390974491539796
      1315               3401.4   -0.391195123532804
      1316               3401.5    -0.39080323849035
      1317               3401.6   -0.389958695434374
      1318               3401.7   -0.388998822517894
      1319               3401.8   -0.388274238580089
      1320               3401.9   -0.387952110399916
      1321                 3402   -0.387914491284876
      1322               3402.1   -0.387840490537234
      1323               3402.2   -0.387432904939549
      1324               3402.3   -0.386633048999731
      1325               3402.4   -0.385668689093794
      1326               3402.5    -0.38490891899338
      1327               3402.6   -0.384644846028423
      1328               3402.7    -0.38494646441912
      1329               3402.8   -0.385658015977821
      1330               3402.9   -0.386495120353327
      1331                 3403   -0.387171828596744
      1332               3403.1   -0.387496997563945
      1333               3403.2    -0.38740861699228
      1334               3403.3   -0.386956026977616
      1335               3403.4    -0.38626427384267
      1336               3403.5   -0.385496001302603
      1337               3403.6   -0.384804009401841
      1338               3403.7   -0.384288079640606
      1339               3403.8   -0.383991377803645
      1340               3403.9   -0.383934824624804
      1341                 3404   -0.384136746812274
      1342               3404.1   -0.384584926981902
      1343               3404.2   -0.385196401128908
      1344               3404.3   -0.385821734061565
      1345               3404.4   -0.386305307352178
      1346               3404.5   -0.386564390878542
      1347               3404.6   -0.386637098140785
      1348               3404.7   -0.386665352674722
      1349               3404.8   -0.386816781426242
      1350               3404.9   -0.387197487282107
      1351                 3405   -0.387822221082006
      1352               3405.1   -0.388656846258682
      1353               3405.2   -0.389673078643292
      1354               3405.3   -0.390842678123919
      1355               3405.4   -0.392068376942742
      1356               3405.5   -0.393129459851108
      1357               3405.6   -0.393731412145474
      1358               3405.7   -0.393672336339014
      1359               3405.8    -0.39301597496046
      1360               3405.9   -0.392098910233348
      1361                 3406   -0.391311905694335
      1362               3406.1    -0.39082500322852
      1363               3406.2    -0.39051486246261
      1364               3406.3   -0.390156010884279
      1365               3406.4   -0.389667088971521
      1366               3406.5   -0.389174839295439
      1367               3406.6   -0.388880633226537
      1368               3406.7    -0.38890371323248
      1369               3406.8   -0.389239321566507
      1370               3406.9    -0.38981346331639
      1371                 3407   -0.390547295417806
      1372               3407.1   -0.391394472020422
      1373               3407.2    -0.39235611621465
      1374               3407.3   -0.393457868612302
      1375               3407.4   -0.394676317671869
      1376               3407.5   -0.395868891862543
      1377               3407.6   -0.396799269988588
      1378               3407.7   -0.397277022897484
      1379               3407.8   -0.397306971359245
      1380               3407.9   -0.397111249205791
      1381                 3408   -0.396996230212294
      1382               3408.1   -0.397174255208587
      1383               3408.2   -0.397667842228645
      1384               3408.3   -0.398329383947531
      1385               3408.4   -0.398934469061262
      1386               3408.5   -0.399295822020646
      1387               3408.6   -0.399336423522614
      1388               3408.7   -0.399072411104894
      1389               3408.8   -0.398551840676362
      1390               3408.9   -0.397868213654569
      1391                 3409   -0.397251672974981
      1392               3409.1   -0.397057280402709
      1393               3409.2   -0.397534206930726
      1394               3409.3   -0.398559288321888
      1395               3409.4   -0.399636606185884
      1396               3409.5   -0.400194608593579
      1397               3409.6   -0.399905003965496
      1398               3409.7   -0.398791270831691
      1399               3409.8   -0.397150464861869
      1400               3409.9   -0.395406068824746
      1401                 3410   -0.393928919474652
      1402               3410.1   -0.392861225563218
      1403               3410.2   -0.392064329698271
      1404               3410.3   -0.391261379394875
      1405               3410.4   -0.390256212560044
      1406               3410.5   -0.389036906522981
      1407               3410.6   -0.387720852845058
      1408               3410.7    -0.38646371929554
      1409               3410.8   -0.385436935376101
      1410               3410.9   -0.384837072940946
      1411                 3411   -0.384825929079937
      1412               3411.1   -0.385395427573234
      1413               3411.2   -0.386286442144641
      1414               3411.3   -0.387085127531138
      1415               3411.4   -0.387454286996368
      1416               3411.5    -0.38731477827853
      1417               3411.6   -0.386839712583571
      1418               3411.7   -0.386300134408021
      1419               3411.8    -0.38590634913706
      1420               3411.9   -0.385740246078601
      1421                 3412   -0.385766162550645
      1422               3412.1   -0.385865122392616
      1423               3412.2   -0.385875980962827
      1424               3412.3   -0.385662105233281
      1425               3412.4   -0.385187478831042
      1426               3412.5   -0.384535381006807
      1427               3412.6    -0.38383665588721
      1428               3412.7   -0.383171192447222
      1429               3412.8   -0.382536953069421
      1430               3412.9   -0.381907104755475
      1431                 3413   -0.381316755190433
      1432               3413.1   -0.380907804748063
      1433               3413.2    -0.38088439527061
      1434               3413.3   -0.381374809508185
      1435               3413.4   -0.382280502428566
      1436               3413.5   -0.383256030119324
      1437               3413.6   -0.383878918768343
      1438               3413.7   -0.383878964542164
      1439               3413.8   -0.383237386375411
      1440               3413.9   -0.382127901131643
      1441                 3414    -0.38082982335076
      1442               3414.1      -0.379690710261
      1443               3414.2    -0.37907469580834
      1444               3414.3   -0.379235390650539
      1445               3414.4   -0.380179206264843
      1446               3414.5   -0.381636963657707
      1447               3414.6   -0.383179607168395
      1448               3414.7   -0.384412482968341
      1449               3414.8   -0.385143538032261
      1450               3414.9   -0.385437365942264
      1451                 3415   -0.385530744517064
      1452               3415.1   -0.385672659913495
      1453               3415.2    -0.38599038862298
      1454               3415.3   -0.386442935975842
      1455               3415.4   -0.386865891856714
      1456               3415.5   -0.387085748875678
      1457               3415.6   -0.387060465912234
      1458               3415.7   -0.386967473487251
      1459               3415.8     -0.3871516800386
      1460               3415.9   -0.387911306775034
      1461                 3416    -0.38922729262787
      1462               3416.1    -0.39064159740939
      1463               3416.2    -0.39143641357553
      1464               3416.3   -0.391044820369438
      1465               3416.4   -0.389415491632803
      1466               3416.5   -0.387072139526806
      1467               3416.6   -0.384840645594313
      1468               3416.7   -0.383442672805761
      1469               3416.8   -0.383200595785905
      1470               3416.9   -0.383981486353546
      1471                 3417   -0.385350541718597
      1472               3417.1    -0.38680908505722
      1473               3417.2   -0.387989819650392
      1474               3417.3   -0.388740765965084
      1475               3417.4   -0.389099406747303
      1476               3417.5   -0.389209217376421
      1477               3417.6   -0.389244988989704
      1478               3417.7   -0.389379799923767
      1479               3417.8   -0.389767249661916
      1480               3417.9    -0.39049163495588
      1481                 3418   -0.391492228350736
      1482               3418.1   -0.392534082770568
      1483               3418.2   -0.393282661539192
      1484               3418.3   -0.393453946160229
      1485               3418.4   -0.392955980664461
      1486               3418.5   -0.391949247338197
      1487               3418.6    -0.39078705298491
      1488               3418.7   -0.389846534898359
      1489               3418.8   -0.389341537885019
      1490               3418.9   -0.389247391004818
      1491                 3419    -0.38938380929555
      1492               3419.1   -0.389571295844712
      1493               3419.2   -0.389744288280741
      1494               3419.3   -0.389974274494045
      1495               3419.4   -0.390415197608294
      1496               3419.5   -0.391197810866969
      1497               3419.6   -0.392328255330262
      1498               3419.7    -0.39366987388314
      1499               3419.8   -0.395021819288197
      1500               3419.9   -0.396215669761145
