     index            Field [G]         Intensity []

         1                 3270   -0.386378663566083
         2               3270.1   -0.386284792863146
         3               3270.2   -0.386078602791603
         4               3270.3   -0.385709052441033
         5               3270.4    -0.38512680842648
         6               3270.5   -0.384336991082004
         7               3270.6   -0.383461528170562
         8               3270.7   -0.382741748970917
         9               3270.8   -0.382435677497588
        10               3270.9   -0.382656955348765
        11                 3271   -0.383270205715626
        12               3271.1   -0.383929362081385
        13               3271.2   -0.384241854237675
        14               3271.3   -0.383955146166458
        15               3271.4   -0.383062689077989
        16               3271.5     -0.3817889800348
        17               3271.6   -0.380473470024806
        18               3271.7   -0.379412732465201
        19               3271.8   -0.378744300959253
        20               3271.9   -0.378434016954132
        21                 3272   -0.378351530852931
        22               3272.1   -0.378359941311843
        23               3272.2   -0.378370837956253
        24               3272.3   -0.378370340497333
        25               3272.4   -0.378420812788131
        26               3272.5   -0.378619241483038
        27               3272.6   -0.379025180625849
        28               3272.7   -0.379621017125593
        29               3272.8   -0.380336160277996
        30               3272.9   -0.381081843014577
        31                 3273   -0.381738002678852
        32               3273.1   -0.382128431122081
        33               3273.2   -0.382068583243583
        34               3273.3   -0.381482572343999
        35               3273.4   -0.380478917422378
        36               3273.5   -0.379301614590975
        37               3273.6   -0.378201031805427
        38               3273.7   -0.377339008415321
        39               3273.8   -0.376786061683974
        40               3273.9   -0.376565035237172
        41                 3274   -0.376657269734798
        42               3274.1   -0.376954029779296
        43               3274.2   -0.377238269833327
        44               3274.3   -0.377287185625514
        45               3274.4   -0.377048040921987
        46               3274.5    -0.37670560050862
        47               3274.6   -0.376525981712381
        48               3274.7   -0.376603101141444
        49               3274.8   -0.376776381618605
        50               3274.9    -0.37682607080253
        51                 3275   -0.376737737893314
        52               3275.1   -0.376735868273191
        53               3275.2   -0.377051267542821
        54               3275.3   -0.377691482953274
        55               3275.4    -0.37845496556545
        56               3275.5   -0.379131987705377
        57               3275.6   -0.379655646857726
        58               3275.7   -0.380082231590822
        59               3275.8   -0.380484872110264
        60               3275.9   -0.380889618410882
        61                 3276   -0.381277328353444
        62               3276.1   -0.381593602999905
        63               3276.2   -0.381744609356865
        64               3276.3   -0.381628157374044
        65               3276.4    -0.38123416946565
        66               3276.5   -0.380750361271358
        67               3276.6   -0.380552756727504
        68               3276.7    -0.38103318330563
        69               3276.8    -0.38236064615922
        70               3276.9   -0.384349179255072
        71                 3277    -0.38652696780918
        72               3277.1   -0.388341157714438
        73               3277.2   -0.389357343268262
        74               3277.3    -0.38938341269358
        75               3277.4   -0.388530410712485
        76               3277.5   -0.387193918555196
        77               3277.6    -0.38589191668569
        78               3277.7   -0.384988917068295
        79               3277.8   -0.384497339932242
        80               3277.9   -0.384131566324741
        81                 3278   -0.383561040735458
        82               3278.1   -0.382634621749826
        83               3278.2   -0.381429515176443
        84               3278.3   -0.380167835728099
        85               3278.4    -0.37909937390529
        86               3278.5   -0.378391393472865
        87               3278.6   -0.378062268230271
        88               3278.7   -0.378021391278244
        89               3278.8   -0.378193235807086
        90               3278.9   -0.378582373265276
        91                 3279   -0.379190320028693
        92               3279.1   -0.379890673684761
        93               3279.2   -0.380435591418106
        94               3279.3   -0.380609451922599
        95               3279.4   -0.380377816355727
        96               3279.5   -0.379898960768292
        97               3279.6   -0.379410851142968
        98               3279.7   -0.379100976974487
        99               3279.8   -0.379044478043415
       100               3279.9   -0.379220207846287
       101                 3280   -0.379558747247108
       102               3280.1   -0.379971417420873
       103               3280.2   -0.380352388922442
       104               3280.3   -0.380594267857879
       105               3280.4   -0.380645664365695
       106               3280.5   -0.380567930722733
       107               3280.6   -0.380515265089771
       108               3280.7    -0.38063396134535
       109               3280.8   -0.380971142400013
       110               3280.9   -0.381471048998436
       111                 3281    -0.38203016795036
       112               3281.1   -0.382527053000799
       113               3281.2   -0.382810001490211
       114               3281.3   -0.382710980157584
       115               3281.4    -0.38213189193094
       116               3281.5   -0.381149103062713
       117               3281.6   -0.380034160304575
       118               3281.7   -0.379150541867794
       119               3281.8    -0.37879463816169
       120               3281.9   -0.379097193577681
       121                 3282   -0.380031902144429
       122               3282.1   -0.381458076547655
       123               3282.2   -0.383113268741719
       124               3282.3   -0.384608474320295
       125               3282.4   -0.385561687423648
       126               3282.5   -0.385855809285698
       127               3282.6   -0.385785923273232
       128               3282.7   -0.385892747310325
       129               3282.8   -0.386577816124617
       130               3282.9   -0.387821388191131
       131                 3283   -0.389229477748015
       132               3283.1   -0.390345929136203
       133               3283.2   -0.390967112006001
       134               3283.3   -0.391231307923948
       135               3283.4   -0.391451674059937
       136               3283.5   -0.391852702807078
       137               3283.6    -0.39241608908109
       138               3283.7   -0.392925767320023
       139               3283.8   -0.393140918662921
       140               3283.9   -0.392957957017265
       141                 3284   -0.392469807459141
       142               3284.1   -0.391908764267903
       143               3284.2   -0.391507993903379
       144               3284.3    -0.39135033717968
       145               3284.4   -0.391297016613212
       146               3284.5   -0.391061409787412
       147               3284.6   -0.390399826355426
       148               3284.7   -0.389293598836128
       149               3284.8   -0.387982237368519
       150               3284.9     -0.3868110567799
       151                 3285   -0.386007089433929
       152               3285.1   -0.385550971819166
       153               3285.2   -0.385215521392437
       154               3285.3   -0.384714325471041
       155               3285.4   -0.383869691282336
       156               3285.5    -0.38272971373593
       157               3285.6   -0.381566133567586
       158               3285.7   -0.380720253084126
       159               3285.8   -0.380380189731431
       160               3285.9   -0.380458977755896
       161                 3286   -0.380677353409192
       162               3286.1   -0.380789841230723
       163               3286.2   -0.380776915432795
       164               3286.3   -0.380845277954969
       165               3286.4   -0.381227818016077
       166               3286.5    -0.38195737331207
       167               3286.6   -0.382826839483541
       168               3286.7   -0.383565051500222
       169               3286.8   -0.384038494198241
       170               3286.9   -0.384288685585224
       171                 3287   -0.384419033312786
       172               3287.1   -0.384492619772151
       173               3287.2   -0.384539109585342
       174               3287.3    -0.38461360681141
       175               3287.4   -0.384799293234965
       176               3287.5   -0.385131935660888
       177               3287.6   -0.385523031123016
       178               3287.7   -0.385768856882911
       179               3287.8   -0.385670379661644
       180               3287.9    -0.38520639117785
       181                 3288   -0.384630302532684
       182               3288.1   -0.384362691835079
       183               3288.2   -0.384697825690375
       184               3288.3   -0.385549342352593
       185               3288.4    -0.38648799000123
       186               3288.5   -0.387072160986896
       187               3288.6   -0.387180006970681
       188               3288.7   -0.387049159406837
       189               3288.8   -0.387024627066988
       190               3288.9   -0.387281317291414
       191                 3289   -0.387758679764904
       192               3289.1   -0.388299325868843
       193               3289.2    -0.38880445011851
       194               3289.3   -0.389264034271503
       195               3289.4   -0.389686985197102
       196               3289.5   -0.390041605090104
       197               3289.6   -0.390253230980852
       198               3289.7    -0.39022038481445
       199               3289.8   -0.389832238483464
       200               3289.9   -0.389034205089866
       201                 3290    -0.38794155324538
       202               3290.1   -0.386877701690431
       203               3290.2   -0.386223668498123
       204               3290.3    -0.38615691265094
       205               3290.4   -0.386503497841351
       206               3290.5   -0.386838413680242
       207               3290.6   -0.386750280715825
       208               3290.7   -0.386069645969554
       209               3290.8   -0.384921806211049
       210               3290.9   -0.383609335015692
       211                 3291   -0.382433608691875
       212               3291.1   -0.381569984820157
       213               3291.2   -0.381041069881821
       214               3291.3   -0.380764045983218
       215               3291.4   -0.380629139138931
       216               3291.5   -0.380570886084825
       217               3291.6    -0.38059539506652
       218               3291.7   -0.380750901804791
       219               3291.8    -0.38107581506785
       220               3291.9   -0.381567521656307
       221                 3292    -0.38217539240287
       222               3292.1   -0.382804886878547
       223               3292.2   -0.383345147666773
       224               3292.3   -0.383726698423055
       225               3292.4   -0.383963119891945
       226               3292.5   -0.384120878847224
       227               3292.6   -0.384235210834196
       228               3292.7   -0.384256317507445
       229               3292.8   -0.384080065173564
       230               3292.9   -0.383631526175271
       231                 3293   -0.382930685126899
       232               3293.1   -0.382101484149779
       233               3293.2   -0.381330069220132
       234               3293.3   -0.380796056833164
       235               3293.4   -0.380600895083495
       236               3293.5   -0.380715093968178
       237               3293.6   -0.380970540388415
       238               3293.7    -0.38112930981131
       239               3293.8   -0.381022051355708
       240               3293.9   -0.380658357958012
       241                 3294    -0.38018629389832
       242               3294.1   -0.379720555044147
       243               3294.2   -0.379229018643586
       244               3294.3   -0.378619035425912
       245               3294.4   -0.377921752685735
       246               3294.5   -0.377339772230883
       247               3294.6   -0.377075329155844
       248               3294.7   -0.377114837126033
       249               3294.8   -0.377215506861765
       250               3294.9   -0.377138467355501
       251                 3295   -0.376905350724823
       252               3295.1   -0.376809710891956
       253               3295.2   -0.377157561624524
       254               3295.3    -0.37798850704818
       255               3295.4   -0.379040746286981
       256               3295.5   -0.379971548294609
       257               3295.6   -0.380610421185261
       258               3295.7   -0.381029500333346
       259               3295.8   -0.381415512190916
       260               3295.9   -0.381896183800039
       261                 3296   -0.382460886015745
       262               3296.1   -0.382985534934045
       263               3296.2   -0.383298578135488
       264               3296.3   -0.383257847905274
       265               3296.4   -0.382834876051795
       266               3296.5   -0.382161299286279
       267               3296.6   -0.381474381011304
       268               3296.7   -0.380976789944518
       269               3296.8   -0.380712313800383
       270               3296.9   -0.380548378942493
       271                 3297    -0.38027346721923
       272               3297.1   -0.379742170111601
       273               3297.2   -0.378966796739069
       274               3297.3   -0.378088518389221
       275               3297.4   -0.377268122766139
       276               3297.5   -0.376612250286033
       277               3297.6   -0.376184847399469
       278               3297.7   -0.376032280508202
       279               3297.8   -0.376155388010209
       280               3297.9   -0.376474674255233
       281                 3298   -0.376869101629507
       282               3298.1   -0.377270641466986
       283               3298.2   -0.377709206924944
       284               3298.3   -0.378246096952799
       285               3298.4   -0.378862651978808
       286               3298.5   -0.379434539445093
       287               3298.6   -0.379832116320436
       288               3298.7   -0.380041849002326
       289               3298.8   -0.380186728815329
       290               3298.9   -0.380445133496639
       291                 3299   -0.380951242580227
       292               3299.1    -0.38172466557346
       293               3299.2    -0.38263162010801
       294               3299.3   -0.383399755432267
       295               3299.4   -0.383722494080833
       296               3299.5   -0.383433410753451
       297               3299.6   -0.382651737878508
       298               3299.7   -0.381777605209016
       299               3299.8   -0.381294600581202
       300               3299.9   -0.381488683289908
       301                 3300   -0.382287632989333
       302               3300.1   -0.383337088156754
       303               3300.2   -0.384220996758593
       304               3300.3   -0.384634263536585
       305               3300.4   -0.384429910051154
       306               3300.5   -0.383621944643411
       307               3300.6   -0.382412973085674
       308               3300.7   -0.381178211238391
       309               3300.8   -0.380314206707164
       310               3300.9   -0.380019963852366
       311                 3301   -0.380197399182229
       312               3301.1   -0.380552337178971
       313               3301.2   -0.380783757289042
       314               3301.3   -0.380713124435174
       315               3301.4   -0.380318936560435
       316               3301.5   -0.379711590632261
       317               3301.6    -0.37906578408252
       318               3301.7   -0.378535768934627
       319               3301.8     -0.3782173560071
       320               3301.9   -0.378176457858745
       321                 3302   -0.378465661402231
       322               3302.1   -0.379066609348716
       323               3302.2   -0.379828976552076
       324               3302.3   -0.380518059961915
       325               3302.4   -0.380955440661026
       326               3302.5   -0.381126891618382
       327               3302.6   -0.381177743070459
       328               3302.7   -0.381315838532018
       329               3302.8   -0.381676563339642
       330               3302.9   -0.382214316496491
       331                 3303   -0.382705660524743
       332               3303.1   -0.382896016744115
       333               3303.2   -0.382680663169638
       334               3303.3    -0.38215253089895
       335               3303.4   -0.381486419478882
       336               3303.5   -0.380806155542135
       337               3303.6   -0.380175454431367
       338               3303.7   -0.379687924096585
       339               3303.8    -0.37952116346434
       340               3303.9   -0.379871273933594
       341                 3304   -0.380808921397414
       342               3304.1    -0.38217438306725
       343               3304.2   -0.383609551070525
       344               3304.3   -0.384722533005327
       345               3304.4   -0.385268853728422
       346               3304.5   -0.385224165669545
       347               3304.6   -0.384736132781359
       348               3304.7   -0.384041720550229
       349               3304.8   -0.383403349392371
       350               3304.9   -0.383033656665198
       351                 3305   -0.382995878940338
       352               3305.1   -0.383158583302621
       353               3305.2   -0.383285798035468
       354               3305.3    -0.38322237882417
       355               3305.4   -0.383036205071429
       356               3305.5   -0.383008485537406
       357               3305.6    -0.38346918796455
       358               3305.7   -0.384568032742904
       359               3305.8   -0.386121609851848
       360               3305.9   -0.387661782013891
       361                 3306   -0.388696564947357
       362               3306.1   -0.389021357052825
       363               3306.2   -0.388832479482228
       364               3306.3   -0.388524029488458
       365               3306.4   -0.388323794816966
       366               3306.5   -0.388087400532293
       367               3306.6   -0.387435370173767
       368               3306.7   -0.386101498862729
       369               3306.8   -0.384179767840125
       370               3306.9   -0.382082988648677
       371                 3307   -0.380302861613015
       372               3307.1   -0.379196304101139
       373               3307.2    -0.37892029911597
       374               3307.3   -0.379465307110703
       375               3307.4   -0.380685265860015
       376               3307.5   -0.382296561284996
       377               3307.6   -0.383903059540057
       378               3307.7   -0.385110671879359
       379               3307.8   -0.385708455924629
       380               3307.9   -0.385783535988369
       381                 3308   -0.385641267327557
       382               3308.1   -0.385570722713506
       383               3308.2   -0.385660412360735
       384               3308.3   -0.385817948896159
       385               3308.4   -0.385925793752241
       386               3308.5   -0.385940919698986
       387               3308.6   -0.385857025306824
       388               3308.7   -0.385631935518831
       389               3308.8    -0.38520830168146
       390               3308.9    -0.38461358093558
       391                 3309   -0.384008785603322
       392               3309.1   -0.383602411986282
       393               3309.2   -0.383493161692781
       394               3309.3   -0.383587131698476
       395               3309.4   -0.383664114452993
       396               3309.5   -0.383521010557483
       397               3309.6    -0.38306206676667
       398               3309.7   -0.382291605312352
       399               3309.8    -0.38127188621795
       400               3309.9   -0.380112784622145
       401                 3310   -0.378991065743526
       402               3310.1   -0.378146365547453
       403               3310.2   -0.377803426457174
       404               3310.3   -0.378034364568244
       405               3310.4   -0.378672918678792
       406               3310.5   -0.379402475488374
       407               3310.6   -0.379983689623022
       408               3310.7   -0.380416782163386
       409               3310.8   -0.380872381744524
       410               3310.9   -0.381455097085865
       411                 3311   -0.382037247609476
       412               3311.1   -0.382335106166652
       413               3311.2   -0.382160305437924
       414               3311.3    -0.38159653760195
       415               3311.4   -0.380915883420363
       416               3311.5   -0.380312422487489
       417               3311.6   -0.379723776983724
       418               3311.7   -0.378923380307278
       419               3311.8   -0.377791527902193
       420               3311.9   -0.376501677101135
       421                 3312   -0.375446218502389
       422               3312.1   -0.374957888075759
       423               3312.2   -0.375045780773356
       424               3312.3   -0.375350675228007
       425               3312.4   -0.375362576864906
       426               3312.5   -0.374751472188877
       427               3312.6   -0.373583013323731
       428               3312.7   -0.372280260076156
       429               3312.8   -0.371365534294945
       430               3312.9   -0.371150527607634
       431                 3313   -0.371574547175462
       432               3313.1   -0.372292501819396
       433               3313.2   -0.372919106550987
       434               3313.3   -0.373209039429732
       435               3313.4   -0.373049898271668
       436               3313.5   -0.372362900364846
       437               3313.6    -0.37107658565757
       438               3313.7   -0.369200116169489
       439               3313.8    -0.36688997257127
       440               3313.9   -0.364428568698688
       441                 3314   -0.362124098352665
       442               3314.1   -0.360179473646426
       443               3314.2   -0.358590740485722
       444               3314.3   -0.357156791094803
       445               3314.4    -0.35564078572348
       446               3314.5   -0.353987458061416
       447               3314.6      -0.352407799493
       448               3314.7   -0.351239109528952
       449               3314.8   -0.350694925303156
       450               3314.9   -0.350709672999312
       451                 3315   -0.350976900649768
       452               3315.1   -0.351120015842157
       453               3315.2   -0.350869466663059
       454               3315.3    -0.35015390666648
       455               3315.4   -0.349078876537245
       456               3315.5   -0.347825208920083
       457               3315.6   -0.346532228410142
       458               3315.7   -0.345228282120197
       459               3315.8   -0.343842274473653
       460               3315.9    -0.34228561979988
       461                 3316   -0.340542928551903
       462               3316.1   -0.338689244127331
       463               3316.2   -0.336806605464597
       464               3316.3   -0.334873338273583
       465               3316.4   -0.332740336221149
       466               3316.5   -0.330232048973777
       467               3316.6   -0.327289637656995
       468               3316.7    -0.32403284031354
       469               3316.8   -0.320687479955188
       470               3316.9   -0.317429111414366
       471                 3317   -0.314247668530994
       472               3317.1   -0.310929445350879
       473               3317.2   -0.307194592166771
       474               3317.3   -0.302921397522526
       475               3317.4   -0.298286439679829
       476               3317.5   -0.293678978477719
       477               3317.6   -0.289440784417295
       478               3317.7   -0.285654421666058
       479               3317.8   -0.282151809075582
       480               3317.9   -0.278696445256006
       481                 3318   -0.275150226495757
       482               3318.1   -0.271493164173096
       483               3318.2   -0.267721125645009
       484               3318.3    -0.26374747828088
       485               3318.4   -0.259417045014266
       486               3318.5   -0.254629931849868
       487               3318.6   -0.249450273896704
       488               3318.7   -0.244063653920062
       489               3318.8   -0.238598737925214
       490               3318.9   -0.233002362659226
       491                 3319   -0.227136127287346
       492               3319.1    -0.22103265172177
       493               3319.2   -0.215053092183359
       494               3319.3   -0.209753655428817
       495               3319.4   -0.205550972409194
       496               3319.5   -0.202481498262162
       497               3319.6   -0.200246284156805
       498               3319.7   -0.198436140726283
       499               3319.8   -0.196700583817663
       500               3319.9   -0.194792656374019
       501                 3320   -0.192611987428738
       502               3320.1   -0.190299993869966
       503               3320.2   -0.188251684143982
       504               3320.3   -0.186927123802343
       505               3320.4   -0.186577766423341
       506               3320.5    -0.18712562383282
       507               3320.6   -0.188278667207796
       508               3320.7   -0.189741278095985
       509               3320.8   -0.191342129155594
       510               3320.9   -0.193035378622045
       511                 3321   -0.194845071265233
       512               3321.1   -0.196826140342169
       513               3321.2   -0.199059471204825
       514               3321.3   -0.201653502085493
       515               3321.4   -0.204720693828279
       516               3321.5   -0.208332983252446
       517               3321.6   -0.212497274046472
       518               3321.7   -0.217173276646817
       519               3321.8   -0.222293670171956
       520               3321.9   -0.227737225265645
       521                 3322    -0.23328603021136
       522               3322.1   -0.238657831717451
       523               3322.2   -0.243640107830167
       524               3322.3   -0.248231005594333
       525               3322.4   -0.252659020996681
       526               3322.5   -0.257245995296534
       527               3322.6   -0.262208513021254
       528               3322.7   -0.267547294521178
       529               3322.8   -0.273099885788211
       530               3322.9   -0.278690355310199
       531                 3323   -0.284237325064987
       532               3323.1   -0.289742761308795
       533               3323.2   -0.295199715051635
       534               3323.3   -0.300515147240302
       535               3323.4    -0.30551504618431
       536               3323.5   -0.310027267773849
       537               3323.6   -0.313981515787032
       538               3323.7   -0.317461514716902
       539               3323.8   -0.320680940434065
       540               3323.9   -0.323893393840191
       541                 3324   -0.327273112304175
       542               3324.1   -0.330824801313988
       543               3324.2   -0.334382154689001
       544               3324.3   -0.337709072849906
       545               3324.4   -0.340643494088679
       546               3324.5   -0.343182313458937
       547               3324.6   -0.345444600863959
       548               3324.7   -0.347552722467489
       549               3324.8    -0.34954821071037
       550               3324.9   -0.351422110717986
       551                 3325   -0.353212880660073
       552               3325.1   -0.355044775246294
       553               3325.2   -0.357037708689174
       554               3325.3   -0.359158321727534
       555               3325.4    -0.36116482251078
       556               3325.5   -0.362736602168034
       557               3325.6   -0.363705629355385
       558               3325.7   -0.364177892539161
       559               3325.8   -0.364413816026095
       560               3325.9   -0.364583675977126
       561                 3326   -0.364653453098205
       562               3326.1   -0.364502764332294
       563               3326.2   -0.364111479910515
       564               3326.3   -0.363607959885048
       565               3326.4   -0.363174931069862
       566               3326.5    -0.36295619921721
       567               3326.6   -0.363024209082884
       568               3326.7     -0.3633431793193
       569               3326.8   -0.363714925912683
       570               3326.9   -0.363819896510381
       571                 3327   -0.363413813911957
       572               3327.1   -0.362535099940515
       573               3327.2   -0.361508306902051
       574               3327.3   -0.360714909069577
       575               3327.4   -0.360322986547069
       576               3327.5   -0.360182859367211
       577               3327.6   -0.359938358826689
       578               3327.7   -0.359250199603757
       579               3327.8    -0.35797748291415
       580               3327.9   -0.356216809217177
       581                 3328   -0.354209067662792
       582               3328.1   -0.352207174968441
       583               3328.2   -0.350393416842525
       584               3328.3   -0.348871303891062
       585               3328.4   -0.347699038903839
       586               3328.5   -0.346906886510744
       587               3328.6   -0.346459866127784
       588               3328.7    -0.34619933793199
       589               3328.8    -0.34586409119363
       590               3328.9    -0.34524211977371
       591                 3329   -0.344342434192164
       592               3329.1   -0.343393922683864
       593               3329.2   -0.342629538089564
       594               3329.3   -0.342060472145621
       595               3329.4   -0.341482445247449
       596               3329.5   -0.340712327395407
       597               3329.6   -0.339806573215256
       598               3329.7   -0.339044464870425
       599               3329.8   -0.338707552907282
       600               3329.9   -0.338863712487667
       601                 3330   -0.339321635545673
       602               3330.1   -0.339760076275231
       603               3330.2   -0.339914434660101
       604               3330.3   -0.339692571636512
       605               3330.4   -0.339176331077489
       606               3330.5   -0.338557703918614
       607               3330.6   -0.338065180303971
       608               3330.7   -0.337884243026821
       609               3330.8   -0.338079394547619
       610               3330.9   -0.338579925324975
       611                 3331   -0.339272171985465
       612               3331.1   -0.340133181637733
       613               3331.2   -0.341287611130238
       614               3331.3   -0.342941300798652
       615               3331.4   -0.345247167890404
       616               3331.5   -0.348200733649253
       617               3331.6    -0.35164356935345
       618               3331.7   -0.355383781905967
       619               3331.8   -0.359341904095548
       620               3331.9    -0.36359208625192
       621                 3332   -0.368269401268625
       622               3332.1   -0.373456712649529
       623               3332.2   -0.379165541377509
       624               3332.3   -0.385383126726258
       625               3332.4   -0.392078351239926
       626               3332.5   -0.399154171377165
       627               3332.6   -0.406445904499633
       628               3332.7   -0.413810433354246
       629               3332.8   -0.421212271745149
       630               3332.9   -0.428704243606254
       631                 3333   -0.436336653363172
       632               3333.1   -0.444110633068816
       633               3333.2   -0.452015216301028
       634               3333.3   -0.460076386868793
       635               3333.4   -0.468343420925241
       636               3333.5   -0.476820508656989
       637               3333.6   -0.485409280889358
       638               3333.7   -0.493917891792562
       639               3333.8   -0.502145610623355
       640               3333.9    -0.50999831661591
       641                 3334   -0.517553874590441
       642               3334.1   -0.525015471541961
       643               3334.2   -0.532571042638018
       644               3334.3   -0.540251712239476
       645               3334.4   -0.547882578526599
       646               3334.5   -0.555155394602986
       647               3334.6   -0.561780107190582
       648               3334.7   -0.567619665437369
       649               3334.8   -0.572705246500971
       650               3334.9   -0.577112730406413
       651                 3335   -0.580820015088441
       652               3335.1   -0.583696154171401
       653               3335.2   -0.585620384246327
       654               3335.3   -0.586576362910072
       655               3335.4   -0.586624725223717
       656               3335.5   -0.585832377095796
       657               3335.6   -0.584271826452539
       658               3335.7   -0.582068818176653
       659               3335.8   -0.579387995097135
       660               3335.9   -0.576332858661461
       661                 3336   -0.572874616445257
       662               3336.1   -0.568913919415314
       663               3336.2   -0.564408435170737
       664               3336.3   -0.559395305498987
       665               3336.4   -0.553874557158472
       666               3336.5   -0.547725170178832
       667               3336.6   -0.540794852423336
       668               3336.7   -0.533071306473126
       669               3336.8    -0.52474002191227
       670               3336.9   -0.516086213134981
       671                 3337   -0.507369043205305
       672               3337.1   -0.498772898189054
       673               3337.2   -0.490406473629699
       674               3337.3    -0.48227013085348
       675               3337.4   -0.474187172183544
       676               3337.5   -0.465782685897831
       677               3337.6   -0.456588075819632
       678               3337.7   -0.446251967392081
       679               3337.8   -0.434738524168197
       680               3337.9    -0.42238214252028
       681                 3338   -0.409757002158652
       682               3338.1    -0.39744276081035
       683               3338.2   -0.385826853926935
       684               3338.3   -0.375028790124479
       685               3338.4   -0.364920639319905
       686               3338.5   -0.355178379924143
       687               3338.6   -0.345362637897866
       688               3338.7   -0.335064398084879
       689               3338.8   -0.324069578008635
       690               3338.9   -0.312414988344526
       691                 3339   -0.300282377633137
       692               3339.1    -0.28783832779547
       693               3339.2   -0.275167299986407
       694               3339.3   -0.262313457170337
       695               3339.4   -0.249321127776419
       696               3339.5   -0.236206883707126
       697               3339.6   -0.222934039011926
       698               3339.7   -0.209472327596243
       699               3339.8   -0.195869944463093
       700               3339.9   -0.182188794883116
       701                 3340   -0.168331952061283
       702               3340.1   -0.153994587296467
       703               3340.2   -0.138860599859593
       704               3340.3   -0.122852923756979
       705               3340.4   -0.106162220536024
       706               3340.5  -0.0890429703915962
       707               3340.6  -0.0716112242447274
       708               3340.7  -0.0538132903563548
       709               3340.8  -0.0355208261200695
       710               3340.9  -0.0166357627725051
       711                 3341  0.00283817561902791
       712               3341.1   0.0227612206539227
       713               3341.2   0.0428945975698113
       714               3341.3   0.0630284206669163
       715               3341.4   0.0831313098218694
       716               3341.5    0.103399331969078
       717               3341.6    0.124140144442329
       718               3341.7     0.14554243020902
       719               3341.8     0.16746026797713
       720               3341.9    0.189353337613207
       721                 3342    0.210454723828576
       722               3342.1    0.230084812390728
       723               3342.2    0.247884002002342
       724               3342.3    0.263768632541781
       725               3342.4    0.277653564334059
       726               3342.5    0.289203078907684
       727               3342.6    0.297824339104801
       728               3342.7    0.302862482383819
       729               3342.8    0.303787221536055
       730               3342.9    0.300232685029374
       731                 3343    0.291927081464326
       732               3343.1    0.278628314846544
       733               3343.2    0.260136013795778
       734               3343.3    0.236366955186597
       735               3343.4    0.207424655812117
       736               3343.5    0.173592375962785
       737               3343.6    0.135245871283166
       738               3343.7   0.0927758022446551
       739               3343.8   0.0466229911065212
       740               3343.9 -0.00258816385362835
       741                 3344  -0.0539679710763283
       742               3344.1   -0.106459174004946
       743               3344.2    -0.15906095564612
       744               3344.3   -0.210995920892254
       745               3344.4   -0.261717550741815
       746               3344.5   -0.310835076246989
       747               3344.6    -0.35807381435481
       748               3344.7   -0.403261441128777
       749               3344.8   -0.446247442632383
       750               3344.9   -0.486760827985175
       751                 3345   -0.524346304454463
       752               3345.1   -0.558479921298337
       753               3345.2   -0.588782346708002
       754               3345.3   -0.615150587524571
       755               3345.4   -0.637728099950824
       756               3345.5   -0.656790922834672
       757               3345.6   -0.672665386938174
       758               3345.7   -0.685710990895883
       759               3345.8   -0.696325021848896
       760               3345.9   -0.704923202544238
       761                 3346   -0.711892373847959
       762               3346.1   -0.717541692810226
       763               3346.2   -0.722072707071709
       764               3346.3   -0.725566057948958
       765               3346.4   -0.727989720004359
       766               3346.5   -0.729264073522655
       767               3346.6   -0.729392461689696
       768               3346.7   -0.728569302086489
       769               3346.8   -0.727146310671582
       770               3346.9   -0.725459800119669
       771                 3347   -0.723663530848576
       772               3347.1   -0.721696394130649
       773               3347.2   -0.719383372529315
       774               3347.3   -0.716581212662532
       775               3347.4   -0.713274503682016
       776               3347.5   -0.709554359400933
       777               3347.6   -0.705482824210071
       778               3347.7   -0.700960750576438
       779               3347.8   -0.695753978960112
       780               3347.9   -0.689697378295684
       781                 3348   -0.682902208214155
       782               3348.1   -0.675755887571894
       783               3348.2   -0.668686345798302
       784               3348.3   -0.661892610384225
       785               3348.4   -0.655282762386782
       786               3348.5   -0.648656405306421
       787               3348.6   -0.641927169340572
       788               3348.7   -0.635157269635026
       789               3348.8   -0.628389412473559
       790               3348.9   -0.621475295056633
       791                 3349   -0.614092573263803
       792               3349.1   -0.605935470851251
       793               3349.2   -0.596887792029227
       794               3349.3   -0.587033399125397
       795               3349.4   -0.576559571619909
       796               3349.5   -0.565700563275877
       797               3349.6   -0.554745557815695
       798               3349.7   -0.544007395897618
       799               3349.8   -0.533718078333318
       800               3349.9   -0.523957182173704
       801                 3350   -0.514695230234988
       802               3350.1    -0.50588732041671
       803               3350.2   -0.497505473548028
       804               3350.3   -0.489498707797577
       805               3350.4   -0.481767851040968
       806               3350.5   -0.474227441250857
       807               3350.6   -0.466920981846031
       808               3350.7   -0.460063014513093
       809               3350.8   -0.453924544909969
       810               3350.9   -0.448650011488721
       811                 3351   -0.444188855101205
       812               3351.1   -0.440395058938638
       813               3351.2   -0.437155781999413
       814               3351.3   -0.434412550412566
       815               3351.4   -0.432110139973404
       816               3351.5   -0.430198436897291
       817               3351.6   -0.428713940600086
       818               3351.7   -0.427834528650603
       819               3351.8    -0.42781021468624
       820               3351.9   -0.428802334043943
       821                 3352   -0.430755470108086
       822               3352.1   -0.433394388510016
       823               3352.2   -0.436340212858221
       824               3352.3   -0.439268692303978
       825               3352.4   -0.442023864132599
       826               3352.5   -0.444639167089151
       827               3352.6   -0.447268013399015
       828               3352.7     -0.4500552142398
       829               3352.8   -0.453001880342711
       830               3352.9   -0.455907411121874
       831                 3353   -0.458462264136318
       832               3353.1   -0.460460521776713
       833               3353.2   -0.461976921248428
       834               3353.3   -0.463355694434374
       835               3353.4   -0.465009203261176
       836               3353.5   -0.467179162732462
       837               3353.6     -0.4698300825736
       838               3353.7   -0.472722302309027
       839               3353.8   -0.475569977709393
       840               3353.9   -0.478150619685049
       841                 3354   -0.480314724232095
       842               3354.1   -0.481947222995961
       843               3354.2    -0.48295578966115
       844               3354.3   -0.483310489794017
       845               3354.4   -0.483105036420917
       846               3354.5   -0.482584886239327
       847               3354.6   -0.482093223576986
       848               3354.7   -0.481935252552086
       849               3354.8   -0.482235269270448
       850               3354.9   -0.482885648444155
       851                 3355   -0.483620612599655
       852               3355.1   -0.484148042541184
       853               3355.2   -0.484237578075464
       854               3355.3    -0.48372758252548
       855               3355.4   -0.482506804948171
       856               3355.5   -0.480540716724374
       857               3355.6   -0.477933306603059
       858               3355.7   -0.474948188076889
       859               3355.8   -0.471941194299015
       860               3355.9    -0.46923696130878
       861                 3356   -0.467025467549725
       862               3356.1   -0.465333760883014
       863               3356.2   -0.464069692334745
       864               3356.3   -0.463082916285354
       865               3356.4    -0.46219490711351
       866               3356.5    -0.46121645622936
       867               3356.6   -0.460009114145094
       868               3356.7     -0.4585818431397
       869               3356.8   -0.457123125085145
       870               3356.9    -0.45589788283614
       871                 3357   -0.455076373443971
       872               3357.1   -0.454632182591699
       873               3357.2   -0.454363262234618
       874               3357.3   -0.453980776729655
       875               3357.4     -0.4532060794035
       876               3357.5   -0.451862307440545
       877               3357.6   -0.449938259105531
       878               3357.7   -0.447575733482067
       879               3357.8   -0.444979853839115
       880               3357.9   -0.442332197610555
       881                 3358   -0.439780065588926
       882               3358.1   -0.437485210864418
       883               3358.2   -0.435655681169771
       884               3358.3   -0.434504795344226
       885               3358.4   -0.434139232399903
       886               3358.5   -0.434443235484333
       887               3358.6   -0.435070950782954
       888               3358.7   -0.435606352892942
       889               3358.8    -0.43579083225548
       890               3358.9   -0.435622453086443
       891                 3359   -0.435251652661942
       892               3359.1   -0.434812247984614
       893               3359.2   -0.434364553716832
       894               3359.3   -0.433949356220157
       895               3359.4   -0.433607366917195
       896               3359.5   -0.433300229534064
       897               3359.6   -0.432849139246051
       898               3359.7   -0.432020402717658
       899               3359.8    -0.43069993129809
       900               3359.9   -0.428965265658324
       901                 3360   -0.426980569302708
       902               3360.1   -0.424859618549338
       903               3360.2   -0.422664738021397
       904               3360.3   -0.420507559047322
       905               3360.4   -0.418577159502558
       906               3360.5   -0.417031688038729
       907               3360.6   -0.415880795928821
       908               3360.7   -0.414996025253077
       909               3360.8   -0.414229315666315
       910               3360.9   -0.413517915131339
       911                 3361   -0.412901686753219
       912               3361.1   -0.412467309991489
       913               3361.2   -0.412266713228393
       914               3361.3   -0.412257157639908
       915               3361.4   -0.412304733544518
       916               3361.5   -0.412255053988527
       917               3361.6     -0.4120189642964
       918               3361.7   -0.411615115868093
       919               3361.8   -0.411158177275126
       920               3361.9   -0.410810842838434
       921                 3362   -0.410711624411196
       922               3362.1   -0.410896302261847
       923               3362.2   -0.411255576486971
       924               3362.3   -0.411572084444763
       925               3362.4   -0.411638677347599
       926               3362.5   -0.411392845980635
       927               3362.6   -0.410954119685041
       928               3362.7   -0.410504215085714
       929               3362.8   -0.410112497759488
       930               3362.9   -0.409703534150385
       931                 3363   -0.409215940231076
       932               3363.1   -0.408754058646601
       933               3363.2   -0.408519210474257
       934               3363.3   -0.408575102714253
       935               3363.4   -0.408714771372906
       936               3363.5   -0.408587921783601
       937               3363.6   -0.407967973436285
       938               3363.7   -0.406916575362751
       939               3363.8   -0.405731767687856
       940               3363.9   -0.404759181397845
       941                 3364   -0.404214307365183
       942               3364.1   -0.404101892631772
       943               3364.2   -0.404241361319492
       944               3364.3   -0.404376421397217
       945               3364.4   -0.404317312089573
       946               3364.5   -0.404020506582967
       947               3364.6   -0.403542704763675
       948               3364.7   -0.402935542425429
       949               3364.8   -0.402215743970808
       950               3364.9   -0.401438164916427
       951                 3365   -0.400756431674439
       952               3365.1   -0.400373176069656
       953               3365.2   -0.400417698200936
       954               3365.3   -0.400854418687285
       955               3365.4   -0.401473245195074
       956               3365.5   -0.401955551442436
       957               3365.6   -0.402002265454359
       958               3365.7   -0.401492955872026
       959               3365.8   -0.400595595025409
       960               3365.9    -0.39973838147697
       961                 3366   -0.399423701001965
       962               3366.1   -0.399957839840807
       963               3366.2   -0.401239586669951
       964               3366.3   -0.402764725166548
       965               3366.4   -0.403899320642745
       966               3366.5   -0.404264230750904
       967               3366.6   -0.403946259034652
       968               3366.7   -0.403377607592198
       969               3366.8   -0.402994569780689
       970               3366.9   -0.402934090888681
       971                 3367   -0.402959216038235
       972               3367.1   -0.402633311379051
       973               3367.2   -0.401611614832645
       974               3367.3   -0.399857555336289
       975               3367.4    -0.39766198810164
       976               3367.5   -0.395495480899055
       977               3367.6   -0.393815218310994
       978               3367.7   -0.392916808495918
       979               3367.8   -0.392860459332119
       980               3367.9   -0.393490598446954
       981                 3368   -0.394552832645047
       982               3368.1   -0.395839090604085
       983               3368.2   -0.397245904314282
       984               3368.3   -0.398706348184473
       985               3368.4    -0.40008064750261
       986               3368.5   -0.401118126400344
       987               3368.6   -0.401526841739294
       988               3368.7   -0.401115484218781
       989               3368.8   -0.399940198145392
       990               3368.9   -0.398355673545988
       991                 3369   -0.396878890369066
       992               3369.1   -0.395913377320039
       993               3369.2   -0.395552130266872
       994               3369.3   -0.395635306702352
       995               3369.4   -0.395975629761794
       996               3369.5    -0.39649934949002
       997               3369.6   -0.397190919962916
       998               3369.7    -0.39796595278588
       999               3369.8   -0.398630468884124
      1000               3369.9   -0.398943855288567
      1001                 3370   -0.398716167670343
      1002               3370.1   -0.397897260851696
      1003               3370.2   -0.396640581102817
      1004               3370.3   -0.395301848642078
      1005               3370.4   -0.394332620292906
      1006               3370.5   -0.394092978110699
      1007               3370.6   -0.394683985767724
      1008               3370.7   -0.395907915897859
      1009               3370.8    -0.39738190466986
      1010               3370.9   -0.398728424067008
      1011                 3371   -0.399731000128062
      1012               3371.1   -0.400381559766111
      1013               3371.2   -0.400805814691163
      1014               3371.3   -0.401119233039214
      1015               3371.4   -0.401325158218699
      1016               3371.5   -0.401342954823734
      1017               3371.6   -0.401127024551895
      1018               3371.7   -0.400751182902594
      1019               3371.8   -0.400402281588949
      1020               3371.9   -0.400329887953907
      1021                 3372   -0.400778782354379
      1022               3372.1   -0.401878714533082
      1023               3372.2   -0.403533589285241
      1024               3372.3    -0.40543163752938
      1025               3372.4   -0.407198229365345
      1026               3372.5   -0.408542527941063
      1027               3372.6   -0.409278811106714
      1028               3372.7   -0.409304880575262
      1029               3372.8   -0.408679154491096
      1030               3372.9   -0.407745662682327
      1031                 3373   -0.407092932936308
      1032               3373.1    -0.40726186945886
      1033               3373.2    -0.40840531102519
      1034               3373.3   -0.410197373638161
      1035               3373.4   -0.412076152945208
      1036               3373.5   -0.413611789436116
      1037               3373.6   -0.414709468182142
      1038               3373.7   -0.415530986006137
      1039               3373.8    -0.41626357872874
      1040               3373.9   -0.416962275284541
      1041                 3374   -0.417572659823031
      1042               3374.1   -0.418041623488479
      1043               3374.2   -0.418361921205356
      1044               3374.3   -0.418526373194932
      1045               3374.4   -0.418502945045612
      1046               3374.5   -0.418298431112715
      1047               3374.6    -0.41802912767337
      1048               3374.7   -0.417885074896273
      1049               3374.8   -0.418010309714537
      1050               3374.9   -0.418431320661338
      1051                 3375   -0.419094737225724
      1052               3375.1   -0.419932337547874
      1053               3375.2   -0.420865750795874
      1054               3375.3   -0.421789038039287
      1055               3375.4   -0.422616433402537
      1056               3375.5   -0.423372227844209
      1057               3375.6   -0.424203917430999
      1058               3375.7   -0.425274861663193
      1059               3375.8   -0.426637736615234
      1060               3375.9   -0.428207534819118
      1061                 3376    -0.42983533172866
      1062               3376.1   -0.431395324511139
      1063               3376.2    -0.43282550743489
      1064               3376.3   -0.434128206809091
      1065               3376.4   -0.435350500004151
      1066               3376.5   -0.436548253518901
      1067               3376.6   -0.437746134864074
      1068               3376.7     -0.4389216779119
      1069               3376.8   -0.440023616012236
      1070               3376.9   -0.441002348887076
      1071                 3377    -0.44182144645299
      1072               3377.1   -0.442434602378625
      1073               3377.2    -0.44274807376327
      1074               3377.3   -0.442631400053746
      1075               3377.4   -0.442022566614209
      1076               3377.5   -0.441065965810149
      1077               3377.6   -0.440140500438458
      1078               3377.7   -0.439709269263308
      1079               3377.8   -0.440076758269948
      1080               3377.9   -0.441204480368542
      1081                 3378   -0.442692037777279
      1082               3378.1    -0.44395723919427
      1083               3378.2   -0.444546746428457
      1084               3378.3   -0.444383599298726
      1085               3378.4   -0.443752227350017
      1086               3378.5   -0.443026505849975
      1087               3378.6   -0.442380344958736
      1088               3378.7   -0.441717468079341
      1089               3378.8   -0.440828278733582
      1090               3378.9   -0.439597152565968
      1091                 3379   -0.438111201127782
      1092               3379.1   -0.436650954144556
      1093               3379.2   -0.435598269823014
      1094               3379.3   -0.435277935906546
      1095               3379.4    -0.43577241863773
      1096               3379.5   -0.436825290012242
      1097               3379.6   -0.437950486276313
      1098               3379.7   -0.438715750624087
      1099               3379.8   -0.438992325940381
      1100               3379.9   -0.438966946632774
      1101                 3380   -0.438921618947711
      1102               3380.1   -0.438982498678994
      1103               3380.2   -0.439028552785196
      1104               3380.3   -0.438792942506883
      1105               3380.4   -0.438059696916264
      1106               3380.5   -0.436817719215158
      1107               3380.6   -0.435262783997569
      1108               3380.7   -0.433640767876024
      1109               3380.8   -0.432065356538897
      1110               3380.9   -0.430483442933502
      1111                 3381   -0.428820366696784
      1112               3381.1   -0.427145958907757
      1113               3381.2   -0.425677678466776
      1114               3381.3   -0.424615105311084
      1115               3381.4   -0.423984063386388
      1116               3381.5   -0.423654659878483
      1117               3381.6   -0.423502330560903
      1118               3381.7   -0.423522630931957
      1119               3381.8   -0.423767242412441
      1120               3381.9   -0.424174442824771
      1121                 3382   -0.424486911070995
      1122               3382.1   -0.424359388065507
      1123               3382.2   -0.423575167238231
      1124               3382.3   -0.422198426690447
      1125               3382.4   -0.420543963597459
      1126               3382.5   -0.418983518029628
      1127               3382.6   -0.417734464606691
      1128               3382.7   -0.416793271980561
      1129               3382.8   -0.416042672088398
      1130               3382.9    -0.41539355842425
      1131                 3383   -0.414809236916757
      1132               3383.1   -0.414222509278002
      1133               3383.2   -0.413493218960701
      1134               3383.3   -0.412494164195402
      1135               3383.4   -0.411243348718338
      1136               3383.5   -0.409940932839097
      1137               3383.6   -0.408875464471638
      1138               3383.7   -0.408281037672451
      1139               3383.8   -0.408232681516407
      1140               3383.9    -0.40861093288406
      1141                 3384   -0.409136633433949
      1142               3384.1   -0.409470132796952
      1143               3384.2   -0.409343758005392
      1144               3384.3    -0.40866301297039
      1145               3384.4   -0.407519892116157
      1146               3384.5   -0.406122955998504
      1147               3384.6   -0.404702306206084
      1148               3384.7   -0.403435236070405
      1149               3384.8   -0.402400213005748
      1150               3384.9   -0.401571965528893
      1151                 3385   -0.400881433042016
      1152               3385.1   -0.400310089798347
      1153               3385.2   -0.399928193895731
      1154               3385.3   -0.399830818567223
      1155               3385.4    -0.40003529094929
      1156               3385.5   -0.400440336446336
      1157               3385.6   -0.400878252266825
      1158               3385.7   -0.401209798234279
      1159               3385.8   -0.401389329454261
      1160               3385.9   -0.401456163526502
      1161                 3386   -0.401457744760637
      1162               3386.1   -0.401364768467481
      1163               3386.2   -0.401063937889052
      1164               3386.3   -0.400463137093775
      1165               3386.4   -0.399632723432047
      1166               3386.5   -0.398840316742886
      1167               3386.6   -0.398404371442654
      1168               3386.7   -0.398454437873975
      1169               3386.8   -0.398795291815515
      1170               3386.9   -0.399010962176765
      1171                 3387   -0.398750936616843
      1172               3387.1   -0.397981018852593
      1173               3387.2   -0.396993926101669
      1174               3387.3   -0.396160399179165
      1175               3387.4   -0.395629700361541
      1176               3387.5   -0.395254220495449
      1177               3387.6   -0.394799561482519
      1178               3387.7   -0.394196251134389
      1179               3387.8   -0.393558977664239
      1180               3387.9   -0.392996545527374
      1181                 3388   -0.392473073017718
      1182               3388.1    -0.39187264731526
      1183               3388.2   -0.391161058950714
      1184               3388.3    -0.39045649452967
      1185               3388.4    -0.38994309868594
      1186               3388.5   -0.389709438694706
      1187               3388.6   -0.389653584186862
      1188               3388.7   -0.389543476642872
      1189               3388.8   -0.389184290246348
      1190               3388.9   -0.388539347811001
      1191                 3389   -0.387701010282542
      1192               3389.1   -0.386771360832717
      1193               3389.2   -0.385802135622588
      1194               3389.3    -0.38485461158034
      1195               3389.4   -0.384081915858835
      1196               3389.5   -0.383698548455685
      1197               3389.6   -0.383833984542348
      1198               3389.7   -0.384416938473997
      1199               3389.8   -0.385220189698945
      1200               3389.9   -0.386023657069609
      1201                 3390   -0.386734702674365
      1202               3390.1   -0.387377544588363
      1203               3390.2   -0.388011205238974
      1204               3390.3   -0.388672095487363
      1205               3390.4   -0.389369777347347
      1206               3390.5   -0.390114737820715
      1207               3390.6   -0.390945638655047
      1208               3390.7   -0.391912036539592
      1209               3390.8   -0.392997132753622
      1210               3390.9   -0.394054161523407
      1211                 3391   -0.394861016780535
      1212               3391.1   -0.395279818502034
      1213               3391.2   -0.395366092022699
      1214               3391.3   -0.395298449654876
      1215               3391.4   -0.395183610268247
      1216               3391.5   -0.394929437784161
      1217               3391.6   -0.394320939008905
      1218               3391.7   -0.393241775668312
      1219               3391.8   -0.391848493812093
      1220               3391.9   -0.390548924153755
      1221                 3392   -0.389799233719156
      1222               3392.1   -0.389860348456368
      1223               3392.2   -0.390663946488301
      1224               3392.3   -0.391860418104225
      1225               3392.4   -0.393010814074156
      1226               3392.5   -0.393795364175867
      1227               3392.6   -0.394108719422501
      1228               3392.7   -0.394011531463499
      1229               3392.8   -0.393619099022723
      1230               3392.9   -0.393026279090475
      1231                 3393   -0.392299014982692
      1232               3393.1    -0.39149480973361
      1233               3393.2   -0.390662442843396
      1234               3393.3   -0.389809307997003
      1235               3393.4   -0.388883766571983
      1236               3393.5   -0.387839660147851
      1237               3393.6   -0.386766737285504
      1238               3393.7   -0.385945159325438
      1239               3393.8   -0.385698929212791
      1240               3393.9   -0.386133286054189
      1241                 3394   -0.387014168811575
      1242               3394.1   -0.387938274138961
      1243               3394.2   -0.388640117128668
      1244               3394.3   -0.389136455476736
      1245               3394.4   -0.389594436206305
      1246               3394.5   -0.390104807853533
      1247               3394.6   -0.390601706661679
      1248               3394.7   -0.390961844393253
      1249               3394.8   -0.391129679527633
      1250               3394.9   -0.391154501048914
      1251                 3395   -0.391160248840677
      1252               3395.1   -0.391295964498975
      1253               3395.2   -0.391667287267683
      1254               3395.3   -0.392265793253778
      1255               3395.4   -0.392959918334064
      1256               3395.5   -0.393570288232406
      1257               3395.6   -0.393964767028107
      1258               3395.7   -0.394103762075875
      1259               3395.8    -0.39403398726097
      1260               3395.9    -0.39386011753045
      1261                 3396   -0.393702174667845
      1262               3396.1   -0.393638299202677
      1263               3396.2   -0.393652320099637
      1264               3396.3   -0.393614821851128
      1265               3396.4   -0.393316954239163
      1266               3396.5   -0.392563663434316
      1267               3396.6   -0.391304944741869
      1268               3396.7   -0.389731325543576
      1269               3396.8   -0.388239145438709
      1270               3396.9   -0.387249790476181
      1271                 3397   -0.386999274999139
      1272               3397.1     -0.3874527808619
      1273               3397.2   -0.388379696387553
      1274               3397.3   -0.389482681114865
      1275               3397.4   -0.390479594050563
      1276               3397.5   -0.391155607816605
      1277               3397.6   -0.391442980321366
      1278               3397.7   -0.391489072048818
      1279               3397.8   -0.391601970074405
      1280               3397.9   -0.392050027799621
      1281                 3398   -0.392846540549075
      1282               3398.1   -0.393695978356894
      1283               3398.2    -0.39416399122516
      1284               3398.3   -0.393958992185652
      1285               3398.4   -0.393120941274006
      1286               3398.5    -0.39198674386052
      1287               3398.6   -0.390984351882553
      1288               3398.7   -0.390423984474345
      1289               3398.8    -0.39040258804668
      1290               3398.9   -0.390818691880044
      1291                 3399    -0.39145389673421
      1292               3399.1   -0.392089059885649
      1293               3399.2   -0.392594761062664
      1294               3399.3    -0.39292226370176
      1295               3399.4   -0.393019930400087
      1296               3399.5   -0.392805044223348
      1297               3399.6   -0.392249738058186
      1298               3399.7    -0.39146413177268
      1299               3399.8   -0.390639856814711
      1300               3399.9   -0.389900754534458
      1301                 3400   -0.389241639005661
      1302               3400.1   -0.388628433948348
      1303               3400.2   -0.388120250413448
      1304               3400.3   -0.387837621592009
      1305               3400.4   -0.387801405221739
      1306               3400.5   -0.387856411488204
      1307               3400.6   -0.387817128886743
      1308               3400.7   -0.387699065173021
      1309               3400.8   -0.387763446902472
      1310               3400.9   -0.388290849547495
      1311                 3401   -0.389296820680528
      1312               3401.1   -0.390462526967208
      1313               3401.2   -0.391328005581223
      1314               3401.3   -0.391559270156808
      1315               3401.4   -0.391087814186626
      1316               3401.5   -0.390085873773048
      1317               3401.6   -0.388869947815831
      1318               3401.7   -0.387800081552093
      1319               3401.8   -0.387163582979462
      1320               3401.9   -0.387056241707506
      1321                 3402   -0.387355254071562
      1322               3402.1   -0.387832661897708
      1323               3402.2   -0.388305664940371
      1324               3402.3   -0.388688572264987
      1325               3402.4   -0.388949992192816
      1326               3402.5    -0.38907380460279
      1327               3402.6   -0.389062042445187
      1328               3402.7    -0.38893978572015
      1329               3402.8   -0.388735666044316
      1330               3402.9   -0.388452792844905
      1331                 3403   -0.388051394251942
      1332               3403.1   -0.387459604554606
      1333               3403.2   -0.386618958826453
      1334               3403.3   -0.385539605587894
      1335               3403.4   -0.384322707176335
      1336               3403.5   -0.383139193884773
      1337               3403.6   -0.382191626120357
      1338               3403.7   -0.381677627036977
      1339               3403.8   -0.381744622566688
      1340               3403.9   -0.382428313849223
      1341                 3404   -0.383599788113561
      1342               3404.1    -0.38496760203385
      1343               3404.2   -0.386164259075926
      1344               3404.3   -0.386894137077603
      1345               3404.4   -0.387064745786745
      1346               3404.5   -0.386818604207262
      1347               3404.6   -0.386450166567996
      1348               3404.7   -0.386271695977639
      1349               3404.8   -0.386504513582074
      1350               3404.9   -0.387224359719084
      1351                 3405   -0.388351416615415
      1352               3405.1   -0.389671360203293
      1353               3405.2   -0.390880295965036
      1354               3405.3   -0.391657098005404
      1355               3405.4   -0.391770045727323
      1356               3405.5   -0.391184490098077
      1357               3405.6   -0.390085269783982
      1358               3405.7   -0.388769312880419
      1359               3405.8    -0.38749754032039
      1360               3405.9   -0.386439726358508
      1361                 3406   -0.385707391572417
      1362               3406.1    -0.38534306243237
      1363               3406.2   -0.385232665656948
      1364               3406.3   -0.385092875572964
      1365               3406.4    -0.38464313484385
      1366               3406.5   -0.383824610495325
      1367               3406.6   -0.382837644373518
      1368               3406.7     -0.3819782769551
      1369               3406.8   -0.381464394452841
      1370               3406.9   -0.381385812172942
      1371                 3407   -0.381732576168814
      1372               3407.1   -0.382413366315482
      1373               3407.2    -0.38325737367748
      1374               3407.3   -0.384033553195829
      1375               3407.4   -0.384501763049246
      1376               3407.5   -0.384500635252006
      1377               3407.6   -0.384054266748652
      1378               3407.7   -0.383415020581753
      1379               3407.8    -0.38294943600716
      1380               3407.9   -0.382900967112827
      1381                 3408   -0.383215240486779
      1382               3408.1   -0.383596960141739
      1383               3408.2   -0.383765009093462
      1384               3408.3   -0.383685018990459
      1385               3408.4   -0.383581268840797
      1386               3408.5   -0.383734886222514
      1387               3408.6   -0.384253221101633
      1388               3408.7   -0.384988555394367
      1389               3408.8   -0.385640380376979
      1390               3408.9   -0.385952112189427
      1391                 3409   -0.385885000920257
      1392               3409.1   -0.385675899594227
      1393               3409.2   -0.385727475552089
      1394               3409.3   -0.386365744819893
      1395               3409.4   -0.387613576577772
      1396               3409.5   -0.389157055980535
      1397               3409.6   -0.390544996570641
      1398               3409.7   -0.391458773792648
      1399               3409.8   -0.391829811521445
      1400               3409.9    -0.39174511084606
      1401                 3410    -0.39129014473144
      1402               3410.1   -0.390497611722282
      1403               3410.2   -0.389408095787045
      1404               3410.3   -0.388130902035338
      1405               3410.4   -0.386837473580325
      1406               3410.5   -0.385710038777354
      1407               3410.6   -0.384887857450794
      1408               3410.7   -0.384437837588836
      1409               3410.8    -0.38437073516961
      1410               3410.9   -0.384689257870247
      1411                 3411   -0.385399651623228
      1412               3411.1   -0.386448515036593
      1413               3411.2    -0.38766501117236
      1414               3411.3   -0.388820060570479
      1415               3411.4   -0.389768401975369
      1416               3411.5   -0.390506939451506
      1417               3411.6   -0.391076679647686
      1418               3411.7   -0.391445301102666
      1419               3411.8   -0.391533814124976
      1420               3411.9   -0.391346054983308
      1421                 3412   -0.391008411966664
      1422               3412.1   -0.390645060622248
      1423               3412.2    -0.39024263475234
      1424               3412.3   -0.389681725736922
      1425               3412.4    -0.38889712799382
      1426               3412.5   -0.387972349152964
      1427               3412.6   -0.387081320080594
      1428               3412.7   -0.386384190215733
      1429               3412.8   -0.385991147365192
      1430               3412.9   -0.385969386076937
      1431                 3413   -0.386324464127635
      1432               3413.1   -0.386971895846962
      1433               3413.2   -0.387750086346336
      1434               3413.3    -0.38846248975055
      1435               3413.4   -0.388910188460017
      1436               3413.5   -0.388931707625875
      1437               3413.6   -0.388483007039291
      1438               3413.7   -0.387706767232727
      1439               3413.8   -0.386880955981102
      1440               3413.9   -0.386231381662866
      1441                 3414   -0.385762301407741
      1442               3414.1   -0.385283340815285
      1443               3414.2   -0.384618448532935
      1444               3414.3   -0.383780896198872
      1445               3414.4    -0.38293446057241
      1446               3414.5    -0.38220350293127
      1447               3414.6   -0.381562786781182
      1448               3414.7   -0.380938977687107
      1449               3414.8   -0.380404864559589
      1450               3414.9   -0.380226455475358
      1451                 3415    -0.38066919944816
      1452               3415.1   -0.381730401333493
      1453               3415.2    -0.38306066601769
      1454               3415.3   -0.384160361204723
      1455               3415.4   -0.384674772161834
      1456               3415.5   -0.384540623349685
      1457               3415.6   -0.383911097897389
      1458               3415.7   -0.382992404532849
      1459               3415.8   -0.381949346589937
      1460               3415.9   -0.380902300828529
      1461                 3416   -0.379932134130374
      1462               3416.1   -0.379046787290135
      1463               3416.2   -0.378164216928912
      1464               3416.3   -0.377178868890097
      1465               3416.4    -0.37607956031717
      1466               3416.5   -0.375007125393929
      1467               3416.6   -0.374186104256734
      1468               3416.7   -0.373786367220317
      1469               3416.8   -0.373839574382772
      1470               3416.9   -0.374281669610048
      1471                 3417    -0.37505962227162
      1472               3417.1   -0.376163979194315
      1473               3417.2   -0.377536807341751
      1474               3417.3   -0.378977002492782
      1475               3417.4   -0.380198630623807
      1476               3417.5   -0.381018513107276
      1477               3417.6   -0.381472409967153
      1478               3417.7   -0.381723115828265
      1479               3417.8   -0.381859478449503
      1480               3417.9   -0.381800768342993
      1481                 3418   -0.381387786342981
      1482               3418.1   -0.380543135852258
      1483               3418.2    -0.37934451342935
      1484               3418.3   -0.377974700209889
      1485               3418.4    -0.37662397751627
      1486               3418.5   -0.375425912532662
      1487               3418.6   -0.374448289093755
      1488               3418.7    -0.37371365855036
      1489               3418.8   -0.373212519902803
      1490               3418.9   -0.372892659445135
      1491                 3419   -0.372651110661724
      1492               3419.1   -0.372372942984326
      1493               3419.2    -0.37200796788271
      1494               3419.3   -0.371610982341874
      1495               3419.4   -0.371297587812265
      1496               3419.5   -0.371159626156075
      1497               3419.6   -0.371216266864571
      1498               3419.7   -0.371422569563787
      1499               3419.8    -0.37170500825355
      1500               3419.9   -0.371992452180785
