     index            Field [G]         Intensity []

         1                 3270   -0.378036056596567
         2               3270.1   -0.377268099183381
         3               3270.2   -0.376546987020957
         4               3270.3   -0.376068297624141
         5               3270.4    -0.37599180172229
         6               3270.5   -0.376319002211281
         7               3270.6   -0.376864764299636
         8               3270.7   -0.377396838263934
         9               3270.8   -0.377829426090915
        10               3270.9   -0.378279987752422
        11                 3271   -0.378935180393591
        12               3271.1   -0.379859713891725
        13               3271.2   -0.380932151108306
        14               3271.3   -0.381951791787359
        15               3271.4    -0.38277819984892
        16               3271.5   -0.383358877778235
        17               3271.6   -0.383673316873746
        18               3271.7   -0.383727156991339
        19               3271.8   -0.383619391832367
        20               3271.9   -0.383550459477082
        21                 3272   -0.383682406690833
        22               3272.1    -0.38396343811399
        23               3272.2   -0.384121891787657
        24               3272.3   -0.383886077347674
        25               3272.4   -0.383253016608517
        26               3272.5   -0.382555722128445
        27               3272.6   -0.382238347559257
        28               3272.7   -0.382499664303856
        29               3272.8   -0.383099199099312
        30               3272.9   -0.383519190870507
        31                 3273   -0.383387661857828
        32               3273.1   -0.382810443983021
        33               3273.2   -0.382295547820439
        34               3273.3   -0.382316458011984
        35               3273.4   -0.382918226719129
        36               3273.5   -0.383728118950945
        37               3273.6   -0.384315944128348
        38               3273.7    -0.38451176764473
        39               3273.8   -0.384391588503904
        40               3273.9   -0.384039539021298
        41                 3274   -0.383419542127575
        42               3274.1   -0.382499830499953
        43               3274.2   -0.381433360570404
        44               3274.3   -0.380533900919452
        45               3274.4   -0.380054559976858
        46               3274.5   -0.380011813819193
        47               3274.6   -0.380222960489131
        48               3274.7   -0.380473182033998
        49               3274.8   -0.380621150011316
        50               3274.9   -0.380583703740726
        51                 3275   -0.380304788355179
        52               3275.1   -0.379797883988068
        53               3275.2   -0.379204624283408
        54               3275.3   -0.378760011487213
        55               3275.4   -0.378667750685861
        56               3275.5   -0.378996777902652
        57               3275.6   -0.379675606765073
        58               3275.7    -0.38056247612753
        59               3275.8   -0.381525955420187
        60               3275.9   -0.382481885532154
        61                 3276   -0.383366896636782
        62               3276.1   -0.384089407746496
        63               3276.2   -0.384536589208056
        64               3276.3   -0.384655703558665
        65               3276.4   -0.384525641541692
        66               3276.5   -0.384331231369736
        67               3276.6   -0.384257778683021
        68               3276.7   -0.384394173600815
        69               3276.8   -0.384696641504008
        70               3276.9    -0.38500770769515
        71                 3277   -0.385125046183322
        72               3277.1   -0.384918926138017
        73               3277.2   -0.384439021866701
        74               3277.3   -0.383903765958389
        75               3277.4   -0.383543696196978
        76               3277.5    -0.38342553187751
        77               3277.6   -0.383428242287607
        78               3277.7   -0.383398185352483
        79               3277.8   -0.383325723044281
        80               3277.9   -0.383362358556078
        81                 3278   -0.383660432939722
        82               3278.1   -0.384193300563394
        83               3278.2   -0.384722056024126
        84               3278.3     -0.3849217650689
        85               3278.4   -0.384545330978736
        86               3278.5   -0.383519923261926
        87               3278.6   -0.381968604186563
        88               3278.7   -0.380182108912462
        89               3278.8    -0.37853510146733
        90               3278.9   -0.377356612167678
        91                 3279   -0.376821729748953
        92               3279.1   -0.376924683813933
        93               3279.2   -0.377521450963145
        94               3279.3   -0.378396675928905
        95               3279.4   -0.379332360467584
        96               3279.5   -0.380163484137536
        97               3279.6   -0.380797361374008
        98               3279.7   -0.381200928761058
        99               3279.8   -0.381392781854603
       100               3279.9   -0.381447849786805
       101                 3280   -0.381472407169428
       102               3280.1   -0.381530295248722
       103               3280.2   -0.381578279303228
       104               3280.3   -0.381485150835042
       105               3280.4   -0.381131427957908
       106               3280.5   -0.380504335195604
       107               3280.6    -0.37970507374596
       108               3280.7   -0.378868965922416
       109               3280.8   -0.378084500342847
       110               3280.9   -0.377393743984731
       111                 3281   -0.376855194151169
       112               3281.1   -0.376567982249027
       113               3281.2   -0.376609019786601
       114               3281.3   -0.376960210188618
       115               3281.4   -0.377522694157735
       116               3281.5   -0.378194631266402
       117               3281.6   -0.378904052619865
       118               3281.7   -0.379563024954569
       119               3281.8   -0.380026604979322
       120               3281.9   -0.380131472118956
       121                 3282   -0.379785874917219
       122               3282.1   -0.379030704597837
       123               3282.2   -0.378030424655844
       124               3282.3   -0.377014519576623
       125               3282.4    -0.37621960905601
       126               3282.5   -0.375858718610004
       127               3282.6   -0.376085212371905
       128               3282.7   -0.376906131527894
       129               3282.8   -0.378086823206656
       130               3282.9   -0.379176177008044
       131                 3283   -0.379715676557964
       132               3283.1   -0.379506299399711
       133               3283.2   -0.378715095742411
       134               3283.3   -0.377737536683939
       135               3283.4   -0.376951773117178
       136               3283.5   -0.376568496707839
       137               3283.6   -0.376644389641789
       138               3283.7   -0.377160648433472
       139               3283.8   -0.378049231094591
       140               3283.9   -0.379169286078889
       141                 3284   -0.380322595954139
       142               3284.1   -0.381330404364357
       143               3284.2   -0.382082020806654
       144               3284.3   -0.382502201076282
       145               3284.4   -0.382528379784022
       146               3284.5   -0.382189908722565
       147               3284.6   -0.381700725340944
       148               3284.7   -0.381399645776582
       149               3284.8   -0.381549479612118
       150               3284.9   -0.382185351435466
       151                 3285   -0.383129376930449
       152               3285.1   -0.384098131948194
       153               3285.2   -0.384793556001869
       154               3285.3   -0.384974308423271
       155               3285.4   -0.384543684515077
       156               3285.5   -0.383616926990559
       157               3285.6   -0.382490332347206
       158               3285.7   -0.381503928858205
       159               3285.8   -0.380887056789315
       160               3285.9   -0.380695626731734
       161                 3286   -0.380868250872415
       162               3286.1    -0.38131647811221
       163               3286.2    -0.38194029111805
       164               3286.3    -0.38257013676073
       165               3286.4   -0.382958806723268
       166               3286.5   -0.382906750018158
       167               3286.6   -0.382424424813953
       168               3286.7   -0.381746498784644
       169               3286.8   -0.381151992295896
       170               3286.9   -0.380751805560005
       171                 3287   -0.380436565049997
       172               3287.1   -0.380016307581299
       173               3287.2   -0.379413538316728
       174               3287.3   -0.378739630520879
       175               3287.4   -0.378197312583903
       176               3287.5   -0.377910660897265
       177               3287.6    -0.37784491770401
       178               3287.7   -0.377875349474248
       179               3287.8     -0.3779131355694
       180               3287.9     -0.3779697758871
       181                 3288   -0.378138352732139
       182               3288.1   -0.378537883807124
       183               3288.2   -0.379245280221594
       184               3288.3   -0.380221316799462
       185               3288.4   -0.381274383659056
       186               3288.5   -0.382115523577438
       187               3288.6   -0.382485424478315
       188               3288.7    -0.38226624800211
       189               3288.8    -0.38151750872955
       190               3288.9   -0.380443716220386
       191                 3289   -0.379320369532309
       192               3289.1   -0.378392069891539
       193               3289.2   -0.377776656328436
       194               3289.3   -0.377435894533519
       195               3289.4   -0.377236384017495
       196               3289.5   -0.377051970085274
       197               3289.6   -0.376845005978688
       198               3289.7   -0.376709044386144
       199               3289.8   -0.376867178115534
       200               3289.9   -0.377585426081363
       201                 3290   -0.378988435799459
       202               3290.1   -0.380892255875836
       203               3290.2   -0.382836658381416
       204               3290.3   -0.384349269673469
       205               3290.4   -0.385225719672948
       206               3290.5   -0.385571813215767
       207               3290.6   -0.385604379623321
       208               3290.7   -0.385449599695688
       209               3290.8   -0.385127994423448
       210               3290.9   -0.384675695856297
       211                 3291    -0.38422577880329
       212               3291.1   -0.383960184409096
       213               3291.2   -0.383989241446909
       214               3291.3   -0.384268205458046
       215               3291.4   -0.384606933442544
       216               3291.5   -0.384750547556284
       217               3291.6   -0.384481925298446
       218               3291.7   -0.383720880776203
       219               3291.8   -0.382599800316133
       220               3291.9   -0.381455778756727
       221                 3292   -0.380683606347679
       222               3292.1   -0.380510242454086
       223               3292.2   -0.380866386866684
       224               3292.3    -0.38146828377019
       225               3292.4    -0.38202106196345
       226               3292.5   -0.382357874125339
       227               3292.6   -0.382448162804518
       228               3292.7   -0.382357330623186
       229               3292.8   -0.382221995633395
       230               3292.9   -0.382206773365785
       231                 3293   -0.382424572880822
       232               3293.1   -0.382892959594768
       233               3293.2   -0.383576312960477
       234               3293.3   -0.384442121832514
       235               3293.4   -0.385440199920993
       236               3293.5   -0.386435837693493
       237               3293.6   -0.387209125867333
       238               3293.7   -0.387562159941258
       239               3293.8   -0.387452413539465
       240               3293.9   -0.387031068249092
       241                 3294   -0.386538415325026
       242               3294.1   -0.386132153436578
       243               3294.2   -0.385791919991533
       244               3294.3   -0.385377416015531
       245               3294.4    -0.38477478154732
       246               3294.5   -0.383997044047668
       247               3294.6   -0.383166237785549
       248               3294.7   -0.382410347354989
       249               3294.8   -0.381770164141551
       250               3294.9   -0.381206282726711
       251                 3295   -0.380712571456271
       252               3295.1   -0.380418840183921
       253               3295.2   -0.380544393916351
       254               3295.3   -0.381218482984216
       255               3295.4   -0.382343167395249
       256               3295.5   -0.383626583676215
       257               3295.6   -0.384728712419614
       258               3295.7   -0.385388774716479
       259               3295.8   -0.385495224287574
       260               3295.9   -0.385127145700824
       261                 3296   -0.384548813622538
       262               3296.1    -0.38410970057866
       263               3296.2   -0.384079182981153
       264               3296.3   -0.384518937670773
       265               3296.4   -0.385264041044725
       266               3296.5    -0.38600725997152
       267               3296.6    -0.38644149468844
       268               3296.7    -0.38639695921599
       269               3296.8   -0.385901001585954
       270               3296.9   -0.385131471359135
       271                 3297    -0.38431250640103
       272               3297.1   -0.383626925760057
       273               3297.2   -0.383173365468898
       274               3297.3   -0.382957138221383
       275               3297.4   -0.382912267641305
       276               3297.5   -0.382957003395215
       277               3297.6   -0.383053319534662
       278               3297.7   -0.383226236423842
       279               3297.8    -0.38353907937242
       280               3297.9   -0.384052616055571
       281                 3298   -0.384772370559136
       282               3298.1   -0.385585931192507
       283               3298.2   -0.386256390149698
       284               3298.3   -0.386543238442695
       285               3298.4   -0.386382409331033
       286               3298.5   -0.385943946367169
       287               3298.6   -0.385492250854235
       288               3298.7   -0.385185198698284
       289               3298.8   -0.384994206457372
       290               3298.9   -0.384774926417341
       291                 3299   -0.384383438640351
       292               3299.1   -0.383747814473477
       293               3299.2   -0.382884203618593
       294               3299.3   -0.381881110837234
       295               3299.4   -0.380872939840189
       296               3299.5   -0.380013441492227
       297               3299.6   -0.379430683582801
       298               3299.7   -0.379141198944252
       299               3299.8   -0.378986496528706
       300               3299.9   -0.378722969302358
       301                 3300   -0.378259157037652
       302               3300.1   -0.377799965103026
       303               3300.2   -0.377688620817282
       304               3300.3   -0.378081229174114
       305               3300.4   -0.378803953669253
       306               3300.5   -0.379525153446767
       307               3300.6   -0.380021198283016
       308               3300.7   -0.380275326966563
       309               3300.8   -0.380397831828662
       310               3300.9   -0.380521743105992
       311                 3301   -0.380757910133553
       312               3301.1   -0.381172380618462
       313               3301.2   -0.381748577985067
       314               3301.3   -0.382365117313414
       315               3301.4   -0.382832393035639
       316               3301.5   -0.382976186666668
       317               3301.6   -0.382714870638536
       318               3301.7   -0.382090627401505
       319               3301.8   -0.381250231179796
       320               3301.9   -0.380390461225547
       321                 3302   -0.379692700330612
       322               3302.1   -0.379275740216412
       323               3302.2   -0.379178623156924
       324               3302.3   -0.379358107788774
       325               3302.4   -0.379691255898243
       326               3302.5   -0.380008103442777
       327               3302.6   -0.380175291105107
       328               3302.7   -0.380185431759635
       329               3302.8   -0.380161873970351
       330               3302.9   -0.380251284592809
       331                 3303   -0.380498285856636
       332               3303.1   -0.380827189045888
       333               3303.2   -0.381139573321145
       334               3303.3   -0.381405822960206
       335               3303.4   -0.381646596952903
       336               3303.5   -0.381847726913804
       337               3303.6   -0.381945310742653
       338               3303.7   -0.381930656040845
       339               3303.8   -0.381949959308211
       340               3303.9   -0.382232107364211
       341                 3304   -0.382855928192894
       342               3304.1   -0.383579676195283
       343               3304.2   -0.383938590740039
       344               3304.3   -0.383562352323812
       345               3304.4   -0.382449739263674
       346               3304.5   -0.380988030272137
       347               3304.6   -0.379733556002819
       348               3304.7   -0.379132900342053
       349               3304.8    -0.37935728246963
       350               3304.9   -0.380312641835306
       351                 3305   -0.381764287048675
       352               3305.1   -0.383450399033499
       353               3305.2   -0.385110360363899
       354               3305.3    -0.38647123541707
       355               3305.4    -0.38727567249371
       356               3305.5   -0.387360065149592
       357               3305.6   -0.386722313431103
       358               3305.7   -0.385529878408408
       359               3305.8   -0.384058193313379
       360               3305.9   -0.382577515135438
       361                 3306   -0.381244511039525
       362               3306.1   -0.380075119218142
       363               3306.2   -0.379016435848905
       364               3306.3   -0.378040563161567
       365               3306.4   -0.377169188530343
       366               3306.5   -0.376424039789189
       367               3306.6   -0.375781545645544
       368               3306.7   -0.375199261910337
       369               3306.8   -0.374692299349585
       370               3306.9   -0.374366379022729
       371                 3307   -0.374345691602676
       372               3307.1   -0.374648070518018
       373               3307.2   -0.375134317884567
       374               3307.3   -0.375600141217874
       375               3307.4   -0.375936540548442
       376               3307.5   -0.376202479439275
       377               3307.6   -0.376528525841735
       378               3307.7   -0.376942866647624
       379               3307.8    -0.37730327388217
       380               3307.9    -0.37741646124705
       381                 3308   -0.377230903206569
       382               3308.1   -0.376915284918289
       383               3308.2   -0.376753237257745
       384               3308.3   -0.376951099190116
       385               3308.4   -0.377506937563783
       386               3308.5   -0.378218789880873
       387               3308.6   -0.378810615881673
       388               3308.7    -0.37909090390552
       389               3308.8   -0.379049188893294
       390               3308.9   -0.378837937226402
       391                 3309   -0.378654173350044
       392               3309.1   -0.378590219620438
       393               3309.2   -0.378551469994025
       394               3309.3     -0.3783198456932
       395               3309.4   -0.377739282057062
       396               3309.5    -0.37686980802462
       397               3309.6   -0.375958339237752
       398               3309.7   -0.375249789181548
       399               3309.8   -0.374819935310168
       400               3309.9   -0.374569499182171
       401                 3310    -0.37434857390169
       402               3310.1   -0.374081508437261
       403               3310.2   -0.373806425271279
       404               3310.3   -0.373642752207368
       405               3310.4   -0.373742863638046
       406               3310.5   -0.374244384604136
       407               3310.6   -0.375195576243319
       408               3310.7   -0.376462932305003
       409               3310.8   -0.377710470909162
       410               3310.9   -0.378532414461089
       411                 3311   -0.378684118097981
       412               3311.1   -0.378224556959558
       413               3311.2   -0.377424439823123
       414               3311.3   -0.376507362863262
       415               3311.4    -0.37547282132048
       416               3311.5   -0.374183227205644
       417               3311.6   -0.372621555152417
       418               3311.7   -0.371042753251716
       419               3311.8   -0.369864006517784
       420               3311.9   -0.369414073030406
       421                 3312   -0.369769528011244
       422               3312.1   -0.370764632214196
       423               3312.2   -0.372086769959059
       424               3312.3   -0.373353783232588
       425               3312.4   -0.374170507507421
       426               3312.5   -0.374222073628828
       427               3312.6   -0.373409345151212
       428               3312.7   -0.371930881564521
       429               3312.8   -0.370198490708446
       430               3312.9   -0.368607565315592
       431                 3313   -0.367346134486077
       432               3313.1   -0.366404988936993
       433               3313.2   -0.365740665508025
       434               3313.3   -0.365396171387409
       435               3313.4   -0.365469032867675
       436               3313.5   -0.365994115750696
       437               3313.6   -0.366862770203481
       438               3313.7   -0.367822326629496
       439               3313.8   -0.368531678473126
       440               3313.9   -0.368653240868932
       441                 3314   -0.367978221984351
       442               3314.1   -0.366548996940263
       443               3314.2   -0.364688968501929
       444               3314.3   -0.362869747324893
       445               3314.4   -0.361473487106999
       446               3314.5    -0.36062857573953
       447               3314.6   -0.360244627290072
       448               3314.7   -0.360174742394721
       449               3314.8   -0.360323759031499
       450               3314.9   -0.360626912472206
       451                 3315   -0.360979266329186
       452               3315.1   -0.361209852778945
       453               3315.2   -0.361116495591453
       454               3315.3    -0.36054236355564
       455               3315.4   -0.359463577237396
       456               3315.5   -0.358017428555955
       457               3315.6   -0.356415986745078
       458               3315.7   -0.354805472497904
       459               3315.8    -0.35320324455225
       460               3315.9   -0.351556312831789
       461                 3316   -0.349834821032101
       462               3316.1   -0.348067671988716
       463               3316.2   -0.346322896452655
       464               3316.3   -0.344690872763216
       465               3316.4   -0.343286641406008
       466               3316.5   -0.342223732236844
       467               3316.6   -0.341527096765643
       468               3316.7   -0.341043737129706
       469               3316.8   -0.340455025953155
       470               3316.9    -0.33941285315912
       471                 3317   -0.337703329333003
       472               3317.1   -0.335327350697847
       473               3317.2   -0.332466401322915
       474               3317.3    -0.32936529643581
       475               3317.4   -0.326189346661015
       476               3317.5    -0.32294228221287
       477               3317.6   -0.319520808064147
       478               3317.7   -0.315870807869817
       479               3317.8   -0.312091910376995
       480               3317.9   -0.308375396282731
       481                 3318   -0.304833722423632
       482               3318.1   -0.301383487362663
       483               3318.2   -0.297772690226762
       484               3318.3   -0.293714445555125
       485               3318.4   -0.289043143153032
       486               3318.5   -0.283833435812246
       487               3318.6   -0.278432705313076
       488               3318.7   -0.273351894329675
       489               3318.8   -0.269017545418101
       490               3318.9    -0.26552093704718
       491                 3319    -0.26256508415851
       492               3319.1   -0.259670624095538
       493               3319.2   -0.256465759531301
       494               3319.3   -0.252823677511766
       495               3319.4   -0.248792799751146
       496               3319.5   -0.244457162838915
       497               3319.6   -0.239858378462562
       498               3319.7   -0.234986202268781
       499               3319.8   -0.229797728785287
       500               3319.9    -0.22427368259462
       501                 3320    -0.21852419230415
       502               3320.1   -0.212870192611557
       503               3320.2   -0.207776818799729
       504               3320.3    -0.20361110313873
       505               3320.4   -0.200372832168782
       506               3320.5   -0.197630246796088
       507               3320.6   -0.194766898596633
       508               3320.7   -0.191379011112765
       509               3320.8   -0.187495263891671
       510               3320.9     -0.1834342514947
       511                 3321   -0.179471635910885
       512               3321.1   -0.175674707184061
       513               3321.2   -0.172042906202957
       514               3321.3   -0.168726245359836
       515               3321.4   -0.166033726582788
       516               3321.5    -0.16423853430787
       517               3321.6   -0.163423712407197
       518               3321.7   -0.163509265626151
       519               3321.8   -0.164363820919892
       520               3321.9   -0.165859736141675
       521                 3322   -0.167872401393757
       522               3322.1   -0.170306426769981
       523               3322.2   -0.173156586622277
       524               3322.3   -0.176520163699771
       525               3322.4   -0.180509349880818
       526               3322.5   -0.185129882288855
       527               3322.6   -0.190250565547923
       528               3322.7   -0.195707994475083
       529               3322.8    -0.20144193917748
       530               3322.9   -0.207503056441338
       531                 3323   -0.213906283380403
       532               3323.1   -0.220495727966177
       533               3323.2   -0.226998664878472
       534               3323.3   -0.233231591177753
       535               3323.4   -0.239238451201524
       536               3323.5   -0.245224710164425
       537               3323.6    -0.25138351285024
       538               3323.7   -0.257789862650272
       539               3323.8   -0.264398911301437
       540               3323.9   -0.271054934106219
       541                 3324   -0.277475173282195
       542               3324.1   -0.283299232787707
       543               3324.2   -0.288265090262057
       544               3324.3   -0.292396202666902
       545               3324.4   -0.296009763614452
       546               3324.5   -0.299516074711145
       547               3324.6   -0.303185171937191
       548               3324.7   -0.307063396673839
       549               3324.8   -0.311052964610519
       550               3324.9   -0.315033609919887
       551                 3325   -0.318916182523858
       552               3325.1   -0.322616153702196
       553               3325.2      -0.326019980584
       554               3325.3   -0.329015756102987
       555               3325.4   -0.331569926765736
       556               3325.5   -0.333761085913326
       557               3325.6   -0.335725193994746
       558               3325.7    -0.33755731686108
       559               3325.8   -0.339235705660923
       560               3325.9   -0.340607383308326
       561                 3326   -0.341466453894942
       562               3326.1   -0.341712517740126
       563               3326.2   -0.341468186065151
       564               3326.3   -0.341017383091509
       565               3326.4   -0.340601794667628
       566               3326.5   -0.340283089392667
       567               3326.6   -0.340002200665061
       568               3326.7   -0.339738371831245
       569               3326.8   -0.339582900902301
       570               3326.9   -0.339667980827915
       571                 3327   -0.340037256026011
       572               3327.1      -0.340567604448
       573               3327.2   -0.340995380287728
       574               3327.3   -0.341041308399762
       575               3327.4   -0.340569448736152
       576               3327.5   -0.339671951833814
       577               3327.6   -0.338610342453814
       578               3327.7   -0.337665208251027
       579               3327.8   -0.337021398952004
       580               3327.9   -0.336750727222491
       581                 3328   -0.336838691976029
       582               3328.1   -0.337187292396453
       583               3328.2   -0.337604275048205
       584               3328.3    -0.33782691320062
       585               3328.4   -0.337585749744875
       586               3328.5   -0.336675135967956
       587               3328.6   -0.335004006609168
       588               3328.7   -0.332611591145977
       589               3328.8   -0.329643329075138
       590               3328.9   -0.326315137353016
       591                 3329   -0.322900794544193
       592               3329.1    -0.31971485986805
       593               3329.2   -0.317028280968129
       594               3329.3   -0.314944029160582
       595               3329.4   -0.313362471253298
       596               3329.5   -0.312097240104372
       597               3329.6   -0.311024174837937
       598               3329.7   -0.310107619559628
       599               3329.8   -0.309310928696657
       600               3329.9   -0.308537605026279
       601                 3330   -0.307686343076359
       602               3330.1   -0.306744525131875
       603               3330.2   -0.305804996105277
       604               3330.3   -0.304996975083449
       605               3330.4   -0.304417170235668
       606               3330.5   -0.304126849867845
       607               3330.6   -0.304200586711086
       608               3330.7   -0.304771937803336
       609               3330.8   -0.306037099665139
       610               3330.9    -0.30820336903379
       611                 3331   -0.311385627992367
       612               3331.1    -0.31549010149725
       613               3331.2   -0.320183066752502
       614               3331.3   -0.325040463141899
       615               3331.4   -0.329835626346096
       616               3331.5   -0.334741924393396
       617               3331.6   -0.340235644869638
       618               3331.7   -0.346750073056501
       619               3331.8   -0.354389172010373
       620               3331.9   -0.362945842181947
       621                 3332   -0.372146489621871
       622               3332.1   -0.381844067562601
       623               3332.2   -0.392014063349806
       624               3332.3   -0.402656126690284
       625               3332.4   -0.413758905537637
       626               3332.5   -0.425342584861983
       627               3332.6   -0.437484561305242
       628               3332.7   -0.450279097206556
       629               3332.8   -0.463770856002834
       630               3332.9   -0.477906299304459
       631                 3333   -0.492508951299268
       632               3333.1   -0.507299697801755
       633               3333.2   -0.521997047513076
       634               3333.3   -0.536446418187208
       635               3333.4   -0.550639864261533
       636               3333.5   -0.564574072675338
       637               3333.6   -0.578085495970219
       638               3333.7   -0.590846228211381
       639               3333.8    -0.60254260309902
       640               3333.9   -0.613086004636568
       641                 3334   -0.622682666105831
       642               3334.1    -0.63169589228087
       643               3334.2   -0.640383075922909
       644               3334.3   -0.648696955005406
       645               3334.4   -0.656307845694976
       646               3334.5   -0.662816826988216
       647               3334.6   -0.667961348401869
       648               3334.7   -0.671656186098068
       649               3334.8   -0.673907148531879
       650               3334.9     -0.6747400456039
       651                 3335   -0.674206222733398
       652               3335.1   -0.672408374046683
       653               3335.2   -0.669485910129812
       654               3335.3   -0.665569048313755
       655               3335.4   -0.660743112003476
       656               3335.5   -0.655045039556226
       657               3335.6    -0.64849327974862
       658               3335.7   -0.641135421374604
       659               3335.8   -0.633071474232585
       660               3335.9   -0.624415458062168
       661                 3336   -0.615227761610618
       662               3336.1    -0.60551306305036
       663               3336.2   -0.595325463327982
       664               3336.3   -0.584881400023575
       665               3336.4   -0.574520589453724
       666               3336.5   -0.564485113017303
       667               3336.6   -0.554701072639519
       668               3336.7   -0.544808666779837
       669               3336.8   -0.534475511697434
       670               3336.9   -0.523717280813091
       671                 3337   -0.512883653856127
       672               3337.1   -0.502282248490462
       673               3337.2   -0.491808412048592
       674               3337.3    -0.48097672578845
       675               3337.4   -0.469348331069163
       676               3337.5   -0.456944823984528
       677               3337.6   -0.444265164260393
       678               3337.7   -0.431923542904221
       679               3337.8   -0.420259972528693
       680               3337.9   -0.409227795296384
       681                 3338   -0.398559027464216
       682               3338.1   -0.387997284387272
       683               3338.2   -0.377426305580076
       684               3338.3   -0.366871103965775
       685               3338.4   -0.356425902650277
       686               3338.5   -0.346157442005514
       687               3338.6   -0.336026010267902
       688               3338.7   -0.325867795843694
       689               3338.8   -0.315447302453852
       690               3338.9   -0.304538456792697
       691                 3339   -0.292989807296384
       692               3339.1   -0.280766843220491
       693               3339.2   -0.267975756931408
       694               3339.3   -0.254841538442226
       695               3339.4   -0.241606695175274
       696               3339.5   -0.228381784433676
       697               3339.6   -0.215052331761081
       698               3339.7   -0.201329005719442
       699               3339.8   -0.186921015026232
       700               3339.9    -0.17171816605852
       701                 3340   -0.155861454650849
       702               3340.1   -0.139655765034437
       703               3340.2   -0.123375788821679
       704               3340.3   -0.107081522254977
       705               3340.4     -0.0905573526988
       706               3340.5   -0.073418230569225
       707               3340.6  -0.0553210243265204
       708               3340.7  -0.0361418345121044
       709               3340.8  -0.0159993008186166
       710               3340.9  0.00488243644506354
       711                 3341   0.0263709813192209
       712               3341.1   0.0485687238499492
       713               3341.2   0.0718349994626045
       714               3341.3   0.0966680365966785
       715               3341.4    0.123479789070612
       716               3341.5    0.152366195640639
       717               3341.6    0.183005418474121
       718               3341.7    0.214750736619941
       719               3341.8     0.24685847110949
       720               3341.9    0.278705242677389
       721                 3342    0.309869456623337
       722               3342.1    0.340052586886137
       723               3342.2    0.368913347435257
       724               3342.3    0.395926011533869
       725               3342.4     0.42034974104306
       726               3342.5    0.441325851916405
       727               3342.6    0.458038290388974
       728               3342.7    0.469834841008986
       729               3342.8    0.476240310840522
       730               3342.9    0.476865748454881
       731                 3343    0.471282879981882
       732               3343.1    0.458962614153231
       733               3343.2    0.439344435663408
       734               3343.3    0.412005357801638
       735               3343.4    0.376805387788506
       736               3343.5    0.333909439921633
       737               3343.6     0.28372085259151
       738               3343.7    0.226851291598346
       739               3343.8     0.16417156028711
       740               3343.9   0.0968405704739506
       741                 3344   0.0262065700457364
       742               3344.1   -0.046367226542593
       743               3344.2    -0.11959780533429
       744               3344.3   -0.192248626858477
       745               3344.4   -0.263100643403222
       746               3344.5   -0.331072547156353
       747               3344.6   -0.395432459624207
       748               3344.7    -0.45587428310991
       749               3344.8   -0.512331294739999
       750               3344.9   -0.564675543492055
       751                 3345   -0.612579436094207
       752               3345.1    -0.65564585920256
       753               3345.2   -0.693651214073939
       754               3345.3   -0.726675529009457
       755               3345.4   -0.755045267971085
       756               3345.5   -0.779190606396059
       757               3345.6   -0.799551660877626
       758               3345.7   -0.816562634984483
       759               3345.8   -0.830634649340973
       760               3345.9   -0.842076300911245
       761                 3346   -0.851015700741974
       762               3346.1   -0.857449316229839
       763               3346.2   -0.861431033044702
       764               3346.3   -0.863246854440184
       765               3346.4   -0.863405691978401
       766               3346.5   -0.862446824635592
       767               3346.6    -0.86073843954372
       768               3346.7   -0.858438503103395
       769               3346.8   -0.855617178101386
       770               3346.9   -0.852381254722015
       771                 3347   -0.848861457247616
       772               3347.1   -0.845087401835037
       773               3347.2   -0.840892746200069
       774               3347.3    -0.83595834179662
       775               3347.4   -0.829981720265436
       776               3347.5   -0.822859318208756
       777               3347.6   -0.814740735598603
       778               3347.7    -0.80590708819273
       779               3347.8   -0.796592804860928
       780               3347.9   -0.786920383010659
       781                 3348   -0.776955438883348
       782               3348.1   -0.766729299162376
       783               3348.2   -0.756160286619902
       784               3348.3   -0.745007070631472
       785               3348.4   -0.732992561243688
       786               3348.5   -0.720030717936393
       787               3348.6   -0.706357695267531
       788               3348.7   -0.692453942587469
       789               3348.8   -0.678803840522291
       790               3348.9   -0.665633339569078
       791                 3349    -0.65278415002788
       792               3349.1    -0.63981576876007
       793               3349.2   -0.626268608171137
       794               3349.3   -0.611894089572529
       795               3349.4    -0.59670533024779
       796               3349.5   -0.580874661061413
       797               3349.6   -0.564611747018164
       798               3349.7   -0.548119835649945
       799               3349.8   -0.531631912521588
       800               3349.9   -0.515459076051777
       801                 3350   -0.499963663121571
       802               3350.1    -0.48542430095655
       803               3350.2   -0.471881695793256
       804               3350.3   -0.459122109043425
       805               3350.4   -0.446848996276559
       806               3350.5   -0.434893630791491
       807               3350.6   -0.423259588638224
       808               3350.7   -0.411980217429833
       809               3350.8   -0.400990467954315
       810               3350.9   -0.390196851053088
       811                 3351   -0.379678119216826
       812               3351.1   -0.369775162874415
       813               3351.2   -0.360950409482319
       814               3351.3   -0.353552001382175
       815               3351.4   -0.347691292289446
       816               3351.5   -0.343281960022465
       817               3351.6    -0.34013064986425
       818               3351.7   -0.337992159492807
       819               3351.8   -0.336620827778247
       820               3351.9   -0.335871347375492
       821                 3352   -0.335796106177535
       822               3352.1   -0.336614683018809
       823               3352.2   -0.338523707158491
       824               3352.3   -0.341487997129347
       825               3352.4   -0.345205529746275
       826               3352.5   -0.349294624567173
       827               3352.6   -0.353551676695845
       828               3352.7   -0.358068604669623
       829               3352.8   -0.363128931765451
       830               3352.9   -0.368986089801562
       831                 3353   -0.375698579383321
       832               3353.1    -0.38311184868562
       833               3353.2   -0.390942687837695
       834               3353.3    -0.39887099313032
       835               3353.4   -0.406598265635126
       836               3353.5   -0.413899359203058
       837               3353.6   -0.420687238148452
       838               3353.7   -0.427047272729822
       839               3353.8   -0.433169799187696
       840               3353.9   -0.439176573211097
       841                 3354   -0.444951416590204
       842               3354.1   -0.450127344656064
       843               3354.2   -0.454281927673689
       844               3354.3   -0.457220771589788
       845               3354.4   -0.459139392285923
       846               3354.5   -0.460534392544385
       847               3354.6   -0.461926721119077
       848               3354.7   -0.463602045129959
       849               3354.8   -0.465538020830072
       850               3354.9   -0.467515695466437
       851                 3355   -0.469286153906283
       852               3355.1   -0.470692014054701
       853               3355.2   -0.471728155809686
       854               3355.3   -0.472539550858029
       855               3355.4   -0.473340135942228
       856               3355.5    -0.47428924226647
       857               3355.6    -0.47541851594027
       858               3355.7   -0.476648816627625
       859               3355.8   -0.477831753944282
       860               3355.9   -0.478748124656408
       861                 3356   -0.479099966062664
       862               3356.1   -0.478592986328419
       863               3356.2   -0.477124491502519
       864               3356.3   -0.474942742798327
       865               3356.4   -0.472598231461477
       866               3356.5   -0.470658931422799
       867               3356.6   -0.469388396884333
       868               3356.7   -0.468640697777503
       869               3356.8   -0.468033094052733
       870               3356.9   -0.467225932323383
       871                 3357   -0.466099397436894
       872               3357.1   -0.464749683109801
       873               3357.2   -0.463361239874882
       874               3357.3   -0.462060418191499
       875               3357.4   -0.460840865176503
       876               3357.5   -0.459592622900002
       877               3357.6   -0.458184101263818
       878               3357.7   -0.456513792965458
       879               3357.8   -0.454519015227115
       880               3357.9   -0.452208162413704
       881                 3358   -0.449733389271395
       882               3358.1   -0.447401785245549
       883               3358.2   -0.445539945034719
       884               3358.3   -0.444294938264043
       885               3358.4   -0.443545952587715
       886               3358.5   -0.442993934173985
       887               3358.6   -0.442341848414374
       888               3358.7   -0.441437527118669
       889               3358.8   -0.440301920584046
       890               3358.9   -0.439036494531852
       891                 3359   -0.437688319440034
       892               3359.1   -0.436207495489075
       893               3359.2    -0.43455857990795
       894               3359.3   -0.432872882132255
       895               3359.4   -0.431454332579457
       896               3359.5   -0.430593747046015
       897               3359.6   -0.430346944944525
       898               3359.7   -0.430464311841484
       899               3359.8   -0.430517394132725
       900               3359.9   -0.430124661690615
       901                 3360   -0.429138558101749
       902               3360.1   -0.427695755287637
       903               3360.2   -0.426115489486818
       904               3360.3   -0.424725247170524
       905               3360.4    -0.42372291752718
       906               3360.5    -0.42312018670915
       907               3360.6   -0.422755192453469
       908               3360.7   -0.422385182288683
       909               3360.8   -0.421865084485143
       910               3360.9   -0.421300350519834
       911                 3361   -0.420993168730394
       912               3361.1   -0.421166204829556
       913               3361.2   -0.421704832524902
       914               3361.3    -0.42217421012524
       915               3361.4   -0.422094448843124
       916               3361.5   -0.421223038778428
       917               3361.6   -0.419650754768933
       918               3361.7   -0.417723930998907
       919               3361.8   -0.415893280864166
       920               3361.9   -0.414546253780648
       921                 3362   -0.413864128800548
       922               3362.1   -0.413771804115854
       923               3362.2   -0.414014347552916
       924               3362.3   -0.414304425538939
       925               3362.4   -0.414440014880948
       926               3362.5   -0.414331791517173
       927               3362.6   -0.413961544847906
       928               3362.7    -0.41334672764221
       929               3362.8   -0.412552665378156
       930               3362.9   -0.411705006196858
       931                 3363     -0.4109364952957
       932               3363.1   -0.410295481922848
       933               3363.2   -0.409718346677014
       934               3363.3   -0.409111173812515
       935               3363.4    -0.40846589502153
       936               3363.5   -0.407894094263651
       937               3363.6   -0.407536480907178
       938               3363.7   -0.407423017548371
       939               3363.8   -0.407417130489128
       940               3363.9   -0.407316691471413
       941                 3364    -0.40703404463484
       942               3364.1   -0.406675901315542
       943               3364.2   -0.406428099024187
       944               3364.3   -0.406361728712444
       945               3364.4   -0.406372355373275
       946               3364.5   -0.406313903599327
       947               3364.6   -0.406170113923185
       948               3364.7   -0.406073217689307
       949               3364.8   -0.406143647699651
       950               3364.9   -0.406295551514026
       951                 3365    -0.40619204361952
       952               3365.1   -0.405432586854972
       953               3365.2    -0.40386279677601
       954               3365.3   -0.401741878295138
       955               3365.4    -0.39957753974275
       956               3365.5   -0.397754641440142
       957               3365.6    -0.39631689010152
       958               3365.7   -0.395099615333517
       959               3365.8   -0.394023980108725
       960               3365.9   -0.393219115710654
       961                 3366   -0.392881572861265
       962               3366.1   -0.393071792534014
       963               3366.2   -0.393659972265275
       964               3366.3   -0.394431459198578
       965               3366.4   -0.395212414450152
       966               3366.5   -0.395909665464328
       967               3366.6   -0.396482661833353
       968               3366.7   -0.396918728731147
       969               3366.8   -0.397223383137827
       970               3366.9   -0.397384155167749
       971                 3367   -0.397319903242401
       972               3367.1   -0.396903666765024
       973               3367.2   -0.396096309389212
       974               3367.3   -0.395079171613092
       975               3367.4   -0.394220198934042
       976               3367.5   -0.393850993042337
       977               3367.6   -0.394034743575823
       978               3367.7   -0.394537104770969
       979               3367.8    -0.39501988318485
       980               3367.9   -0.395266998707424
       981                 3368   -0.395257604996421
       982               3368.1   -0.395090929393481
       983               3368.2   -0.394891007096649
       984               3368.3   -0.394757736296734
       985               3368.4   -0.394736678453366
       986               3368.5   -0.394802374512746
       987               3368.6   -0.394899579042424
       988               3368.7   -0.395026999020002
       989               3368.8   -0.395259608982387
       990               3368.9   -0.395657488490531
       991                 3369   -0.396158944715262
       992               3369.1   -0.396593932970252
       993               3369.2   -0.396818735385953
       994               3369.3   -0.396836553381162
       995               3369.4    -0.39679140036238
       996               3369.5   -0.396855350368314
       997               3369.6   -0.397111031264099
       998               3369.7   -0.397504319649913
       999               3369.8   -0.397883262456125
      1000               3369.9   -0.398103843826894
      1001                 3370   -0.398142454790768
      1002               3370.1   -0.398119764098031
      1003               3370.2   -0.398197456491591
      1004               3370.3   -0.398444926350195
      1005               3370.4   -0.398817067997672
      1006               3370.5    -0.39925010128275
      1007               3370.6   -0.399736797628148
      1008               3370.7   -0.400287290810699
      1009               3370.8   -0.400853402633021
      1010               3370.9   -0.401346694261071
      1011                 3371   -0.401739630823849
      1012               3371.1   -0.402112379092229
      1013               3371.2   -0.402581335695609
      1014               3371.3   -0.403209778313698
      1015               3371.4    -0.40400908496414
      1016               3371.5   -0.404980938109346
      1017               3371.6   -0.406080980052108
      1018               3371.7   -0.407129389264491
      1019               3371.8   -0.407834376994678
      1020               3371.9   -0.407988505926442
      1021                 3372   -0.407664845847161
      1022               3372.1   -0.407200467410482
      1023               3372.2   -0.406968894636713
      1024               3372.3   -0.407147836516637
      1025               3372.4    -0.40766857651076
      1026               3372.5   -0.408351385592758
      1027               3372.6   -0.409083554675831
      1028               3372.7   -0.409897057647972
      1029               3372.8   -0.410918575718477
      1030               3372.9   -0.412270221988714
      1031                 3373   -0.414003840570852
      1032               3373.1   -0.416092557631783
      1033               3373.2   -0.418463589202209
      1034               3373.3   -0.421040471847074
      1035               3373.4   -0.423751479219641
      1036               3373.5   -0.426490575040241
      1037               3373.6   -0.429084555152424
      1038               3373.7    -0.43133327482644
      1039               3373.8   -0.433116740962035
      1040               3373.9   -0.434488842736042
      1041                 3374   -0.435669713452782
      1042               3374.1   -0.436904264381031
      1043               3374.2   -0.438261059371165
      1044               3374.3   -0.439541938635426
      1045               3374.4   -0.440425209117702
      1046               3374.5   -0.440752378598199
      1047               3374.6   -0.440700434854335
      1048               3374.7   -0.440671306717547
      1049               3374.8   -0.441003497085873
      1050               3374.9    -0.44177735641992
      1051                 3375   -0.442872912003191
      1052               3375.1   -0.444177507388845
      1053               3375.2    -0.44570635835878
      1054               3375.3    -0.44751731870168
      1055               3375.4   -0.449529289493305
      1056               3375.5   -0.451453140986326
      1057               3375.6   -0.452925607474061
      1058               3375.7     -0.4537330814286
      1059               3375.8   -0.453933329799483
      1060               3375.9   -0.453794767379491
      1061                 3376   -0.453630777728464
      1062               3376.1   -0.453648089834954
      1063               3376.2   -0.453871896034245
      1064               3376.3   -0.454167225532041
      1065               3376.4   -0.454349774459437
      1066               3376.5   -0.454315382153681
      1067               3376.6   -0.454074857946192
      1068               3376.7   -0.453661552018515
      1069               3376.8   -0.453021792922133
      1070               3376.9   -0.452026374919604
      1071                 3377    -0.45060798552404
      1072               3377.1   -0.448881727997147
      1073               3377.2   -0.447104970290284
      1074               3377.3   -0.445489561213475
      1075               3377.4   -0.444043244728935
      1076               3377.5   -0.442605030494826
      1077               3377.6   -0.441042614778483
      1078               3377.7   -0.439416421982906
      1079               3377.8    -0.43796939886203
      1080               3377.9    -0.43698130940225
      1081                 3378    -0.43661225889482
      1082               3378.1   -0.436811927568545
      1083               3378.2   -0.437313613803525
      1084               3378.3   -0.437722326678043
      1085               3378.4   -0.437679956478666
      1086               3378.5   -0.437022566739363
      1087               3378.6   -0.435821834840964
      1088               3378.7   -0.434289673237621
      1089               3378.8   -0.432638974820234
      1090               3378.9   -0.431004066734885
      1091                 3379   -0.429440172056651
      1092               3379.1   -0.427960207174355
      1093               3379.2   -0.426575978220263
      1094               3379.3   -0.425332220355767
      1095               3379.4   -0.424317421572419
      1096               3379.5   -0.423630125809545
      1097               3379.6   -0.423302993658202
      1098               3379.7   -0.423231590155844
      1099               3379.8    -0.42317720640883
      1100               3379.9   -0.422870303368394
      1101                 3380   -0.422153415635543
      1102               3380.1   -0.421054893566121
      1103               3380.2    -0.41973798457582
      1104               3380.3   -0.418381906366484
      1105               3380.4   -0.417107137086908
      1106               3380.5   -0.415985974673445
      1107               3380.6   -0.415063043855821
      1108               3380.7   -0.414309116059062
      1109               3380.8   -0.413558276160976
      1110               3380.9   -0.412551175388056
      1111                 3381   -0.411106843170009
      1112               3381.1   -0.409293067456624
      1113               3381.2   -0.407444266064481
      1114               3381.3   -0.405999474842564
      1115               3381.4   -0.405272199708799
      1116               3381.5   -0.405306485388107
      1117               3381.6   -0.405900865426493
      1118               3381.7   -0.406757448118613
      1119               3381.8   -0.407633653244606
      1120               3381.9   -0.408393892744921
      1121                 3382   -0.408950572808549
      1122               3382.1   -0.409173913610856
      1123               3382.2   -0.408877315082134
      1124               3382.3   -0.407926792629937
      1125               3382.4   -0.406401747553408
      1126               3382.5   -0.404640923845317
      1127               3382.6   -0.403069506623713
      1128               3382.7   -0.401921302989834
      1129               3382.8   -0.401116745813963
      1130               3382.9   -0.400416031875015
      1131                 3383   -0.399668800255507
      1132               3383.1   -0.398893877845885
      1133               3383.2   -0.398150863383802
      1134               3383.3   -0.397403380967726
      1135               3383.4    -0.39653630116787
      1136               3383.5   -0.395481217380948
      1137               3383.6   -0.394311423567676
      1138               3383.7   -0.393245766585093
      1139               3383.8   -0.392578178651261
      1140               3383.9   -0.392546423557631
      1141                 3384   -0.393170059889923
      1142               3384.1   -0.394164731631695
      1143               3384.2   -0.395046224699193
      1144               3384.3   -0.395391013143459
      1145               3384.4   -0.395060936832323
      1146               3384.5   -0.394217961437825
      1147               3384.6   -0.393141301567214
      1148               3384.7   -0.392028460180617
      1149               3384.8   -0.390954228530246
      1150               3384.9   -0.389979967355769
      1151                 3385   -0.389228426009621
      1152               3385.1   -0.388782961296604
      1153               3385.2   -0.388521153661589
      1154               3385.3   -0.388138958232952
      1155               3385.4   -0.387421332766009
      1156               3385.5   -0.386484969420936
      1157               3385.6   -0.385704584275766
      1158               3385.7   -0.385391303659094
      1159               3385.8   -0.385569619318898
      1160               3385.9   -0.386052541213176
      1161                 3386   -0.386663126302385
      1162               3386.1   -0.387337925526799
      1163               3386.2   -0.388045663943552
      1164               3386.3   -0.388662011945502
      1165               3386.4   -0.388948442045897
      1166               3386.5   -0.388663840114984
      1167               3386.6   -0.387733149596928
      1168               3386.7   -0.386351275472824
      1169               3386.8   -0.384922618241448
      1170               3386.9   -0.383843959318427
      1171                 3387   -0.383276108079177
      1172               3387.1   -0.383086361766717
      1173               3387.2   -0.383012276445527
      1174               3387.3   -0.382899753818817
      1175               3387.4   -0.382797626416833
      1176               3387.5   -0.382834287231612
      1177               3387.6   -0.383026799143551
      1178               3387.7   -0.383238216695176
      1179               3387.8   -0.383323859317613
      1180               3387.9   -0.383293964399254
      1181                 3388   -0.383318689616736
      1182               3388.1   -0.383586997918576
      1183               3388.2   -0.384157950727336
      1184               3388.3   -0.384899758740835
      1185               3388.4   -0.385524601662231
      1186               3388.5   -0.385702856573106
      1187               3388.6   -0.385228503650582
      1188               3388.7   -0.384160254498533
      1189               3388.8    -0.38284076376224
      1190               3388.9   -0.381754760402864
      1191                 3389   -0.381288941269521
      1192               3389.1   -0.381529656259972
      1193               3389.2    -0.38222964536138
      1194               3389.3    -0.38297522005641
      1195               3389.4   -0.383440867751453
      1196               3389.5   -0.383553213969258
      1197               3389.6   -0.383474069173764
      1198               3389.7   -0.383460836425059
      1199               3389.8   -0.383717034947026
      1200               3389.9   -0.384292672479626
      1201                 3390   -0.385051410926914
      1202               3390.1   -0.385727753115798
      1203               3390.2   -0.386065629262401
      1204               3390.3   -0.385947614591672
      1205               3390.4   -0.385419264375446
      1206               3390.5   -0.384625562196904
      1207               3390.6    -0.38375267079046
      1208               3390.7   -0.383004419707278
      1209               3390.8   -0.382557573799909
      1210               3390.9   -0.382473358619142
      1211                 3391   -0.382638853599255
      1212               3391.1   -0.382821488411794
      1213               3391.2   -0.382818053044653
      1214               3391.3   -0.382584024688489
      1215               3391.4    -0.38224670495185
      1216               3391.5   -0.382012603632059
      1217               3391.6    -0.38205554635398
      1218               3391.7   -0.382448838783247
      1219               3391.8   -0.383141765273034
      1220               3391.9   -0.383963350875525
      1221                 3392   -0.384657336677238
      1222               3392.1   -0.384953922559879
      1223               3392.2   -0.384662954075711
      1224               3392.3    -0.38376420977742
      1225               3392.4    -0.38246607969388
      1226               3392.5   -0.381183533955454
      1227               3392.6   -0.380391893278586
      1228               3392.7   -0.380394837198347
      1229               3392.8    -0.38114438237042
      1230               3392.9   -0.382245624018266
      1231                 3393   -0.383153926557598
      1232               3393.1   -0.383441272883744
      1233               3393.2   -0.382974554758417
      1234               3393.3   -0.381920293379421
      1235               3393.4   -0.380612590164401
      1236               3393.5   -0.379405282986848
      1237               3393.6   -0.378598955405112
      1238               3393.7   -0.378423275952306
      1239               3393.8    -0.37900176354658
      1240               3393.9   -0.380288639298859
      1241                 3394   -0.382043102798198
      1242               3394.1   -0.383891714104201
      1243               3394.2   -0.385458609229457
      1244               3394.3   -0.386498379913255
      1245               3394.4   -0.386965066077921
      1246               3394.5     -0.3869798784934
      1247               3394.6   -0.386718316243003
      1248               3394.7   -0.386295847246474
      1249               3394.8   -0.385735653749641
      1250               3394.9   -0.385035768467952
      1251                 3395    -0.38426484805183
      1252               3395.1   -0.383585342696734
      1253               3395.2   -0.383172232567867
      1254               3395.3   -0.383102861944322
      1255               3395.4   -0.383317704381808
      1256               3395.5    -0.38367185627606
      1257               3395.6   -0.384023282539522
      1258               3395.7   -0.384304407589158
      1259               3395.8   -0.384542891388483
      1260               3395.9   -0.384805362815545
      1261                 3396   -0.385094224156209
      1262               3396.1   -0.385310459763256
      1263               3396.2   -0.385355478743053
      1264               3396.3   -0.385266960326484
      1265               3396.4   -0.385204317699617
      1266               3396.5   -0.385274173907204
      1267               3396.6   -0.385402062558336
      1268               3396.7   -0.385413707676291
      1269               3396.8    -0.38523998545933
      1270               3396.9    -0.38501835842391
      1271                 3397   -0.384976052603895
      1272               3397.1   -0.385200258500571
      1273               3397.2   -0.385513697922969
      1274               3397.3   -0.385585347706468
      1275               3397.4   -0.385190341685359
      1276               3397.5   -0.384391129768338
      1277               3397.6   -0.383489058087051
      1278               3397.7   -0.382805114603854
      1279               3397.8   -0.382474745848188
      1280               3397.9   -0.382396930055726
      1281                 3398   -0.382349040718624
      1282               3398.1   -0.382171701916173
      1283               3398.2   -0.381890619635118
      1284               3398.3   -0.381694469114949
      1285               3398.4   -0.381798731242779
      1286               3398.5   -0.382302176086926
      1287               3398.6   -0.383123262977493
      1288               3398.7   -0.384030556360993
      1289               3398.8   -0.384733720996852
      1290               3398.9   -0.384996076376895
      1291                 3399   -0.384731046204459
      1292               3399.1   -0.384041210773544
      1293               3399.2   -0.383174257511843
      1294               3399.3   -0.382414129478933
      1295               3399.4   -0.381966473475685
      1296               3399.5   -0.381898020458433
      1297               3399.6   -0.382150529486324
      1298               3399.7   -0.382605717032078
      1299               3399.8   -0.383155974354731
      1300               3399.9   -0.383737062432791
      1301                 3400    -0.38429943241436
      1302               3400.1   -0.384741663205684
      1303               3400.2   -0.384880359518945
      1304               3400.3   -0.384517194602254
      1305               3400.4   -0.383568732786844
      1306               3400.5   -0.382151277023107
      1307               3400.6   -0.380554502948909
      1308               3400.7   -0.379136194102637
      1309               3400.8   -0.378211297023285
      1310               3400.9   -0.377979968669442
      1311                 3401    -0.37850072273206
      1312               3401.1   -0.379694032532628
      1313               3401.2   -0.381360108645891
      1314               3401.3   -0.383212095872781
      1315               3401.4   -0.384939327447781
      1316               3401.5   -0.386295927610484
      1317               3401.6   -0.387172986937318
      1318               3401.7   -0.387603858857756
      1319               3401.8   -0.387695852890257
      1320               3401.9   -0.387547464623188
      1321                 3402   -0.387222603992232
      1322               3402.1    -0.38677533126619
      1323               3402.2   -0.386245300102392
      1324               3402.3   -0.385604254246535
      1325               3402.4   -0.384761919446911
      1326               3402.5   -0.383712050737197
      1327               3402.6   -0.382689685904863
      1328               3402.7   -0.382109821185202
      1329               3402.8   -0.382271905631144
      1330               3402.9   -0.383108880654022
      1331                 3403   -0.384240645457253
      1332               3403.1   -0.385261935534638
      1333               3403.2   -0.385963188027166
      1334               3403.3   -0.386314909636356
      1335               3403.4    -0.38633425061032
      1336               3403.5    -0.38603450995136
      1337               3403.6   -0.385484637030445
      1338               3403.7   -0.384843019590009
      1339               3403.8    -0.38427722953305
      1340               3403.9   -0.383843147474749
      1341                 3404   -0.383455814929225
      1342               3404.1   -0.382984831432771
      1343               3404.2   -0.382383323085008
      1344               3404.3   -0.381740182209824
      1345               3404.4   -0.381225311569412
      1346               3404.5   -0.380988061313853
      1347               3404.6   -0.381094044017778
      1348               3404.7   -0.381530614902474
      1349               3404.8   -0.382236630479959
      1350               3404.9   -0.383106458064124
      1351                 3405   -0.383987495946092
      1352               3405.1   -0.384728000889835
      1353               3405.2   -0.385266945335985
      1354               3405.3   -0.385677493905058
      1355               3405.4   -0.386106078172683
      1356               3405.5   -0.386659394365051
      1357               3405.6   -0.387335404488139
      1358               3405.7   -0.388025339813457
      1359               3405.8   -0.388545371597839
      1360               3405.9   -0.388678309724422
      1361                 3406   -0.388247463645206
      1362               3406.1   -0.387209280675677
      1363               3406.2   -0.385691864586378
      1364               3406.3   -0.383940659795546
      1365               3406.4    -0.38223149152224
      1366               3406.5   -0.380830474539613
      1367               3406.6   -0.379991285636036
      1368               3406.7   -0.379919292034189
      1369               3406.8   -0.380689162613193
      1370               3406.9   -0.382186602564219
      1371                 3407   -0.384131018568733
      1372               3407.1   -0.386156037917697
      1373               3407.2   -0.387899350434573
      1374               3407.3   -0.389092205333701
      1375               3407.4   -0.389646585558498
      1376               3407.5   -0.389693713462266
      1377               3407.6   -0.389517904780977
      1378               3407.7   -0.389396683716797
      1379               3407.8   -0.389433067164247
      1380               3407.9   -0.389478029198763
      1381                 3408   -0.389196461699814
      1382               3408.1   -0.388261053782502
      1383               3408.2   -0.386578745626827
      1384               3408.3   -0.384402387407333
      1385               3408.4    -0.38223037170619
      1386               3408.5   -0.380551832632604
      1387               3408.6   -0.379621953541377
      1388               3408.7   -0.379417530786097
      1389               3408.8   -0.379762513752097
      1390               3408.9   -0.380486793873016
      1391                 3409   -0.381486412960861
      1392               3409.1   -0.382656563600201
      1393               3409.2   -0.383786201769538
      1394               3409.3   -0.384553243299793
      1395               3409.4   -0.384680519316994
      1396               3409.5   -0.384143493191676
      1397               3409.6   -0.383231155869563
      1398               3409.7   -0.382378392046937
      1399               3409.8   -0.381905723799597
      1400               3409.9   -0.381883286839374
      1401                 3410   -0.382198792269116
      1402               3410.1   -0.382718957230224
      1403               3410.2   -0.383389768682156
      1404               3410.3   -0.384228176415694
      1405               3410.4   -0.385258751255764
      1406               3410.5   -0.386447362652015
      1407               3410.6   -0.387648420440283
      1408               3410.7   -0.388595978802051
      1409               3410.8   -0.388984508625853
      1410               3410.9   -0.388622535730398
      1411                 3411   -0.387552673082474
      1412               3411.1   -0.386038543312086
      1413               3411.2   -0.384432444182049
      1414               3411.3   -0.383031884673341
      1415               3411.4   -0.382013564471209
      1416               3411.5   -0.381446351883204
      1417               3411.6   -0.381334685846494
      1418               3411.7   -0.381654454024405
      1419               3411.8   -0.382363608556951
      1420               3411.9   -0.383381499078454
      1421                 3412   -0.384558947076576
      1422               3412.1   -0.385687750469105
      1423               3412.2   -0.386571756648549
      1424               3412.3   -0.387113848810291
      1425               3412.4   -0.387342845145555
      1426               3412.5   -0.387353971609736
      1427               3412.6   -0.387217803760665
      1428               3412.7   -0.386937897712793
      1429               3412.8   -0.386478738204668
      1430               3412.9    -0.38581620080615
      1431                 3413   -0.384965350990542
      1432               3413.1   -0.383990302200378
      1433               3413.2   -0.383012416324327
      1434               3413.3   -0.382199888284131
      1435               3413.4   -0.381712454890388
      1436               3413.5   -0.381612906965563
      1437               3413.6   -0.381797720730837
      1438               3413.7   -0.382005646278756
      1439               3413.8   -0.381929620011124
      1440               3413.9   -0.381389094953768
      1441                 3414   -0.380453904527409
      1442               3414.1   -0.379419049208908
      1443               3414.2   -0.378636287135001
      1444               3414.3   -0.378325843170254
      1445               3414.4   -0.378499614322899
      1446               3414.5   -0.379015758604309
      1447               3414.6   -0.379676132600529
      1448               3414.7   -0.380286169926371
      1449               3414.8   -0.380687722875851
      1450               3414.9   -0.380813189979642
      1451                 3415   -0.380739478845426
      1452               3415.1   -0.380655505276433
      1453               3415.2   -0.380723767419802
      1454               3415.3   -0.380951786491808
      1455               3415.4   -0.381203271364253
      1456               3415.5   -0.381334921700446
      1457               3415.6   -0.381321223956849
      1458               3415.7   -0.381259396186471
      1459               3415.8   -0.381261675421828
      1460               3415.9   -0.381324770910253
      1461                 3416   -0.381283986813886
      1462               3416.1   -0.380909729756983
      1463               3416.2   -0.380091022329566
      1464               3416.3    -0.37895516943139
      1465               3416.4    -0.37780844564719
      1466               3416.5   -0.376939233367059
      1467               3416.6   -0.376448680037189
      1468               3416.7   -0.376240499293296
      1469               3416.8   -0.376152798133612
      1470               3416.9   -0.376100030443237
      1471                 3417   -0.376111320804706
      1472               3417.1   -0.376265837766644
      1473               3417.2   -0.376615479816203
      1474               3417.3   -0.377169751810825
      1475               3417.4   -0.377933443202072
      1476               3417.5   -0.378934744200059
      1477               3417.6   -0.380205248611751
      1478               3417.7   -0.381724186235528
      1479               3417.8   -0.383361217811691
      1480               3417.9   -0.384858774844584
      1481                 3418   -0.385900329473926
      1482               3418.1   -0.386263725550762
      1483               3418.2   -0.385956881301412
      1484               3418.3   -0.385208670231106
      1485               3418.4   -0.384316730263454
      1486               3418.5   -0.383488559591127
      1487               3418.6   -0.382784633130303
      1488               3418.7    -0.38215293807344
      1489               3418.8   -0.381503763753941
      1490               3418.9    -0.38080331833659
      1491                 3419   -0.380146783853921
      1492               3419.1   -0.379729358560608
      1493               3419.2    -0.37969392397262
      1494               3419.3   -0.379977036202813
      1495               3419.4   -0.380319458138952
      1496               3419.5   -0.380457785692289
      1497               3419.6   -0.380315799692064
      1498               3419.7   -0.380014850302398
      1499               3419.8   -0.379735052983738
      1500               3419.9   -0.379592984749841
