     index            Field [G]         Intensity []

         1                 3270   -0.394009892930962
         2               3270.1   -0.394280366042065
         3               3270.2    -0.39454258420038
         4               3270.3   -0.394743400965755
         5               3270.4   -0.394767239526842
         6               3270.5   -0.394499125198093
         7               3270.6   -0.393946575564004
         8               3270.7   -0.393298724633487
         9               3270.8   -0.392828527920871
        10               3270.9   -0.392706415413753
        11                 3271   -0.392881565054779
        12               3271.1   -0.393118689828303
        13               3271.2   -0.393159326819254
        14               3271.3    -0.39290044199588
        15               3271.4   -0.392471606532869
        16               3271.5   -0.392156267726475
        17               3271.6   -0.392223419706259
        18               3271.7   -0.392807167220159
        19               3271.8   -0.393901616649582
        20               3271.9   -0.395405855383749
        21                 3272   -0.397128000092456
        22               3272.1   -0.398763118876555
        23               3272.2   -0.399944062642823
        24               3272.3   -0.400403682173538
        25               3272.4   -0.400140783783678
        26               3272.5   -0.399425603727998
        27               3272.6   -0.398609317817936
        28               3272.7   -0.397898155914059
        29               3272.8   -0.397287914610087
        30               3272.9   -0.396675814795854
        31                 3273   -0.395993280691441
        32               3273.1   -0.395241910149497
        33               3273.2   -0.394472489916768
        34               3273.3    -0.39378551206544
        35               3273.4   -0.393332060261347
        36               3273.5   -0.393254690627353
        37               3273.6   -0.393602258498193
        38               3273.7   -0.394314495254734
        39               3273.8   -0.395283790091175
        40               3273.9   -0.396397068335076
        41                 3274   -0.397509824107669
        42               3274.1   -0.398430630364467
        43               3274.2   -0.398991972788696
        44               3274.3   -0.399149620867067
        45               3274.4   -0.398993114997358
        46               3274.5   -0.398653870290535
        47               3274.6   -0.398216515773676
        48               3274.7   -0.397723195184385
        49               3274.8   -0.397247836086146
        50               3274.9   -0.396941804427061
        51                 3275   -0.396980213717436
        52               3275.1   -0.397434573220025
        53               3275.2   -0.398177253592647
        54               3275.3   -0.398912379728465
        55               3275.4   -0.399326537465169
        56               3275.5   -0.399250595170067
        57               3275.6   -0.398718212828027
        58               3275.7   -0.397901328435073
        59               3275.8   -0.397003771979176
        60               3275.9   -0.396201439105782
        61                 3276   -0.395632194086034
        62               3276.1   -0.395375159326926
        63               3276.2   -0.395407042948269
        64               3276.3   -0.395607951979446
        65               3276.4   -0.395864428209771
        66               3276.5   -0.396192608396706
        67               3276.6   -0.396748301273389
        68               3276.7   -0.397692994449184
        69               3276.8   -0.399034491470767
        70               3276.9   -0.400589834678169
        71                 3277    -0.40209176873544
        72               3277.1   -0.403315859155951
        73               3277.2    -0.40411280526868
        74               3277.3   -0.404379900535803
        75               3277.4   -0.404086981295054
        76               3277.5   -0.403357665344003
        77               3277.6   -0.402466351112024
        78               3277.7   -0.401679159702737
        79               3277.8   -0.401073408415818
        80               3277.9    -0.40052881493977
        81                 3278   -0.399904750529667
        82               3278.1   -0.399221367478494
        83               3278.2   -0.398668851726775
        84               3278.3   -0.398446999558748
        85               3278.4   -0.398590934345502
        86               3278.5   -0.398933248334924
        87               3278.6   -0.399218019884938
        88               3278.7   -0.399257879603589
        89               3278.8   -0.399023761374417
        90               3278.9   -0.398648930570789
        91                 3279   -0.398385863475818
        92               3279.1   -0.398526067875189
        93               3279.2   -0.399271443168702
        94               3279.3   -0.400604013327039
        95               3279.4   -0.402259409553392
        96               3279.5   -0.403856642320157
        97               3279.6   -0.405104566233009
        98               3279.7   -0.405932401792207
        99               3279.8   -0.406454232913777
       100               3279.9   -0.406818462154931
       101                 3280   -0.407083064489932
       102               3280.1   -0.407209471356959
       103               3280.2   -0.407135706765841
       104               3280.3   -0.406827260438549
       105               3280.4   -0.406274525761335
       106               3280.5   -0.405488510937604
       107               3280.6   -0.404521842946061
       108               3280.7   -0.403469177331222
       109               3280.8   -0.402406894175551
       110               3280.9   -0.401312594272753
       111                 3281   -0.400051784131326
       112               3281.1   -0.398472379864404
       113               3281.2   -0.396549739011479
       114               3281.3    -0.39446925000694
       115               3281.4   -0.392576758400053
       116               3281.5   -0.391223684364403
       117               3281.6   -0.390591527112323
       118               3281.7   -0.390581044982693
       119               3281.8   -0.390832014264512
       120               3281.9    -0.39089036328998
       121                 3282   -0.390445660025631
       122               3282.1   -0.389498338576168
       123               3282.2   -0.388359479537184
       124               3282.3   -0.387489892885281
       125               3282.4   -0.387262730046401
       126               3282.5   -0.387773979524936
       127               3282.6   -0.388821993727295
       128               3282.7    -0.39007491681423
       129               3282.8   -0.391279168039397
       130               3282.9    -0.39231818481173
       131                 3283   -0.393104508119816
       132               3283.1   -0.393489820667781
       133               3283.2    -0.39334423053592
       134               3283.3   -0.392720705644287
       135               3283.4   -0.391890546773381
       136               3283.5   -0.391182788301157
       137               3283.6   -0.390788553397713
       138               3283.7   -0.390709175256901
       139               3283.8   -0.390838260257707
       140               3283.9   -0.391039341931078
       141                 3284   -0.391157701879396
       142               3284.1   -0.391037010477596
       143               3284.2   -0.390601999391999
       144               3284.3    -0.38994623104347
       145               3284.4   -0.389311932036868
       146               3284.5   -0.388946897788848
       147               3284.6   -0.388957496303319
       148               3284.7   -0.389285086426068
       149               3284.8   -0.389801025039913
       150               3284.9   -0.390401274040994
       151                 3285   -0.391022129524901
       152               3285.1   -0.391619301830691
       153               3285.2   -0.392172997789677
       154               3285.3   -0.392694905501441
       155               3285.4   -0.393190967133342
       156               3285.5    -0.39362473954988
       157               3285.6    -0.39396178629529
       158               3285.7    -0.39426584397235
       159               3285.8   -0.394719389802954
       160               3285.9   -0.395509715042223
       161                 3286   -0.396674174818144
       162               3286.1   -0.398048896475052
       163               3286.2   -0.399365190303634
       164               3286.3   -0.400401366417217
       165               3286.4    -0.40106230127298
       166               3286.5   -0.401350212021204
       167               3286.6   -0.401297140934822
       168               3286.7   -0.400938368789204
       169               3286.8   -0.400334729815285
       170               3286.9   -0.399597208960369
       171                 3287   -0.398868339679602
       172               3287.1   -0.398253864875309
       173               3287.2   -0.397757039808123
       174               3287.3   -0.397295885020799
       175               3287.4    -0.39680913214026
       176               3287.5   -0.396332659147075
       177               3287.6   -0.395936841303529
       178               3287.7   -0.395595771447656
       179               3287.8   -0.395175354379198
       180               3287.9   -0.394587233946666
       181                 3288   -0.393933376926039
       182               3288.1   -0.393469108990229
       183               3288.2   -0.393426843602729
       184               3288.3    -0.39387514174424
       185               3288.4   -0.394706393388585
       186               3288.5   -0.395715592695192
       187               3288.6   -0.396704760782031
       188               3288.7   -0.397571314962405
       189               3288.8   -0.398335455251449
       190               3288.9   -0.399078664495934
       191                 3289   -0.399841446014161
       192               3289.1   -0.400572114134663
       193               3289.2   -0.401154532928977
       194               3289.3   -0.401457667511778
       195               3289.4   -0.401362053153628
       196               3289.5   -0.400790037196153
       197               3289.6   -0.399768209124194
       198               3289.7   -0.398469915130455
       199               3289.8   -0.397157098764045
       200               3289.9   -0.396038314934967
       201                 3290   -0.395166192497393
       202               3290.1   -0.394463910012566
       203               3290.2   -0.393835781458327
       204               3290.3    -0.39324867752417
       205               3290.4   -0.392729926887707
       206               3290.5   -0.392318655467971
       207               3290.6   -0.392032772199283
       208               3290.7    -0.39187267277781
       209               3290.8   -0.391836806308319
       210               3290.9    -0.39192122294343
       211                 3291   -0.392105323996052
       212               3291.1   -0.392342378848451
       213               3291.2   -0.392560798198754
       214               3291.3   -0.392673303957296
       215               3291.4     -0.3925992399301
       216               3291.5   -0.392300201644055
       217               3291.6   -0.391805156481033
       218               3291.7   -0.391200395316267
       219               3291.8   -0.390595292580875
       220               3291.9   -0.390095357177451
       221                 3292   -0.389786335637575
       222               3292.1   -0.389708307668606
       223               3292.2   -0.389832123790512
       224               3292.3   -0.390090917237301
       225               3292.4   -0.390470758016174
       226               3292.5   -0.391060395223724
       227               3292.6   -0.391959929428765
       228               3292.7   -0.393104224454853
       229               3292.8   -0.394192795400166
       230               3292.9   -0.394843092161872
       231                 3293    -0.39485870315598
       232               3293.1    -0.39437757525719
       233               3293.2   -0.393774300277541
       234               3293.3   -0.393413142510377
       235               3293.4   -0.393462491922877
       236               3293.5   -0.393894970638209
       237               3293.6   -0.394615145004557
       238               3293.7   -0.395561330514986
       239               3293.8   -0.396699143330252
       240               3293.9   -0.397961866786587
       241                 3294   -0.399236057420373
       242               3294.1   -0.400409495761813
       243               3294.2   -0.401414473824317
       244               3294.3    -0.40222086468633
       245               3294.4   -0.402818370500379
       246               3294.5   -0.403243521291634
       247               3294.6   -0.403618259562329
       248               3294.7   -0.404103774179943
       249               3294.8   -0.404756619702715
       250               3294.9   -0.405417661364835
       251                 3295   -0.405771456776041
       252               3295.1   -0.405553292767739
       253               3295.2   -0.404731647121627
       254               3295.3   -0.403512595551167
       255               3295.4    -0.40217384755643
       256               3295.5   -0.400886368942397
       257               3295.6   -0.399680096232177
       258               3295.7   -0.398555678443437
       259               3295.8   -0.397600013166225
       260               3295.9   -0.396984700539476
       261                 3296   -0.396865233933744
       262               3296.1   -0.397281140452462
       263               3296.2   -0.398122945660735
       264               3296.3   -0.399169485067385
       265               3296.4   -0.400174572086291
       266               3296.5    -0.40096528442058
       267               3296.6   -0.401487114963026
       268               3296.7   -0.401753547876659
       269               3296.8   -0.401757887611843
       270               3296.9   -0.401471984009731
       271                 3297    -0.40095848974998
       272               3297.1   -0.400445070720577
       273               3297.2    -0.40020612924577
       274               3297.3   -0.400326766803098
       275               3297.4   -0.400597388182855
       276               3297.5   -0.400660608844528
       277               3297.6   -0.400262707496513
       278               3297.7   -0.399380113781945
       279               3297.8    -0.39815585907746
       280               3297.9    -0.39676598680126
       281                 3298   -0.395354858663352
       282               3298.1   -0.394055377305553
       283               3298.2   -0.392999666054501
       284               3298.3   -0.392251661979957
       285               3298.4   -0.391723098621512
       286               3298.5   -0.391198645528915
       287               3298.6   -0.390490563764977
       288               3298.7   -0.389587302201353
       289               3298.8   -0.388657826644848
       290               3298.9   -0.387934058552337
       291                 3299   -0.387609109595664
       292               3299.1   -0.387816406844649
       293               3299.2   -0.388616536856338
       294               3299.3   -0.389926056623197
       295               3299.4   -0.391465994241218
       296               3299.5   -0.392859260216922
       297               3299.6   -0.393850907362231
       298               3299.7   -0.394451289872998
       299               3299.8   -0.394853258745832
       300               3299.9   -0.395206521567916
       301                 3300   -0.395469544432111
       302               3300.1   -0.395458148717288
       303               3300.2   -0.395014264433622
       304               3300.3   -0.394139864894602
       305               3300.4   -0.393012721957696
       306               3300.5   -0.391904209863941
       307               3300.6   -0.391065812027172
       308               3300.7   -0.390642774354213
       309               3300.8   -0.390640503647086
       310               3300.9   -0.390936843724197
       311                 3301    -0.39132646419702
       312               3301.1   -0.391595780855601
       313               3301.2   -0.391617071540867
       314               3301.3   -0.391415887099019
       315               3301.4   -0.391161190575817
       316               3301.5   -0.391077652925218
       317               3301.6   -0.391334845256238
       318               3301.7   -0.391976964272761
       319               3301.8   -0.392923042250947
       320               3301.9    -0.39402032321031
       321                 3302   -0.395100702462268
       322               3302.1   -0.396006344980898
       323               3302.2   -0.396608981142489
       324               3302.3   -0.396861191530669
       325               3302.4     -0.3968443239073
       326               3302.5    -0.39673273717007
       327               3302.6   -0.396682215200018
       328               3302.7   -0.396752423734055
       329               3302.8   -0.396919953756101
       330               3302.9   -0.397113108177188
       331                 3303   -0.397210895913394
       332               3303.1   -0.397065257896187
       333               3303.2   -0.396601471314696
       334               3303.3   -0.395906210546477
       335               3303.4   -0.395171086601316
       336               3303.5   -0.394526153573619
       337               3303.6   -0.393941767118701
       338               3303.7   -0.393289418387447
       339               3303.8   -0.392469128878925
       340               3303.9   -0.391481630519874
       341                 3304   -0.390434323151049
       342               3304.1   -0.389524548115138
       343               3304.2   -0.388993456146869
       344               3304.3   -0.389020886989624
       345               3304.4   -0.389604197742296
       346               3304.5   -0.390530058352692
       347               3304.6   -0.391492267207592
       348               3304.7   -0.392271177271373
       349               3304.8   -0.392827576356375
       350               3304.9   -0.393250641098308
       351                 3305   -0.393634973142391
       352               3305.1   -0.394003024526743
       353               3305.2    -0.39431744317144
       354               3305.3   -0.394535265457407
       355               3305.4    -0.39463030928328
       356               3305.5   -0.394567099156145
       357               3305.6   -0.394283434587189
       358               3305.7   -0.393735120067887
       359               3305.8   -0.392969230343127
       360               3305.9   -0.392136430743273
       361                 3306   -0.391413426390537
       362               3306.1   -0.390908003929518
       363               3306.2   -0.390631953878835
       364               3306.3   -0.390550328674365
       365               3306.4   -0.390650151747825
       366               3306.5   -0.390966595448994
       367               3306.6   -0.391538544719352
       368               3306.7   -0.392326885690046
       369               3306.8   -0.393188730339345
       370               3306.9   -0.393969259031904
       371                 3307   -0.394632262782477
       372               3307.1   -0.395268934075268
       373               3307.2   -0.395953361949045
       374               3307.3   -0.396613360665594
       375               3307.4   -0.397077018721024
       376               3307.5   -0.397239440426464
       377               3307.6   -0.397168140048226
       378               3307.7   -0.397071775841906
       379               3307.8   -0.397194465855999
       380               3307.9   -0.397691285605246
       381                 3308   -0.398503222801917
       382               3308.1   -0.399309738479188
       383               3308.2    -0.39966760695142
       384               3308.3   -0.399297159308823
       385               3308.4   -0.398288725343719
       386               3308.5   -0.397033615226144
       387               3308.6   -0.395936931274879
       388               3308.7   -0.395164329823749
       389               3308.8   -0.394609127559921
       390               3308.9   -0.394048194330632
       391                 3309   -0.393325029234662
       392               3309.1   -0.392433994061144
       393               3309.2    -0.39148229847169
       394               3309.3   -0.390582953691976
       395               3309.4   -0.389761194918539
       396               3309.5   -0.388939020000692
       397               3309.6   -0.388010124682062
       398               3309.7   -0.386958991590528
       399               3309.8   -0.385935092226954
       400               3309.9   -0.385199772885047
       401                 3310   -0.384957985123831
       402               3310.1   -0.385209386527143
       403               3310.2   -0.385751818887345
       404               3310.3    -0.38632089442194
       405               3310.4   -0.386731127797173
       406               3310.5   -0.386922115831615
       407               3310.6   -0.386915943010325
       408               3310.7   -0.386739949337461
       409               3310.8   -0.386372313279073
       410               3310.9   -0.385752354976735
       411                 3311   -0.384841402437342
       412               3311.1   -0.383665477051353
       413               3311.2   -0.382301333928106
       414               3311.3   -0.380844777549791
       415               3311.4   -0.379405333959689
       416               3311.5   -0.378106442646181
       417               3311.6   -0.377052951718445
       418               3311.7    -0.37628582128525
       419               3311.8   -0.375775124333506
       420               3311.9    -0.37545412802886
       421                 3312   -0.375248993471379
       422               3312.1   -0.375081058080982
       423               3312.2    -0.37486542582482
       424               3312.3   -0.374530903044038
       425               3312.4   -0.374054349194644
       426               3312.5   -0.373482324691363
       427               3312.6   -0.372912867284509
       428               3312.7   -0.372429211345291
       429               3312.8   -0.372021791220052
       430               3312.9   -0.371573157665535
       431                 3313    -0.37094944377607
       432               3313.1   -0.370137800973353
       433               3313.2   -0.369290897442828
       434               3313.3   -0.368598587318006
       435               3313.4   -0.368079977046413
       436               3313.5   -0.367498207261069
       437               3313.6   -0.366501264837825
       438               3313.7   -0.364873136825932
       439               3313.8   -0.362679287429818
       440               3313.9   -0.360205392667038
       441                 3314   -0.357768831021998
       442               3314.1   -0.355550128601697
       443               3314.2   -0.353537462768825
       444               3314.3    -0.35159340005141
       445               3314.4   -0.349591208859873
       446               3314.5   -0.347537688315479
       447               3314.6   -0.345609241384907
       448               3314.7   -0.344071701659577
       449               3314.8   -0.343111621133972
       450               3314.9   -0.342666458854937
       451                 3315     -0.3423744480755
       452               3315.1   -0.341710697393172
       453               3315.2   -0.340235139518938
       454               3315.3   -0.337777686927456
       455               3315.4   -0.334446032964004
       456               3315.5   -0.330500428039097
       457               3315.6   -0.326222030117281
       458               3315.7   -0.321845139297199
       459               3315.8   -0.317534748705501
       460               3315.9   -0.313372627258636
       461                 3316      -0.309349784351
       462               3316.1   -0.305382961787081
       463               3316.2   -0.301359340708435
       464               3316.3   -0.297191523885423
       465               3316.4   -0.292854830547816
       466               3316.5   -0.288387909897181
       467               3316.6   -0.283863057602568
       468               3316.7   -0.279355693818901
       469               3316.8   -0.274935705829002
       470               3316.9   -0.270667778694068
       471                 3317   -0.266591280299034
       472               3317.1   -0.262686481071589
       473               3317.2   -0.258871613452823
       474               3317.3    -0.25504332609126
       475               3317.4   -0.251112624425667
       476               3317.5   -0.247004594777939
       477               3317.6     -0.2426650939083
       478               3317.7   -0.238122100172379
       479               3317.8   -0.233563450565107
       480               3317.9   -0.229342644603543
       481                 3318   -0.225873526978192
       482               3318.1   -0.223450680534197
       483               3318.2   -0.222081539534486
       484               3318.3   -0.221447149260774
       485               3318.4   -0.221076899771859
       486               3318.5   -0.220670873539309
       487               3318.6   -0.220335464415708
       488               3318.7    -0.22052131428854
       489               3318.8    -0.22169411866218
       490               3318.9   -0.223996743746781
       491                 3319   -0.227154585922545
       492               3319.1   -0.230665077145692
       493               3319.2   -0.234100089645239
       494               3319.3   -0.237295915469186
       495               3319.4   -0.240326968377986
       496               3319.5   -0.243347786552266
       497               3319.6   -0.246473935259342
       498               3319.7   -0.249776261261324
       499               3319.8   -0.253312319493342
       500               3319.9   -0.257106416650783
       501                 3320   -0.261105734919826
       502               3320.1   -0.265192775392591
       503               3320.2   -0.269250074639383
       504               3320.3   -0.273197892510774
       505               3320.4    -0.27697874197274
       506               3320.5   -0.280553060880113
       507               3320.6   -0.283950379934159
       508               3320.7   -0.287315126288628
       509               3320.8   -0.290856532173199
       510               3320.9   -0.294718640848311
       511                 3321   -0.298893694923875
       512               3321.1   -0.303260915922364
       513               3321.2   -0.307688738487663
       514               3321.3   -0.312076149578333
       515               3321.4   -0.316307640066825
       516               3321.5   -0.320227275074888
       517               3321.6   -0.323721359561017
       518               3321.7   -0.326838882075332
       519               3321.8   -0.329785050331906
       520               3321.9   -0.332752505516631
       521                 3322   -0.335762476660676
       522               3322.1   -0.338690145669293
       523               3322.2   -0.341429921122487
       524               3322.3   -0.344007995485627
       525               3322.4   -0.346546361874275
       526               3322.5   -0.349156235625979
       527               3322.6   -0.351869755605759
       528               3322.7   -0.354635716831147
       529               3322.8   -0.357356714840305
       530               3322.9   -0.359947454816719
       531                 3323   -0.362374902226923
       532               3323.1   -0.364626270532858
       533               3323.2   -0.366621786406593
       534               3323.3   -0.368189803875902
       535               3323.4   -0.369189192669341
       536               3323.5   -0.369686921783311
       537               3323.6   -0.369991421157827
       538               3323.7   -0.370466069684543
       539               3323.8   -0.371274658733963
       540               3323.9   -0.372283546154078
       541                 3324   -0.373195762391691
       542               3324.1    -0.37379467718989
       543               3324.2   -0.374111489656127
       544               3324.3   -0.374412418035879
       545               3324.4   -0.375026515899464
       546               3324.5   -0.376130270084986
       547               3324.6   -0.377635800167412
       548               3324.7   -0.379256048456016
       549               3324.8   -0.380675097548046
       550               3324.9   -0.381683304934318
       551                 3325    -0.38221977940778
       552               3325.1   -0.382360702682492
       553               3325.2   -0.382274736078848
       554               3325.3   -0.382134220025191
       555               3325.4   -0.382031449539155
       556               3325.5   -0.381987640532044
       557               3325.6   -0.382038487775511
       558               3325.7   -0.382271423931189
       559               3325.8   -0.382756635466864
       560               3325.9   -0.383465642342948
       561                 3326   -0.384285106869022
       562               3326.1   -0.385100870640532
       563               3326.2   -0.385844408063886
       564               3326.3   -0.386461486520909
       565               3326.4   -0.386869358846743
       566               3326.5   -0.386974515831296
       567               3326.6   -0.386737461382845
       568               3326.7   -0.386210723252399
       569               3326.8   -0.385506345811389
       570               3326.9    -0.38471959082421
       571                 3327     -0.3838699760258
       572               3327.1   -0.382905939996944
       573               3327.2   -0.381777670502786
       574               3327.3   -0.380527560730583
       575               3327.4   -0.379317642356782
       576               3327.5    -0.37835947000322
       577               3327.6   -0.377801486066665
       578               3327.7   -0.377660886159134
       579               3327.8    -0.37783711780051
       580               3327.9   -0.378182584313949
       581                 3328    -0.37857566364161
       582               3328.1   -0.378940278341629
       583               3328.2   -0.379201938220715
       584               3328.3   -0.379245603784981
       585               3328.4   -0.378949747884275
       586               3328.5   -0.378276290869654
       587               3328.6   -0.377316830659884
       588               3328.7   -0.376243366091047
       589               3328.8    -0.37521968256061
       590               3328.9   -0.374357972232855
       591                 3329   -0.373735206353157
       592               3329.1   -0.373412692098743
       593               3329.2   -0.373409812023844
       594               3329.3   -0.373658053611036
       595               3329.4   -0.374013702095245
       596               3329.5   -0.374351646538805
       597               3329.6   -0.374646744336444
       598               3329.7   -0.374937693899963
       599               3329.8    -0.37521005386854
       600               3329.9   -0.375349339883321
       601                 3330   -0.375236813403359
       602               3330.1   -0.374886991975216
       603               3330.2   -0.374473944486951
       604               3330.3   -0.374208292977957
       605               3330.4   -0.374171196354112
       606               3330.5   -0.374256307757896
       607               3330.6   -0.374283366659495
       608               3330.7   -0.374185900780369
       609               3330.8   -0.374086206573892
       610               3330.9   -0.374176467018681
       611                 3331   -0.374537258241299
       612               3331.1   -0.375092720332594
       613               3331.2   -0.375732284849057
       614               3331.3   -0.376434767656773
       615               3331.4   -0.377257905778252
       616               3331.5   -0.378253200772124
       617               3331.6   -0.379452820924734
       618               3331.7   -0.380938326664084
       619               3331.8   -0.382857668671163
       620               3331.9   -0.385327126410015
       621                 3332    -0.38832388642778
       622               3332.1   -0.391687069353184
       623               3332.2   -0.395204199785057
       624               3332.3   -0.398686102341249
       625               3332.4   -0.401998859186704
       626               3332.5    -0.40508328970546
       627               3332.6   -0.407960507111044
       628               3332.7   -0.410688713438388
       629               3332.8   -0.413291591586894
       630               3332.9   -0.415745797005266
       631                 3333   -0.418068137541649
       632               3333.1   -0.420413996918769
       633               3333.2   -0.423051414260834
       634               3333.3   -0.426186302075816
       635               3333.4    -0.42977273749502
       636               3333.5   -0.433483815126505
       637               3333.6   -0.436897625227856
       638               3333.7   -0.439772396599495
       639               3333.8   -0.442200030068572
       640               3333.9   -0.444519519704288
       641                 3334    -0.44706894053751
       642               3334.1   -0.449977463711971
       643               3334.2   -0.453135911676016
       644               3334.3   -0.456316793685035
       645               3334.4   -0.459316475502245
       646               3334.5   -0.462027034699279
       647               3334.6   -0.464430811206527
       648               3334.7   -0.466557967960125
       649               3334.8   -0.468448654689326
       650               3334.9   -0.470140764612797
       651                 3335   -0.471673085763253
       652               3335.1   -0.473073871696935
       653               3335.2   -0.474326052274286
       654               3335.3   -0.475344645493093
       655               3335.4   -0.476006759207048
       656               3335.5    -0.47622066181527
       657               3335.6   -0.475973432492147
       658               3335.7   -0.475321625461763
       659               3335.8   -0.474354804822862
       660               3335.9     -0.4731806825139
       661                 3336   -0.471933176245682
       662               3336.1   -0.470760484515631
       663               3336.2   -0.469763824921154
       664               3336.3   -0.468908301713191
       665               3336.4   -0.467971267558352
       666               3336.5   -0.466599483321113
       667               3336.6    -0.46448341891315
       668               3336.7   -0.461540816043218
       669               3336.8   -0.457948355857573
       670               3336.9   -0.453972448775846
       671                 3337   -0.449740170696088
       672               3337.1   -0.445148648913342
       673               3337.2   -0.439971838140424
       674               3337.3   -0.434050728652368
       675               3337.4   -0.427412352675484
       676               3337.5   -0.420242565867677
       677               3337.6   -0.412741744694573
       678               3337.7   -0.404975073810253
       679               3337.8   -0.396849906923391
       680               3337.9   -0.388252218951155
       681                 3338   -0.379209029556825
       682               3338.1   -0.369903106880957
       683               3338.2   -0.360523488514119
       684               3338.3   -0.351111529214569
       685               3338.4   -0.341553645546442
       686               3338.5   -0.331704475968075
       687               3338.6   -0.321495244293956
       688               3338.7   -0.310925867415098
       689               3338.8   -0.299992818855893
       690               3338.9   -0.288678741946885
       691                 3339   -0.277029793665167
       692               3339.1   -0.265208278001981
       693               3339.2   -0.253424496775284
       694               3339.3   -0.241799844890681
       695               3339.4   -0.230292968387827
       696               3339.5   -0.218744030774414
       697               3339.6   -0.206978802473903
       698               3339.7   -0.194896925910089
       699               3339.8   -0.182522175002983
       700               3339.9   -0.170007101843558
       701                 3340   -0.157556158965284
       702               3340.1     -0.1452747008224
       703               3340.2   -0.133072076831228
       704               3340.3   -0.120752719558837
       705               3340.4   -0.108228517180031
       706               3340.5  -0.0956207954692372
       707               3340.6   -0.083147499417212
       708               3340.7  -0.0709594838617653
       709               3340.8  -0.0591315353817869
       710               3340.9  -0.0477857456981538
       711                 3341  -0.0371561812212173
       712               3341.1  -0.0275038260016338
       713               3341.2  -0.0189860699895828
       714               3341.3  -0.0116184340160673
       715               3341.4 -0.00533960482798671
       716               3341.5 -8.88212069703166e-05
       717               3341.6  0.00417684737719849
       718               3341.7  0.00751573473724045
       719               3341.8   0.0100177004186224
       720               3341.9   0.0117459215691734
       721                 3342    0.012625589722604
       722               3342.1   0.0123837573251566
       723               3342.2   0.0106290878045704
       724               3342.3  0.00703012816436749
       725               3342.4  0.00144323896281629
       726               3342.5  -0.0061077901536839
       727               3342.6  -0.0155481196149027
       728               3342.7  -0.0268414815390123
       729               3342.8  -0.0399934488105142
       730               3342.9  -0.0549976272011327
       731                 3343  -0.0717865857325449
       732               3343.1  -0.0902335229148839
       733               3343.2   -0.110195826614977
       734               3343.3   -0.131529484801378
       735               3343.4   -0.154029353108344
       736               3343.5   -0.177366478134925
       737               3343.6    -0.20112888656077
       738               3343.7    -0.22494418763957
       739               3343.8   -0.248552350738891
       740               3343.9   -0.271771004823098
       741                 3344   -0.294433089653601
       742               3344.1   -0.316376893360111
       743               3344.2   -0.337464862650068
       744               3344.3   -0.357579812050237
       745               3344.4   -0.376624929318433
       746               3344.5   -0.394586070890963
       747               3344.6   -0.411614112128048
       748               3344.7    -0.42798236312863
       749               3344.8   -0.443860661092453
       750               3344.9   -0.459082619145969
       751                 3345   -0.473170044479607
       752               3345.1   -0.485644951669791
       753               3345.2    -0.49634993837138
       754               3345.3   -0.505494396323676
       755               3345.4   -0.513441965633385
       756               3345.5   -0.520473570900007
       757               3345.6   -0.526684733660304
       758               3345.7   -0.531999512622697
       759               3345.8   -0.536243485241114
       760               3345.9    -0.53926221931799
       761                 3346   -0.541045941427504
       762               3346.1   -0.541769181611853
       763               3346.2   -0.541711127896581
       764               3346.3   -0.541141850340823
       765               3346.4   -0.540273773474036
       766               3346.5   -0.539276391267166
       767               3346.6   -0.538292100561352
       768               3346.7   -0.537437117384222
       769               3346.8   -0.536815850946604
       770               3346.9    -0.53654131820397
       771                 3347    -0.53671135316597
       772               3347.1   -0.537330699224373
       773               3347.2   -0.538251288236511
       774               3347.3    -0.53921005043217
       775               3347.4   -0.539948830390572
       776               3347.5   -0.540318458372775
       777               3347.6   -0.540305996881612
       778               3347.7   -0.540019528041348
       779               3347.8   -0.539670711213912
       780               3347.9   -0.539518429923601
       781                 3348   -0.539741571257663
       782               3348.1   -0.540328225703782
       783               3348.2   -0.541109284965425
       784               3348.3   -0.541919077092701
       785               3348.4   -0.542718507378299
       786               3348.5   -0.543570909119521
       787               3348.6   -0.544532487509895
       788               3348.7   -0.545582926903773
       789               3348.8     -0.5466395010191
       790               3348.9    -0.54761361887307
       791                 3349   -0.548462332823726
       792               3349.1   -0.549210440491793
       793               3349.2   -0.549933808946817
       794               3349.3   -0.550721593327373
       795               3349.4   -0.551658239574525
       796               3349.5    -0.55283020379705
       797               3349.6   -0.554297892069255
       798               3349.7   -0.556000750732622
       799               3349.8   -0.557692964319121
       800               3349.9   -0.559052167383655
       801                 3350   -0.559932652374125
       802               3350.1   -0.560524932378417
       803               3350.2   -0.561226442049265
       804               3350.3   -0.562311711345543
       805               3350.4   -0.563688522840746
       806               3350.5   -0.564929152348916
       807               3350.6   -0.565521538382436
       808               3350.7   -0.565151119755389
       809               3350.8   -0.563851707286003
       810               3350.9   -0.561951216755782
       811                 3351   -0.559843759302429
       812               3351.1   -0.557743642947147
       813               3351.2   -0.555617256056944
       814               3351.3   -0.553337882377357
       815               3351.4   -0.550885513522672
       816               3351.5   -0.548381387740436
       817               3351.6   -0.545949331339807
       818               3351.7   -0.543580052763811
       819               3351.8   -0.541138919727059
       820               3351.9   -0.538490562253441
       821                 3352    -0.53561375062178
       822               3352.1   -0.532615219547165
       823               3352.2   -0.529655651083017
       824               3352.3   -0.526872490528794
       825               3352.4   -0.524357440432795
       826               3352.5   -0.522166807448588
       827               3352.6   -0.520324110125242
       828               3352.7   -0.518821754344996
       829               3352.8   -0.517630852837357
       830               3352.9   -0.516677743428943
       831                 3353    -0.51577103935855
       832               3353.1   -0.514573117792667
       833               3353.2    -0.51272728579578
       834               3353.3   -0.510096796753411
       835               3353.4    -0.50691986956408
       836               3353.5   -0.503730551494113
       837               3353.6   -0.501093050497348
       838               3353.7   -0.499336386561032
       839               3353.8   -0.498441707173174
       840               3353.9   -0.498104940893545
       841                 3354   -0.497903816376924
       842               3354.1   -0.497474030864524
       843               3354.2   -0.496612494468955
       844               3354.3    -0.49527504279612
       845               3354.4   -0.493513610404523
       846               3354.5   -0.491426061178967
       847               3354.6   -0.489131112789864
       848               3354.7    -0.48672840280981
       849               3354.8   -0.484247895060552
       850               3354.9    -0.48165409817962
       851                 3355   -0.478932201347584
       852               3355.1   -0.476187544648139
       853               3355.2   -0.473664367935062
       854               3355.3   -0.471655499893948
       855               3355.4   -0.470351433868506
       856               3355.5   -0.469717809913242
       857               3355.6   -0.469493205700437
       858               3355.7    -0.46933709610765
       859               3355.8   -0.469029049866086
       860               3355.9   -0.468547758957519
       861                 3356   -0.467969200004068
       862               3356.1   -0.467315067567606
       863               3356.2   -0.466509717700454
       864               3356.3   -0.465437148302018
       865               3356.4   -0.463976927524384
       866               3356.5   -0.461988530729052
       867               3356.6   -0.459339851810938
       868               3356.7   -0.456031147178023
       869               3356.8   -0.452314901695102
       870               3356.9   -0.448670660243721
       871                 3357   -0.445617127892416
       872               3357.1   -0.443485505923111
       873               3357.2   -0.442301118286444
       874               3357.3   -0.441829586466963
       875               3357.4   -0.441730281119947
       876               3357.5   -0.441705566302556
       877               3357.6   -0.441569266240305
       878               3357.7   -0.441242510006983
       879               3357.8   -0.440733479174288
       880               3357.9   -0.440127010635813
       881                 3358   -0.439558837550095
       882               3358.1   -0.439153412980671
       883               3358.2   -0.438949587179359
       884               3358.3   -0.438860094705179
       885               3358.4   -0.438694213400406
       886               3358.5   -0.438241492885531
       887               3358.6   -0.437374979718662
       888               3358.7   -0.436108384693453
       889               3358.8    -0.43458059470583
       890               3358.9   -0.433010956490627
       891                 3359   -0.431661852483441
       892               3359.1   -0.430768300999536
       893               3359.2   -0.430403620829748
       894               3359.3    -0.43038153565167
       895               3359.4   -0.430341815555968
       896               3359.5   -0.429991973675403
       897               3359.6   -0.429286147047612
       898               3359.7   -0.428390292391725
       899               3359.8   -0.427524993385323
       900               3359.9   -0.426860162789553
       901                 3360   -0.426486817672782
       902               3360.1   -0.426382772752784
       903               3360.2   -0.426379427692192
       904               3360.3    -0.42623381454067
       905               3360.4   -0.425813754086702
       906               3360.5    -0.42523284658702
       907               3360.6    -0.42478051342091
       908               3360.7   -0.424697052305933
       909               3360.8   -0.424997873460629
       910               3360.9    -0.42547810246179
       911                 3361   -0.425846482778971
       912               3361.1   -0.425865736467857
       913               3361.2   -0.425432413406704
       914               3361.3   -0.424582360003545
       915               3361.4   -0.423435033188536
       916               3361.5    -0.42213872727021
       917               3361.6   -0.420879807255721
       918               3361.7   -0.419910157768481
       919               3361.8   -0.419476484160895
       920               3361.9   -0.419651585935229
       921                 3362    -0.42023036860885
       922               3362.1   -0.420824997570897
       923               3362.2   -0.421100812354737
       924               3362.3   -0.420964405463134
       925               3362.4   -0.420565888652384
       926               3362.5    -0.42013726694838
       927               3362.6   -0.419818409099083
       928               3362.7   -0.419613441587547
       929               3362.8   -0.419475432777711
       930               3362.9   -0.419385082863047
       931                 3363   -0.419326615329777
       932               3363.1    -0.41922286626668
       933               3363.2   -0.418954887046925
       934               3363.3   -0.418468729754982
       935               3363.4   -0.417836918140449
       936               3363.5   -0.417189354752586
       937               3363.6   -0.416596838771398
       938               3363.7   -0.416051558884276
       939               3363.8   -0.415561666539916
       940               3363.9   -0.415224806089738
       941                 3364   -0.415158454701776
       942               3364.1   -0.415333798633381
       943               3364.2   -0.415493157832058
       944               3364.3   -0.415269290634529
       945               3364.4   -0.414426448416299
       946               3364.5   -0.413027384369281
       947               3364.6   -0.411412980489214
       948               3364.7   -0.410037464454864
       949               3364.8   -0.409265309138575
       950               3364.9   -0.409214941104169
       951                 3365   -0.409717823807752
       952               3365.1   -0.410429694997442
       953               3365.2   -0.411034854795617
       954               3365.3   -0.411406279523844
       955               3365.4   -0.411629826475665
       956               3365.5   -0.411912895662483
       957               3365.6   -0.412450055441907
       958               3365.7   -0.413310200375498
       959               3365.8   -0.414404801096209
       960               3365.9   -0.415564023181831
       961                 3366   -0.416652312386864
       962               3366.1    -0.41760647871321
       963               3366.2   -0.418381519616141
       964               3366.3   -0.418917604852656
       965               3366.4   -0.419193794031428
       966               3366.5   -0.419273359880733
       967               3366.6   -0.419236487037123
       968               3366.7   -0.419076346088801
       969               3366.8   -0.418723442167458
       970               3366.9   -0.418194621840723
       971                 3367   -0.417665787752643
       972               3367.1   -0.417339414689418
       973               3367.2   -0.417240043377021
       974               3367.3   -0.417167904015945
       975               3367.4   -0.416851686187649
       976               3367.5   -0.416137619354195
       977               3367.6   -0.415071208036233
       978               3367.7   -0.413857848498929
       979               3367.8   -0.412740184224574
       980               3367.9      -0.411845159458
       981                 3368   -0.411109349731687
       982               3368.1   -0.410372431120989
       983               3368.2   -0.409561361478253
       984               3368.3   -0.408765971774074
       985               3368.4   -0.408125794776007
       986               3368.5    -0.40767479557875
       987               3368.6   -0.407331880442873
       988               3368.7    -0.40703653519791
       989               3368.8   -0.406856728896686
       990               3368.9   -0.406934276546231
       991                 3369   -0.407311483781116
       992               3369.1   -0.407810818413909
       993               3369.2    -0.40810699222278
       994               3369.3    -0.40796051823921
       995               3369.4   -0.407413249944031
       996               3369.5   -0.406757176103837
       997               3369.6   -0.406297880657852
       998               3369.7   -0.406130864218183
       999               3369.8   -0.406120764305902
      1000               3369.9    -0.40606581770065
      1001                 3370   -0.405874550458357
      1002               3370.1   -0.405617149000383
      1003               3370.2   -0.405457044501352
      1004               3370.3    -0.40555270489204
      1005               3370.4   -0.405990705458497
      1006               3370.5   -0.406746558055116
      1007               3370.6   -0.407655529361191
      1008               3370.7   -0.408415045841546
      1009               3370.8    -0.40866568431253
      1010               3370.9   -0.408150504184832
      1011                 3371   -0.406867491819059
      1012               3371.1   -0.405110284878133
      1013               3371.2   -0.403368276145621
      1014               3371.3   -0.402142510160343
      1015               3371.4   -0.401759160137151
      1016               3371.5   -0.402249651100682
      1017               3371.6   -0.403343908621786
      1018               3371.7   -0.404582222558268
      1019               3371.8   -0.405502009245436
      1020               3371.9   -0.405826702520168
      1021                 3372   -0.405577541563451
      1022               3372.1   -0.405047096650024
      1023               3372.2   -0.404637586201517
      1024               3372.3   -0.404655748895918
      1025               3372.4   -0.405187040811975
      1026               3372.5   -0.406104412064976
      1027               3372.6   -0.407166547182579
      1028               3372.7   -0.408120255625032
      1029               3372.8   -0.408760771286893
      1030               3372.9   -0.408967321621313
      1031                 3373   -0.408750936663594
      1032               3373.1   -0.408301306811501
      1033               3373.2   -0.407956239945267
      1034               3373.3   -0.408042973731264
      1035               3373.4   -0.408669082121974
      1036               3373.5   -0.409635960110053
      1037               3373.6   -0.410573554307098
      1038               3373.7   -0.411201900828584
      1039               3373.8   -0.411509487395858
      1040               3373.9   -0.411717037332131
      1041                 3374   -0.412082427612808
      1042               3374.1    -0.41271828956994
      1043               3374.2   -0.413548464543594
      1044               3374.3    -0.41438933264894
      1045               3374.4   -0.415047223528227
      1046               3374.5   -0.415353933625958
      1047               3374.6   -0.415170040948053
      1048               3374.7   -0.414442142186745
      1049               3374.8   -0.413324390032166
      1050               3374.9   -0.412232742680884
      1051                 3375   -0.411676647495103
      1052               3375.1   -0.411913503035424
      1053               3375.2   -0.412720270155173
      1054               3375.3   -0.413541914329646
      1055               3375.4   -0.413916532843895
      1056               3375.5   -0.413795730166675
      1057               3375.6   -0.413520418379034
      1058               3375.7    -0.41356968691272
      1059               3375.8    -0.41432193334215
      1060               3375.9    -0.41591006443711
      1061                 3376    -0.41815328694671
      1062               3376.1   -0.420620163967931
      1063               3376.2   -0.422868628683033
      1064               3376.3   -0.424710381717754
      1065               3376.4    -0.42624177703438
      1066               3376.5   -0.427598331789706
      1067               3376.6   -0.428698986296947
      1068               3376.7   -0.429260266651751
      1069               3376.8   -0.429061867683237
      1070               3376.9   -0.428190886892092
      1071                 3377   -0.427040156771187
      1072               3377.1   -0.426077844791135
      1073               3377.2   -0.425579659685229
      1074               3377.3    -0.42551182917226
      1075               3377.4     -0.4256326938403
      1076               3377.5   -0.425730055723826
      1077               3377.6     -0.4258065543299
      1078               3377.7   -0.426058133295367
      1079               3377.8   -0.426675224958539
      1080               3377.9   -0.427666492285595
      1081                 3378   -0.428864780214179
      1082               3378.1   -0.430069832149463
      1083               3378.2   -0.431162062406579
      1084               3378.3   -0.432103283759667
      1085               3378.4   -0.432877768941781
      1086               3378.5   -0.433458339595169
      1087               3378.6   -0.433829512780818
      1088               3378.7   -0.434053683923825
      1089               3378.8   -0.434332873668438
      1090               3378.9    -0.43498743794212
      1091                 3379   -0.436308742921186
      1092               3379.1   -0.438367604131762
      1093               3379.2   -0.440940618488827
      1094               3379.3   -0.443626166629416
      1095               3379.4   -0.446051875517052
      1096               3379.5   -0.448016163327541
      1097               3379.6   -0.449489477720919
      1098               3379.7   -0.450513230716342
      1099               3379.8   -0.451100210491598
      1100               3379.9   -0.451236462056482
      1101                 3380   -0.450990067927155
      1102               3380.1   -0.450603738723887
      1103               3380.2   -0.450434683147525
      1104               3380.3   -0.450755158358773
      1105               3380.4   -0.451579148413636
      1106               3380.5   -0.452659749253391
      1107               3380.6   -0.453643150905596
      1108               3380.7     -0.4542472710881
      1109               3380.8   -0.454352643097701
      1110               3380.9   -0.453990939760339
      1111                 3381   -0.453286717670006
      1112               3381.1   -0.452406999941111
      1113               3381.2   -0.451533125748755
      1114               3381.3   -0.450842349354654
      1115               3381.4   -0.450484983422614
      1116               3381.5   -0.450544067667744
      1117               3381.6   -0.450973352899598
      1118               3381.7   -0.451550961182755
      1119               3381.8   -0.451924602386651
      1120               3381.9   -0.451778640212821
      1121                 3382   -0.451030116846241
      1122               3382.1   -0.449889681951699
      1123               3382.2   -0.448712287720534
      1124               3382.3    -0.44775232123699
      1125               3382.4   -0.447034848143722
      1126               3382.5   -0.446435615285853
      1127               3382.6   -0.445845771639302
      1128               3382.7   -0.445233709882562
      1129               3382.8   -0.444575894239521
      1130               3382.9      -0.443798742334
      1131                 3383   -0.442839574554839
      1132               3383.1   -0.441758452105044
      1133               3383.2   -0.440752647968763
      1134               3383.3   -0.440036948958848
      1135               3383.4   -0.439706400931722
      1136               3383.5   -0.439710253519984
      1137               3383.6   -0.439935697636231
      1138               3383.7   -0.440282601630776
      1139               3383.8   -0.440635330647957
      1140               3383.9   -0.440778269514777
      1141                 3384   -0.440397322837836
      1142               3384.1   -0.439233850561556
      1143               3384.2   -0.437282886196285
      1144               3384.3   -0.434857919932198
      1145               3384.4   -0.432456607496415
      1146               3384.5   -0.430520081079213
      1147               3384.6   -0.429236647893344
      1148               3384.7   -0.428493074960926
      1149               3384.8   -0.427984064581374
      1150               3384.9   -0.427398104027895
      1151                 3385   -0.426557218942508
      1152               3385.1   -0.425437773378666
      1153               3385.2   -0.424098739582743
      1154               3385.3   -0.422603016132004
      1155               3385.4   -0.420996082444408
      1156               3385.5   -0.419342297865464
      1157               3385.6   -0.417772581575436
      1158               3385.7   -0.416492750355192
      1159               3385.8   -0.415725667954435
      1160               3385.9    -0.41559976496991
      1161                 3386   -0.416046820347284
      1162               3386.1   -0.416794763713266
      1163               3386.2   -0.417484110924954
      1164               3386.3   -0.417832850268686
      1165               3386.4   -0.417737738884744
      1166               3386.5   -0.417267270692692
      1167               3386.6   -0.416580624444307
      1168               3386.7   -0.415825144412696
      1169               3386.8   -0.415057104653118
      1170               3386.9   -0.414230405778086
      1171                 3387   -0.413268983548095
      1172               3387.1   -0.412171908365474
      1173               3387.2   -0.411066508775255
      1174               3387.3   -0.410169091524672
      1175               3387.4   -0.409683746080473
      1176               3387.5   -0.409703151240553
      1177               3387.6   -0.410166503851417
      1178               3387.7   -0.410895686355485
      1179               3387.8   -0.411681484474455
      1180               3387.9   -0.412357382739336
      1181                 3388   -0.412816376330502
      1182               3388.1   -0.412985693984016
      1183               3388.2   -0.412815482332073
      1184               3388.3   -0.412310593997091
      1185               3388.4   -0.411562002123149
      1186               3388.5   -0.410709426120067
      1187               3388.6   -0.409842700338115
      1188               3388.7   -0.408938044029693
      1189               3388.8   -0.407899716609763
      1190               3388.9    -0.40666284145829
      1191                 3389   -0.405257393120685
      1192               3389.1   -0.403796515380692
      1193               3389.2   -0.402438529774905
      1194               3389.3   -0.401372579562214
      1195               3389.4   -0.400805885346888
      1196               3389.5    -0.40089558226703
      1197               3389.6   -0.401634827049221
      1198               3389.7   -0.402794607261991
      1199               3389.8   -0.404004924224653
      1200               3389.9   -0.404924194309384
      1201                 3390   -0.405351616647625
      1202               3390.1   -0.405213982394147
      1203               3390.2   -0.404516520004042
      1204               3390.3   -0.403368259952552
      1205               3390.4   -0.402033694904591
      1206               3390.5   -0.400858191806699
      1207               3390.6    -0.40005659683848
      1208               3390.7   -0.399574308102477
      1209               3390.8   -0.399197997407148
      1210               3390.9   -0.398803772092809
      1211                 3391   -0.398454719458514
      1212               3391.1   -0.398244996527763
      1213               3391.2   -0.398105040398286
      1214               3391.3   -0.397821850870151
      1215               3391.4   -0.397244098884448
      1216               3391.5   -0.396413770207609
      1217               3391.6   -0.395486140268823
      1218               3391.7    -0.39457938914169
      1219               3391.8   -0.393745829358543
      1220               3391.9   -0.393044733497046
      1221                 3392   -0.392555580400631
      1222               3392.1   -0.392286556052398
      1223               3392.2   -0.392107708105128
      1224               3392.3    -0.39182429705493
      1225               3392.4   -0.391340682949918
      1226               3392.5   -0.390761402697068
      1227               3392.6   -0.390336985863414
      1228               3392.7   -0.390302645701337
      1229               3392.8    -0.39073799314896
      1230               3392.9   -0.391538862907983
      1231                 3393   -0.392493767017363
      1232               3393.1   -0.393392041485794
      1233               3393.2   -0.394097674820988
      1234               3393.3   -0.394566325442447
      1235               3393.4   -0.394817277443995
      1236               3393.5   -0.394888114153863
      1237               3393.6   -0.394803595697059
      1238               3393.7   -0.394580445673969
      1239               3393.8   -0.394266975656709
      1240               3393.9   -0.393984187481719
      1241                 3394   -0.393910943632231
      1242               3394.1   -0.394187629586119
      1243               3394.2   -0.394809396860197
      1244               3394.3    -0.39563007284487
      1245               3394.4   -0.396490537174807
      1246               3394.5   -0.397325496455632
      1247               3394.6   -0.398119245287148
      1248               3394.7    -0.39877947776835
      1249               3394.8   -0.399111099785779
      1250               3394.9   -0.398941467284422
      1251                 3395   -0.398257018281642
      1252               3395.1   -0.397210501882973
      1253               3395.2   -0.396025113533194
      1254               3395.3   -0.394923884387679
      1255               3395.4   -0.394128896876969
      1256               3395.5    -0.39383841048614
      1257               3395.6   -0.394105482431808
      1258               3395.7   -0.394709983722694
      1259               3395.8   -0.395209534819836
      1260               3395.9   -0.395212190486453
      1261                 3396   -0.394673006112203
      1262               3396.1    -0.39395437792297
      1263               3396.2   -0.393586148599842
      1264               3396.3   -0.393920401800575
      1265               3396.4   -0.394946558832353
      1266               3396.5   -0.396360478868367
      1267               3396.6   -0.397758910930856
      1268               3396.7   -0.398785204576137
      1269               3396.8   -0.399187364303267
      1270               3396.9   -0.398861944388541
      1271                 3397   -0.397912292344984
      1272               3397.1   -0.396644664075537
      1273               3397.2   -0.395436853581575
      1274               3397.3   -0.394549003322536
      1275               3397.4   -0.394032071223582
      1276               3397.5   -0.393805029685821
      1277               3397.6   -0.393809455125831
      1278               3397.7   -0.394089358227548
      1279               3397.8    -0.39473103244444
      1280               3397.9   -0.395725263069241
      1281                 3398   -0.396872906576932
      1282               3398.1    -0.39782126376198
      1283               3398.2   -0.398227328513687
      1284               3398.3   -0.397949744081328
      1285               3398.4   -0.397134665767716
      1286               3398.5   -0.396119598733448
      1287               3398.6   -0.395213172103538
      1288               3398.7   -0.394522695941125
      1289               3398.8   -0.393972464207303
      1290               3398.9    -0.39347407847054
      1291                 3399    -0.39305911421216
      1292               3399.1   -0.392849912415085
      1293               3399.2   -0.392941657526104
      1294               3399.3   -0.393338009391403
      1295               3399.4    -0.39396419034093
      1296               3399.5   -0.394684950966476
      1297               3399.6   -0.395311163548969
      1298               3399.7   -0.395656083598763
      1299               3399.8   -0.395653909580125
      1300               3399.9   -0.395449311884507
      1301                 3400    -0.39535891158546
      1302               3400.1   -0.395704234717458
      1303               3400.2   -0.396615682828172
      1304               3400.3   -0.397936644646928
      1305               3400.4   -0.399302518039741
      1306               3400.5   -0.400348917001779
      1307               3400.6   -0.400899237004888
      1308               3400.7   -0.401005222044651
      1309               3400.8   -0.400852391570265
      1310               3400.9   -0.400639330361841
      1311                 3401   -0.400504255978998
      1312               3401.1   -0.400493612101824
      1313               3401.2   -0.400555582306873
      1314               3401.3   -0.400568945938181
      1315               3401.4   -0.400407586805725
      1316               3401.5   -0.400004141171975
      1317               3401.6   -0.399372984231704
      1318               3401.7   -0.398591029550007
      1319               3401.8   -0.397771619616042
      1320               3401.9    -0.39706268712851
      1321                 3402   -0.396651853299167
      1322               3402.1   -0.396720469308842
      1323               3402.2   -0.397328885224802
      1324               3402.3   -0.398318258237365
      1325               3402.4   -0.399346923552049
      1326               3402.5    -0.40006737317721
      1327               3402.6   -0.400310933237117
      1328               3402.7   -0.400143529739837
      1329               3402.8   -0.399775189367771
      1330               3402.9   -0.399406708063815
      1331                 3403   -0.399112249549968
      1332               3403.1   -0.398824789064157
      1333               3403.2   -0.398435006788133
      1334               3403.3   -0.397931180768212
      1335               3403.4   -0.397458038317021
      1336               3403.5   -0.397232694769615
      1337               3403.6   -0.397380419106513
      1338               3403.7   -0.397812279045956
      1339               3403.8   -0.398226572245772
      1340               3403.9   -0.398252353615978
      1341                 3404   -0.397692591937985
      1342               3404.1   -0.396730394943571
      1343               3404.2    -0.39590233768439
      1344               3404.3   -0.395772873221979
      1345               3404.4   -0.396527065906825
      1346               3404.5   -0.397831294461811
      1347               3404.6   -0.399088676947387
      1348               3404.7   -0.399853761996022
      1349               3404.8   -0.400060234200142
      1350               3404.9   -0.399933959945096
      1351                 3405   -0.399738988439495
      1352               3405.1   -0.399594765925506
      1353               3405.2    -0.39949907831872
      1354               3405.3   -0.399495614205278
      1355               3405.4   -0.399770599246819
      1356               3405.5   -0.400507661149887
      1357               3405.6   -0.401594450403243
      1358               3405.7    -0.40250080379029
      1359               3405.8   -0.402541786225901
      1360               3405.9   -0.401364985121427
      1361                 3406   -0.399253794257627
      1362               3406.1   -0.396979104309145
      1363               3406.2   -0.395312013674868
      1364               3406.3   -0.394575045048798
      1365               3406.4   -0.394548262447775
      1366               3406.5   -0.394737215431037
      1367               3406.6    -0.39473487175925
      1368               3406.7   -0.394410156516378
      1369               3406.8   -0.393878345898594
      1370               3406.9   -0.393377337477964
      1371                 3407   -0.393150050969501
      1372               3407.1   -0.393348190530346
      1373               3407.2   -0.393965906298665
      1374               3407.3   -0.394842969920796
      1375               3407.4   -0.395757008335749
      1376               3407.5   -0.396559768921086
      1377               3407.6   -0.397265599339333
      1378               3407.7   -0.398017125320354
      1379               3407.8   -0.398938089008904
      1380               3407.9   -0.399979642137598
      1381                 3408   -0.400886803495889
      1382               3408.1   -0.401328283272446
      1383               3408.2   -0.401107224494231
      1384               3408.3    -0.40029692188717
      1385               3408.4    -0.39918870400131
      1386               3408.5   -0.398085831337388
      1387               3408.6    -0.39711364138543
      1388               3408.7   -0.396205401911883
      1389               3408.8   -0.395257965313448
      1390               3408.9   -0.394293192431494
      1391                 3409   -0.393474596960292
      1392               3409.1   -0.392985989868326
      1393               3409.2   -0.392895422211485
      1394               3409.3   -0.393101046293027
      1395               3409.4   -0.393374394092026
      1396               3409.5   -0.393482433350024
      1397               3409.6   -0.393343218011378
      1398               3409.7   -0.393108222514334
      1399               3409.8   -0.393068944348288
      1400               3409.9   -0.393435353282096
      1401                 3410   -0.394181330659529
      1402               3410.1   -0.395090462075739
      1403               3410.2   -0.395920274762133
      1404               3410.3   -0.396504014004716
      1405               3410.4   -0.396734820493204
      1406               3410.5   -0.396534233704479
      1407               3410.6   -0.395892358535569
      1408               3410.7   -0.394937115808202
      1409               3410.8    -0.39393147717829
      1410               3410.9   -0.393163240954599
      1411                 3411   -0.392791277653559
      1412               3411.1   -0.392762029979109
      1413               3411.2    -0.39287670791685
      1414               3411.3   -0.392974774411097
      1415               3411.4   -0.393083558993225
      1416               3411.5   -0.393394350378281
      1417               3411.6   -0.394078066410683
      1418               3411.7   -0.395103688886581
      1419               3411.8   -0.396224641776229
      1420               3411.9   -0.397155040472634
      1421                 3412   -0.397793674469369
      1422               3412.1   -0.398301117874215
      1423               3412.2   -0.398946431830776
      1424               3412.3   -0.399840271066636
      1425               3412.4   -0.400789911523155
      1426               3412.5   -0.401421614756946
      1427               3412.6   -0.401479324267094
      1428               3412.7   -0.401043041146415
      1429               3412.8   -0.400475057735797
      1430               3412.9   -0.400140936416085
      1431                 3413   -0.400146509586207
      1432               3413.1   -0.400303975645461
      1433               3413.2   -0.400321949863521
      1434               3413.3   -0.400025556985826
      1435               3413.4   -0.399430181732367
      1436               3413.5   -0.398661786987595
      1437               3413.6    -0.39784231228763
      1438               3413.7   -0.397041425583148
      1439               3413.8   -0.396300541559427
      1440               3413.9   -0.395664266444805
      1441                 3414   -0.395157815094052
      1442               3414.1    -0.39472461395544
      1443               3414.2   -0.394218193192285
      1444               3414.3   -0.393514556485486
      1445               3414.4   -0.392669545766349
      1446               3414.5   -0.391956510235143
      1447               3414.6   -0.391712968796835
      1448               3414.7   -0.392103001689281
      1449               3414.8   -0.392977791923711
      1450               3414.9   -0.393943027343082
      1451                 3415   -0.394598472835779
      1452               3415.1   -0.394791340758428
      1453               3415.2   -0.394703434711752
      1454               3415.3   -0.394713549637209
      1455               3415.4   -0.395149592638673
      1456               3415.5   -0.396105706486767
      1457               3415.6   -0.397412517670891
      1458               3415.7   -0.398736419730807
      1459               3415.8   -0.399739604416586
      1460               3415.9   -0.400224954983648
      1461                 3416   -0.400186973628765
      1462               3416.1   -0.399738288886319
      1463               3416.2   -0.398987748169506
      1464               3416.3   -0.397997903055542
      1465               3416.4   -0.396859072331273
      1466               3416.5   -0.395773350316974
      1467               3416.6   -0.395016631217115
      1468               3416.7   -0.394777395637906
      1469               3416.8   -0.395013789178192
      1470               3416.9   -0.395467853540014
      1471                 3417   -0.395829020771154
      1472               3417.1   -0.395903366208815
      1473               3417.2   -0.395661960658683
      1474               3417.3   -0.395181058523086
      1475               3417.4   -0.394579041296022
      1476               3417.5     -0.3939997502339
      1477               3417.6   -0.393589714259413
      1478               3417.7   -0.393424584710844
      1479               3417.8   -0.393443099901853
      1480               3417.9   -0.393484279254877
      1481                 3418   -0.393423975770044
      1482               3418.1   -0.393288132271277
      1483               3418.2   -0.393229882454571
      1484               3418.3    -0.39338976908293
      1485               3418.4   -0.393771396230495
      1486               3418.5   -0.394248285220266
      1487               3418.6   -0.394692430789225
      1488               3418.7   -0.395094371464617
      1489               3418.8   -0.395543713324334
      1490               3418.9   -0.396080998992486
      1491                 3419   -0.396584390310434
      1492               3419.1   -0.396830622501346
      1493               3419.2    -0.39667137369724
      1494               3419.3   -0.396135360740106
      1495               3419.4    -0.39537201867981
      1496               3419.5   -0.394538575436642
      1497               3419.6   -0.393748872690012
      1498               3419.7   -0.393078170716419
      1499               3419.8   -0.392566511403172
      1500               3419.9   -0.392214148086205
