     index            Field [G]         Intensity []

         1                 3270   -0.400666416008477
         2               3270.1   -0.399433836457207
         3               3270.2   -0.398025327755589
         4               3270.3   -0.396629872269661
         5               3270.4   -0.395505811746891
         6               3270.5   -0.394895210541088
         7               3270.6   -0.394914912803652
         8               3270.7   -0.395482610755314
         9               3270.8   -0.396322331046418
        10               3270.9   -0.397071387530705
        11                 3271   -0.397449723814648
        12               3271.1   -0.397372288866247
        13               3271.2   -0.396920338801538
        14               3271.3   -0.396233837148674
        15               3271.4   -0.395447126272712
        16               3271.5   -0.394693321596745
        17               3271.6   -0.394110038817362
        18               3271.7   -0.393804439442062
        19               3271.8     -0.3938017106194
        20               3271.9   -0.394014707727326
        21                 3272   -0.394252307072042
        22               3272.1   -0.394272137650126
        23               3272.2   -0.393871128379954
        24               3272.3   -0.392982807708706
        25               3272.4   -0.391732352181805
        26               3272.5   -0.390408969323394
        27               3272.6   -0.389352202931635
        28               3272.7    -0.38880254324942
        29               3272.8   -0.388805965525857
        30               3272.9   -0.389239316862364
        31                 3273   -0.389928770417628
        32               3273.1   -0.390747707851385
        33               3273.2   -0.391612162382447
        34               3273.3   -0.392422687175853
        35               3273.4   -0.393067814083836
        36               3273.5   -0.393510500081366
        37               3273.6   -0.393848433970826
        38               3273.7   -0.394250066608485
        39               3273.8   -0.394808329085748
        40               3273.9   -0.395451229089412
        41                 3274   -0.395997645282333
        42               3274.1   -0.396309456968021
        43               3274.2   -0.396403981064337
        44               3274.3   -0.396431315351605
        45               3274.4   -0.396545714478591
        46               3274.5   -0.396789268338369
        47               3274.6   -0.397084177128316
        48               3274.7   -0.397330046723229
        49               3274.8   -0.397516332219016
        50               3274.9   -0.397752055379676
        51                 3275   -0.398184441522795
        52               3275.1   -0.398867385648118
        53               3275.2   -0.399680243125705
        54               3275.3   -0.400363820848936
        55               3275.4   -0.400664523299633
        56               3275.5   -0.400502351409075
        57               3275.6   -0.400042384776831
        58               3275.7   -0.399596035716931
        59               3275.8   -0.399407490070252
        60               3275.9   -0.399488488428669
        61                 3276   -0.399628152165585
        62               3276.1   -0.399549766177425
        63               3276.2   -0.399076067031066
        64               3276.3   -0.398195574688441
        65               3276.4   -0.397028963702902
        66               3276.5   -0.395763572993785
        67               3276.6   -0.394612602566872
        68               3276.7   -0.393793378338327
        69               3276.8   -0.393478526303256
        70               3276.9   -0.393709941408755
        71                 3277   -0.394337649075791
        72               3277.1   -0.395056554932699
        73               3277.2   -0.395544698517161
        74               3277.3   -0.395631479083187
        75               3277.4   -0.395397643310056
        76               3277.5   -0.395132545146154
        77               3277.6   -0.395152709089189
        78               3277.7   -0.395599246159357
        79               3277.8   -0.396376872076568
        80               3277.9   -0.397283226308197
        81                 3278   -0.398192052399109
        82               3278.1   -0.399108182725625
        83               3278.2   -0.400066200906387
        84               3278.3   -0.401009401086157
        85               3278.4    -0.40177614067751
        86               3278.5   -0.402191681296703
        87               3278.6   -0.402187720210728
        88               3278.7   -0.401886126032672
        89               3278.8   -0.401599822144749
        90               3278.9   -0.401706116359363
        91                 3279   -0.402412660536622
        92               3279.1   -0.403556379379592
        93               3279.2   -0.404612514725216
        94               3279.3   -0.404957938511573
        95               3279.4   -0.404229748450773
        96               3279.5   -0.402531406796473
        97               3279.6   -0.400349623835826
        98               3279.7   -0.398266777511668
        99               3279.8    -0.39669462678528
       100               3279.9   -0.395794449173644
       101                 3280   -0.395562193059473
       102               3280.1   -0.395935076832607
       103               3280.2   -0.396815392739477
       104               3280.3   -0.398031640002896
       105               3280.4   -0.399327457240343
       106               3280.5   -0.400427042421326
       107               3280.6    -0.40113488948305
       108               3280.7   -0.401392607123273
       109               3280.8   -0.401265068143625
       110               3280.9   -0.400889659918227
       111                 3281   -0.400425629734349
       112               3281.1   -0.400008624406916
       113               3281.2   -0.399713474941979
       114               3281.3   -0.399552950004976
       115               3281.4   -0.399528453176937
       116               3281.5   -0.399689510278852
       117               3281.6   -0.400127968093086
       118               3281.7   -0.400888867357088
       119               3281.8   -0.401874388307339
       120               3281.9   -0.402845699600673
       121                 3282   -0.403551386848021
       122               3282.1   -0.403896690673356
       123               3282.2   -0.404017459734833
       124               3282.3   -0.404186711577396
       125               3282.4   -0.404612821431566
       126               3282.5   -0.405272806613283
       127               3282.6   -0.405891863613972
       128               3282.7    -0.40607807149967
       129               3282.8   -0.405536178651027
       130               3282.9    -0.40424299849239
       131                 3283   -0.402472988982113
       132               3283.1    -0.40064997665991
       133               3283.2   -0.399140242898298
       134               3283.3   -0.398146061996124
       135               3283.4   -0.397728888139821
       136               3283.5   -0.397846468954951
       137               3283.6     -0.3983297061857
       138               3283.7   -0.398883621259717
       139               3283.8   -0.399216830970382
       140               3283.9   -0.399232167278233
       141                 3284   -0.399084610551672
       142               3284.1   -0.399019249841633
       143               3284.2   -0.399129204571658
       144               3284.3   -0.399264675427006
       145               3284.4   -0.399179766100413
       146               3284.5    -0.39877465773026
       147               3284.6   -0.398209250447764
       148               3284.7   -0.397800053208737
       149               3284.8      -0.397810399062
       150               3284.9    -0.39831011858877
       151                 3285   -0.399181013820781
       152               3285.1   -0.400208491464758
       153               3285.2    -0.40116525962917
       154               3285.3   -0.401863329611435
       155               3285.4   -0.402201926248423
       156               3285.5   -0.402196552484064
       157               3285.6    -0.40193421864809
       158               3285.7   -0.401468930061115
       159               3285.8   -0.400762156410807
       160               3285.9    -0.39973481322345
       161                 3286   -0.398378729575869
       162               3286.1   -0.396836325409724
       163               3286.2   -0.395402654526975
       164               3286.3   -0.394434606603884
       165               3286.4   -0.394180024661326
       166               3286.5    -0.39461966977497
       167               3286.6   -0.395458215313967
       168               3286.7   -0.396294431852714
       169               3286.8   -0.396840020969326
       170               3286.9   -0.397031367252737
       171                 3287    -0.39699438573813
       172               3287.1    -0.39692445632244
       173               3287.2   -0.396956945732909
       174               3287.3   -0.397079922849366
       175               3287.4   -0.397118950723874
       176               3287.5    -0.39680136377211
       177               3287.6   -0.395888332916714
       178               3287.7   -0.394336993184743
       179               3287.8   -0.392401385489721
       180               3287.9    -0.39055724449502
       181                 3288   -0.389241977434164
       182               3288.1   -0.388587502760796
       183               3288.2   -0.388372361852041
       184               3288.3   -0.388228884412066
       185               3288.4   -0.387907155878277
       186               3288.5   -0.387381842982762
       187               3288.6    -0.38678278256827
       188               3288.7   -0.386287670816715
       189               3288.8   -0.386075106170459
       190               3288.9    -0.38630243382029
       191                 3289   -0.387042318763065
       192               3289.1   -0.388210936685852
       193               3289.2   -0.389584876784433
       194               3289.3   -0.390919226520031
       195               3289.4   -0.392052916259144
       196               3289.5   -0.392899944998611
       197               3289.6   -0.393369797774138
       198               3289.7   -0.393349075345085
       199               3289.8   -0.392798123326814
       200               3289.9   -0.391872192487734
       201                 3290   -0.390929697859422
       202               3290.1   -0.390378441880368
       203               3290.2   -0.390446667894135
       204               3290.3    -0.39104087905232
       205               3290.4   -0.391801854628802
       206               3290.5   -0.392317727188406
       207               3290.6   -0.392330333659246
       208               3290.7   -0.391807182768102
       209               3290.8   -0.390899093508437
       210               3290.9   -0.389875909549886
       211                 3291   -0.389058830891051
       212               3291.1   -0.388696160002052
       213               3291.2   -0.388796852988218
       214               3291.3   -0.389054682255082
       215               3291.4     -0.3889813047755
       216               3291.5   -0.388198297234919
       217               3291.6   -0.386680455332297
       218               3291.7   -0.384761546803517
       219               3291.8   -0.382913492720519
       220               3291.9   -0.381501865637873
       221                 3292    -0.38069530432636
       222               3292.1   -0.380503942754813
       223               3292.2   -0.380815237959132
       224               3292.3   -0.381409201054068
       225               3292.4   -0.382051707031919
       226               3292.5   -0.382666708648656
       227               3292.6   -0.383415614947111
       228               3292.7   -0.384554252610783
       229               3292.8   -0.386178080906707
       230               3292.9   -0.388092007891862
       231                 3293   -0.389900129873006
       232               3293.1   -0.391209014772564
       233               3293.2   -0.391801610570145
       234               3293.3   -0.391711932831272
       235               3293.4   -0.391171737276535
       236               3293.5    -0.39044826037351
       237               3293.6    -0.38969937849654
       238               3293.7   -0.388988289674206
       239               3293.8   -0.388417122713608
       240               3293.9   -0.388172851619751
       241                 3294   -0.388383838908672
       242               3294.1   -0.388942765140499
       243               3294.2   -0.389524582571885
       244               3294.3   -0.389822784665418
       245               3294.4   -0.389787632142513
       246               3294.5   -0.389643854102551
       247               3294.6   -0.389691958770468
       248               3294.7   -0.390100175009442
       249               3294.8   -0.390856208071203
       250               3294.9   -0.391848278586051
       251                 3295   -0.392937341300262
       252               3295.1    -0.39395954646156
       253               3295.2    -0.39471774470228
       254               3295.3   -0.395037708820267
       255               3295.4   -0.394882634547316
       256               3295.5   -0.394431080779571
       257               3295.6   -0.394016277873953
       258               3295.7    -0.39392601640301
       259               3295.8   -0.394197655977254
       260               3295.9   -0.394578294096901
       261                 3296    -0.39470155559197
       262               3296.1    -0.39435722980954
       263               3296.2   -0.393653226343544
       264               3296.3   -0.392956453753725
       265               3296.4   -0.392671546137726
       266               3296.5   -0.393024737107282
       267               3296.6    -0.39398408359681
       268               3296.7   -0.395325284250102
       269               3296.8   -0.396761148689402
       270               3296.9   -0.398044843832707
       271                 3297   -0.399006492729377
       272               3297.1    -0.39954052450964
       273               3297.2   -0.399586593895212
       274               3297.3   -0.399130076456337
       275               3297.4   -0.398219420514356
       276               3297.5   -0.396983223959819
       277               3297.6   -0.395625392883878
       278               3297.7   -0.394384742205843
       279               3297.8   -0.393473369027542
       280               3297.9   -0.393024858260901
       281                 3298   -0.393064498709282
       282               3298.1   -0.393500897602777
       283               3298.2   -0.394158556920755
       284               3298.3   -0.394867135743918
       285               3298.4   -0.395563122032029
       286               3298.5   -0.396317374088994
       287               3298.6   -0.397244642469921
       288               3298.7    -0.39834258448446
       289               3298.8   -0.399375122159918
       290               3298.9    -0.39991616574987
       291                 3299   -0.399580689007826
       292               3299.1    -0.39831445810155
       293               3299.2   -0.396515873023318
       294               3299.3   -0.394856007866874
       295               3299.4    -0.39390057369301
       296               3299.5   -0.393800779244695
       297               3299.6   -0.394260964534644
       298               3299.7   -0.394788023620015
       299               3299.8   -0.395049234347178
       300               3299.9   -0.395097770718243
       301                 3300   -0.395299282021497
       302               3300.1   -0.396008028839782
       303               3300.2   -0.397259179854816
       304               3300.3   -0.398737053873215
       305               3300.4   -0.400020176778926
       306               3300.5   -0.400860503300742
       307               3300.6   -0.401272496105766
       308               3300.7   -0.401426606277147
       309               3300.8   -0.401507320966101
       310               3300.9   -0.401662223905544
       311                 3301   -0.402015971872333
       312               3301.1   -0.402642163008952
       313               3301.2   -0.403472819936276
       314               3301.3   -0.404265193495006
       315               3301.4     -0.4047327915149
       316               3301.5   -0.404760031290494
       317               3301.6   -0.404492595553022
       318               3301.7   -0.404216449180051
       319               3301.8    -0.40416424947782
       320               3301.9   -0.404428664535257
       321                 3302   -0.404989751664901
       322               3302.1   -0.405733186047502
       323               3302.2   -0.406411004537099
       324               3302.3   -0.406645092039329
       325               3302.4   -0.406077235685619
       326               3302.5   -0.404602192314879
       327               3302.6   -0.402474748233412
       328               3302.7   -0.400154508045087
       329               3302.8   -0.398002572932621
       330               3302.9   -0.396101204199029
       331                 3303   -0.394341281718233
       332               3303.1    -0.39265421498625
       333               3303.2    -0.39115133583167
       334               3303.3   -0.390059636081822
       335               3303.4   -0.389532249435573
       336               3303.5   -0.389493083388957
       337               3303.6   -0.389632818270888
       338               3303.7   -0.389568092420387
       339               3303.8   -0.389062473535156
       340               3303.9   -0.388154926665781
       341                 3304   -0.387105575612295
       342               3304.1   -0.386212230339284
       343               3304.2     -0.3856478059864
       344               3304.3   -0.385426660078531
       345               3304.4   -0.385473966633674
       346               3304.5   -0.385690974719089
       347               3304.6     -0.3859610518617
       348               3304.7   -0.386142735018023
       349               3304.8    -0.38611063910992
       350               3304.9   -0.385830493980585
       351                 3305   -0.385399992027216
       352               3305.1   -0.385004869572486
       353               3305.2   -0.384798596421119
       354               3305.3   -0.384783515322085
       355               3305.4   -0.384804434033169
       356               3305.5   -0.384689363231169
       357               3305.6   -0.384421714285378
       358               3305.7   -0.384176762210579
       359               3305.8    -0.38418370317367
       360               3305.9   -0.384539031665538
       361                 3306   -0.385124599410194
       362               3306.1   -0.385677898654521
       363               3306.2   -0.385941508485863
       364               3306.3     -0.3857760025665
       365               3306.4     -0.3851778129923
       366               3306.5   -0.384240329758454
       367               3306.6   -0.383126036553426
       368               3306.7   -0.382054918455523
       369               3306.8   -0.381262228497082
       370               3306.9   -0.380916477203759
       371                 3307   -0.381056002033206
       372               3307.1   -0.381598915757625
       373               3307.2   -0.382409850242839
       374               3307.3   -0.383359952254942
       375               3307.4   -0.384346853760128
       376               3307.5    -0.38529501688224
       377               3307.6   -0.386157810829048
       378               3307.7   -0.386910961504161
       379               3307.8    -0.38753496280925
       380               3307.9   -0.388017648403673
       381                 3308   -0.388392193897564
       382               3308.1   -0.388769905258909
       383               3308.2   -0.389314541126472
       384               3308.3   -0.390156209243933
       385               3308.4   -0.391300424758404
       386               3308.5   -0.392600181670393
       387               3308.6   -0.393813900391927
       388               3308.7   -0.394704873679947
       389               3308.8   -0.395118538938205
       390               3308.9   -0.395016266717352
       391                 3309   -0.394471833697987
       392               3309.1   -0.393621632567146
       393               3309.2   -0.392581612810854
       394               3309.3   -0.391409317255056
       395               3309.4   -0.390165779042937
       396               3309.5   -0.388997387523526
       397               3309.6   -0.388109175873971
       398               3309.7   -0.387643787933656
       399               3309.8   -0.387615206590627
       400               3309.9   -0.387965544040292
       401                 3310   -0.388634866685041
       402               3310.1   -0.389524280164155
       403               3310.2   -0.390407063278383
       404               3310.3   -0.390950637399311
       405               3310.4    -0.39089311769122
       406               3310.5   -0.390219248801224
       407               3310.6   -0.389158465547629
       408               3310.7   -0.388012951832551
       409               3310.8   -0.386989403579066
       410               3310.9   -0.386171324699191
       411                 3311   -0.385600020526399
       412               3311.1   -0.385329385343605
       413               3311.2   -0.385371222594693
       414               3311.3   -0.385582799916923
       415               3311.4   -0.385637790924412
       416               3311.5   -0.385179436223591
       417               3311.6   -0.384091314699205
       418               3311.7   -0.382664942924992
       419               3311.8    -0.38147176015248
       420               3311.9    -0.38099579859613
       421                 3312   -0.381325885438934
       422               3312.1    -0.38215986489404
       423               3312.2   -0.383068169372507
       424               3312.3   -0.383746513418946
       425               3312.4   -0.384080618134003
       426               3312.5   -0.384077412867261
       427               3312.6   -0.383796991480173
       428               3312.7   -0.383323315692589
       429               3312.8   -0.382729560114472
       430               3312.9   -0.382021971844715
       431                 3313    -0.38110969349482
       432               3313.1   -0.379861794138528
       433               3313.2   -0.378255550414497
       434               3313.3   -0.376515848942657
       435               3313.4   -0.375092561379316
       436               3313.5   -0.374433360479225
       437               3313.6   -0.374713909784326
       438               3313.7   -0.375749015296797
       439               3313.8   -0.377140385947714
       440               3313.9   -0.378513297281737
       441                 3314   -0.379661163497105
       442               3314.1   -0.380539207664456
       443               3314.2   -0.381178912844268
       444               3314.3   -0.381623367459254
       445               3314.4   -0.381908604260709
       446               3314.5   -0.382045307584315
       447               3314.6   -0.381986463633479
       448               3314.7   -0.381635783231769
       449               3314.8   -0.380923086690067
       450               3314.9   -0.379874877536421
       451                 3315   -0.378602317323068
       452               3315.1   -0.377237738511141
       453               3315.2   -0.375911413217065
       454               3315.3   -0.374781397575117
       455               3315.4   -0.374032989012948
       456               3315.5   -0.373793509530659
       457               3315.6   -0.374017116902865
       458               3315.7   -0.374439038794793
       459               3315.8   -0.374646354967202
       460               3315.9   -0.374238674209572
       461                 3316   -0.373000067138759
       462               3316.1   -0.370980235698368
       463               3316.2   -0.368427472287633
       464               3316.3   -0.365631886219431
       465               3316.4   -0.362810425690438
       466               3316.5   -0.360096455727966
       467               3316.6   -0.357574989016924
       468               3316.7   -0.355295419884075
       469               3316.8   -0.353281936579033
       470               3316.9   -0.351577271789928
       471                 3317    -0.35026157436375
       472               3317.1   -0.349361910218898
       473               3317.2   -0.348710768569369
       474               3317.3   -0.347941081783193
       475               3317.4   -0.346694337012657
       476               3317.5   -0.344865990913519
       477               3317.6   -0.342650866211911
       478               3317.7   -0.340370098180069
       479               3317.8   -0.338267774909592
       480               3317.9   -0.336422523870527
       481                 3318   -0.334764358408799
       482               3318.1   -0.333142459366234
       483               3318.2   -0.331416027009561
       484               3318.3   -0.329514875762127
       485               3318.4    -0.32741226785056
       486               3318.5   -0.325058009282814
       487               3318.6   -0.322387788389645
       488               3318.7    -0.31940940028584
       489               3318.8   -0.316231245343201
       490               3318.9   -0.312971266245743
       491                 3319   -0.309661845038041
       492               3319.1   -0.306273620598792
       493               3319.2   -0.302809592214311
       494               3319.3   -0.299319574257214
       495               3319.4   -0.295788481481821
       496               3319.5   -0.292026440113345
       497               3319.6   -0.287723579464028
       498               3319.7   -0.282670531182326
       499               3319.8   -0.276947759336332
       500               3319.9   -0.270883006224564
       501                 3320   -0.264799878704735
       502               3320.1   -0.258789990456747
       503               3320.2   -0.252701441450944
       504               3320.3   -0.246317098935457
       505               3320.4   -0.239552088444514
       506               3320.5   -0.232531898546496
       507               3320.6   -0.225515594216469
       508               3320.7   -0.218712115887789
       509               3320.8   -0.212100165237419
       510               3320.9   -0.205382048574223
       511                 3321   -0.198131640418614
       512               3321.1   -0.190064196171982
       513               3321.2    -0.18125748656195
       514               3321.3   -0.172161844200531
       515               3321.4   -0.163361996567364
       516               3321.5    -0.15523610172576
       517               3321.6   -0.147757418125278
       518               3321.7   -0.140580670643904
       519               3321.8   -0.133315915207468
       520               3321.9   -0.125752118517078
       521                 3322   -0.117886118709889
       522               3322.1   -0.109810401157844
       523               3322.2   -0.101601058187895
       524               3322.3  -0.0932891950979395
       525               3322.4  -0.0849131542218452
       526               3322.5   -0.076603333564805
       527               3322.6  -0.0686262077222593
       528               3322.7  -0.0613212619055415
       529               3322.8   -0.054944884119704
       530               3322.9  -0.0495351388611457
       531                 3323    -0.04490737278594
       532               3323.1  -0.0407750673408136
       533               3323.2  -0.0369041180281703
       534               3323.3  -0.0332339416254582
       535               3323.4  -0.0299471824539451
       536               3323.5  -0.0274555714145837
       537               3323.6    -0.02626147361027
       538               3323.7  -0.0267407317501555
       539               3323.8  -0.0289939139424155
       540               3323.9  -0.0328744847006256
       541                 3324  -0.0381363926495284
       542               3324.1  -0.0445496018282656
       543               3324.2  -0.0519205519981964
       544               3324.3  -0.0600790600196451
       545               3324.4  -0.0688814249797613
       546               3324.5  -0.0782014552064859
       547               3324.6  -0.0878959351421571
       548               3324.7  -0.0977959930957638
       549               3324.8   -0.107749119336817
       550               3324.9   -0.117656349663089
       551                 3325   -0.127456676509462
       552               3325.1   -0.137087820783381
       553               3325.2    -0.14646988767543
       554               3325.3   -0.155510461306096
       555               3325.4   -0.164114026573779
       556               3325.5   -0.172205182563833
       557               3325.6   -0.179771452981688
       558               3325.7   -0.186892022234115
       559               3325.8   -0.193711033193065
       560               3325.9   -0.200364390332905
       561                 3326   -0.206924190872579
       562               3326.1   -0.213414131319683
       563               3326.2   -0.219866490793982
       564               3326.3   -0.226327418699017
       565               3326.4     -0.2327674857903
       566               3326.5   -0.238977964678469
       567               3326.6   -0.244580413187879
       568               3326.7   -0.249180682730041
       569               3326.8   -0.252562733259971
       570               3326.9   -0.254786394438849
       571                 3327   -0.256142836666361
       572               3327.1   -0.257023343388762
       573               3327.2   -0.257780641764416
       574               3327.3   -0.258625142405293
       575               3327.4   -0.259569209761308
       576               3327.5   -0.260436568026319
       577               3327.6   -0.260957131934563
       578               3327.7    -0.26092441946874
       579               3327.8   -0.260318084146998
       580               3327.9   -0.259285243879605
       581                 3328   -0.257991937996322
       582               3328.1    -0.25649053131531
       583               3328.2   -0.254728866816251
       584               3328.3   -0.252667457727012
       585               3328.4   -0.250366453572584
       586               3328.5   -0.247960865484823
       587               3328.6   -0.245564280829569
       588               3328.7   -0.243195468692972
       589               3328.8    -0.24078644196652
       590               3328.9   -0.238257007819069
       591                 3329   -0.235586135718849
       592               3329.1   -0.232816537016555
       593               3329.2   -0.229996156010863
       594               3329.3    -0.22712716778289
       595               3329.4   -0.224186985792118
       596               3329.5   -0.221204614657225
       597               3329.6   -0.218303675279289
       598               3329.7   -0.215650410246013
       599               3329.8   -0.213353813915747
       600               3329.9   -0.211429025627887
       601                 3330   -0.209873827931932
       602               3330.1   -0.208799238605412
       603               3330.2   -0.208520370539949
       604               3330.3   -0.209555483521929
       605               3330.4    -0.21252544641955
       606               3330.5   -0.217978040110419
       607               3330.6   -0.226211259637646
       608               3330.7   -0.237208559954618
       609               3330.8   -0.250757322858143
       610               3330.9   -0.266697003854954
       611                 3331   -0.285128357609496
       612               3331.1   -0.306419111880516
       613               3331.2   -0.330990805897289
       614               3331.3   -0.359056320657094
       615               3331.4   -0.390514467152151
       616               3331.5   -0.425039714599888
       617               3331.6   -0.462218326162116
       618               3331.7    -0.50159582312646
       619               3331.8    -0.54266271763275
       620               3331.9     -0.5848753979535
       621                 3332   -0.627718567122678
       622               3332.1   -0.670734505476628
       623               3332.2   -0.713488249377219
       624               3332.3   -0.755516650641905
       625               3332.4   -0.796305035207475
       626               3332.5   -0.835276781580687
       627               3332.6   -0.871775329054454
       628               3332.7   -0.905077356738913
       629               3332.8   -0.934495737761852
       630               3332.9   -0.959546394180694
       631                 3333    -0.98005296300516
       632               3333.1   -0.996088765180577
       633               3333.2    -1.00780840595208
       634               3333.3    -1.01533519507794
       635               3333.4    -1.01880509389265
       636               3333.5     -1.0184921360538
       637               3333.6    -1.01485769258628
       638               3333.7    -1.00846139823244
       639               3333.8   -0.999816274799953
       640               3333.9    -0.98929965191073
       641                 3334   -0.977141780789064
       642               3334.1   -0.963444123909339
       643               3334.2   -0.948215722675341
       644               3334.3   -0.931472346010886
       645               3334.4   -0.913393010821991
       646               3334.5   -0.894419783429154
       647               3334.6   -0.875186507096832
       648               3334.7   -0.856298333821383
       649               3334.8   -0.838103602434233
       650               3334.9   -0.820590001202771
       651                 3335   -0.803443892773371
       652               3335.1   -0.786228591026747
       653               3335.2   -0.768595571681987
       654               3335.3   -0.750433376366003
       655               3335.4   -0.731886315476237
       656               3335.5    -0.71324468107664
       657               3335.6   -0.694786770704892
       658               3335.7   -0.676677262006878
       659               3335.8   -0.658969657376373
       660               3335.9   -0.641673054266721
       661                 3336   -0.624804934173972
       662               3336.1   -0.608388425818389
       663               3336.2   -0.592416566572164
       664               3336.3   -0.576831960528719
       665               3336.4   -0.561544677676568
       666               3336.5    -0.54647648785839
       667               3336.6   -0.531608396386145
       668               3336.7   -0.517009801781161
       669               3336.8   -0.502829107072482
       670               3336.9   -0.489240279243904
       671                 3337   -0.476366359912323
       672               3337.1   -0.464211304666943
       673               3337.2   -0.452620165359104
       674               3337.3   -0.441282806271591
       675               3337.4   -0.429805050634369
       676               3337.5   -0.417855630745815
       677               3337.6   -0.405333777412572
       678               3337.7   -0.392441389319458
       679               3337.8   -0.379572603262338
       680               3337.9   -0.367064205017735
       681                 3338   -0.354975750066722
       682               3338.1   -0.343060519030399
       683               3338.2   -0.330936441369637
       684               3338.3   -0.318303525322084
       685               3338.4   -0.305037851844584
       686               3338.5    -0.29113687841296
       687               3338.6   -0.276638293607962
       688               3338.7   -0.261621130136192
       689               3338.8   -0.246251348242546
       690               3338.9   -0.230751106384223
       691                 3339   -0.215267115291512
       692               3339.1   -0.199760850240334
       693               3339.2   -0.184038443914675
       694               3339.3   -0.167885680871652
       695               3339.4   -0.151174179434342
       696               3339.5   -0.133866732547702
       697               3339.6   -0.115959560288137
       698               3339.7   -0.097420684136545
       699               3339.8  -0.0781490834716568
       700               3339.9  -0.0579820538719228
       701                 3340  -0.0367789519557025
       702               3340.1  -0.0145244131097099
       703               3340.2   0.0086806922830182
       704               3340.3   0.0327697031915998
       705               3340.4   0.0578442369962278
       706               3340.5   0.0841433083079762
       707               3340.6    0.111920914059031
       708               3340.7    0.141425433993284
       709               3340.8    0.173016895664412
       710               3340.9    0.207244875771365
       711                 3341    0.244727079775092
       712               3341.1    0.285889483473104
       713               3341.2    0.330786405619457
       714               3341.3    0.379145720779248
       715               3341.4    0.430579838208691
       716               3341.5    0.484783164950782
       717               3341.6    0.541585407131545
       718               3341.7    0.600848753132901
       719               3341.8    0.662272166358668
       720               3341.9    0.725189318643017
       721                 3342    0.788453278183074
       722               3342.1    0.850480767191526
       723               3342.2    0.909449093245526
       724               3342.3     0.96352650118613
       725               3342.4     1.01097848498009
       726               3342.5     1.05010661116715
       727               3342.6     1.07914801216389
       728               3342.7      1.0962896906287
       729               3342.8     1.09979429026037
       730               3342.9     1.08810625790927
       731                 3343     1.05988425794507
       732               3343.1     1.01407130654713
       733               3343.2    0.950121348373329
       734               3343.3    0.868307303414435
       735               3343.4    0.769866512432249
       736               3343.5    0.656819201207864
       737               3343.6     0.53156810286246
       738               3343.7    0.396562444518772
       739               3343.8    0.254205391004678
       740               3343.9    0.106943985068406
       741                 3344  -0.0426320902359268
       742               3344.1   -0.191790718351614
       743               3344.2   -0.337771288990202
       744               3344.3   -0.477991012733976
       745               3344.4   -0.610285555122597
       746               3344.5   -0.733071704017495
       747               3344.6    -0.84533644113568
       748               3344.7   -0.946474956028727
       749               3344.8    -1.03611073098376
       750               3344.9    -1.11402671543299
       751                 3345    -1.18023538691633
       752               3345.1    -1.23510348480789
       753               3345.2    -1.27939407080839
       754               3345.3     -1.3141400342412
       755               3345.4    -1.34040976482196
       756               3345.5    -1.35914235550162
       757               3345.6    -1.37116649081563
       758               3345.7    -1.37731636199159
       759               3345.8     -1.3784586653558
       760               3345.9     -1.3753765778492
       761                 3346    -1.36864685869587
       762               3346.1    -1.35865435249101
       763               3346.2    -1.34572736949892
       764               3346.3     -1.3302622057861
       765               3346.4    -1.31275068405097
       766               3346.5    -1.29373588684253
       767               3346.6     -1.2737563905789
       768               3346.7    -1.25328517281657
       769               3346.8    -1.23263466767544
       770               3346.9    -1.21185733423601
       771                 3347    -1.19074224024365
       772               3347.1    -1.16896401091004
       773               3347.2    -1.14630733542441
       774               3347.3    -1.12282394793526
       775               3347.4     -1.0988360048154
       776               3347.5    -1.07479103087101
       777               3347.6    -1.05103807620293
       778               3347.7    -1.02764050677526
       779               3347.8    -1.00433743675059
       780               3347.9   -0.980676968351348
       781                 3348   -0.956239223100274
       782               3348.1   -0.930843616010443
       783               3348.2   -0.904672790929018
       784               3348.3   -0.878261308200119
       785               3348.4   -0.852301352023373
       786               3348.5   -0.827302120398785
       787               3348.6   -0.803297011122061
       788               3348.7   -0.779843700366676
       789               3348.8   -0.756362112592603
       790               3348.9   -0.732554067935357
       791                 3349   -0.708574143084172
       792               3349.1   -0.684856647549577
       793               3349.2   -0.661777569119178
       794               3349.3   -0.639398383360927
       795               3349.4   -0.617437461198439
       796               3349.5   -0.595472130674198
       797               3349.6   -0.573234271630816
       798               3349.7   -0.550787734251483
       799               3349.8   -0.528466854524595
       800               3349.9   -0.506658055856802
       801                 3350   -0.485610250005686
       802               3350.1   -0.465373568103103
       803               3350.2   -0.445834154736786
       804               3350.3   -0.426786330200121
       805               3350.4   -0.408026689107707
       806               3350.5   -0.389456865881696
       807               3350.6   -0.371139635107537
       808               3350.7    -0.35325084949588
       809               3350.8   -0.335941227830188
       810               3350.9   -0.319205756780738
       811                 3351   -0.302869815720852
       812               3351.1   -0.286717609325829
       813               3351.2    -0.27067432113725
       814               3351.3   -0.254905210081048
       815               3351.4   -0.239751211715916
       816               3351.5   -0.225532482670686
       817               3351.6   -0.212345193896811
       818               3351.7   -0.200004587124499
       819               3351.8   -0.188209547250831
       820               3351.9   -0.176825425877532
       821                 3352   -0.166044203960565
       822               3352.1   -0.156273138152967
       823               3352.2   -0.147878153258807
       824               3352.3    -0.14105105893047
       825               3352.4   -0.135897085549163
       826               3352.5   -0.132580216044298
       827               3352.6   -0.131343802568063
       828               3352.7   -0.132412292695818
       829               3352.8   -0.135892559435612
       830               3352.9   -0.141736064334517
       831                 3353   -0.149753564045389
       832               3353.1   -0.159678977168208
       833               3353.2   -0.171271759515442
       834               3353.3   -0.184391508457682
       835               3353.4   -0.198970550123839
       836               3353.5   -0.214895919143246
       837               3353.6   -0.231900697707074
       838               3353.7    -0.24956331930098
       839               3353.8     -0.2674325680547
       840               3353.9    -0.28520269754142
       841                 3354   -0.302812736882724
       842               3354.1   -0.320375442503857
       843               3354.2   -0.337968084333325
       844               3354.3   -0.355463018288686
       845               3354.4   -0.372573858204876
       846               3354.5   -0.389079726265581
       847               3354.6   -0.404978335351495
       848               3354.7   -0.420386941437165
       849               3354.8   -0.435302954313285
       850               3354.9   -0.449492171150895
       851                 3355   -0.462608102029147
       852               3355.1   -0.474391280150168
       853               3355.2   -0.484759033727517
       854               3355.3   -0.493763397470973
       855               3355.4   -0.501521898859333
       856               3355.5   -0.508187840765267
       857               3355.6   -0.513935773318955
       858               3355.7   -0.518931356817581
       859               3355.8   -0.523306789430759
       860               3355.9   -0.527167009953608
       861                 3356   -0.530603246114608
       862               3356.1    -0.53367762841932
       863               3356.2   -0.536389742797803
       864               3356.3   -0.538671891949785
       865               3356.4   -0.540439278227784
       866               3356.5   -0.541671230100991
       867               3356.6   -0.542457649684807
       868               3356.7    -0.54294743913936
       869               3356.8   -0.543216513977085
       870               3356.9   -0.543177705148228
       871                 3357   -0.542644693008951
       872               3357.1   -0.541508954477779
       873               3357.2   -0.539862291687655
       874               3357.3   -0.537951642772514
       875               3357.4   -0.536020621288805
       876               3357.5   -0.534187588896267
       877               3357.6   -0.532453806894107
       878               3357.7   -0.530804995673546
       879               3357.8   -0.529288091008507
       880               3357.9   -0.527978496989549
       881                 3358   -0.526873329045697
       882               3358.1   -0.525837703162629
       883               3358.2   -0.524681817761666
       884               3358.3   -0.523290963949719
       885               3358.4   -0.521655335816207
       886               3358.5   -0.519765615614414
       887               3358.6   -0.517514690107573
       888               3358.7   -0.514747853492733
       889               3358.8   -0.511428197666441
       890               3358.9   -0.507750673898838
       891                 3359   -0.504092207020627
       892               3359.1   -0.500836438065696
       893               3359.2   -0.498196562713006
       894               3359.3   -0.496134186491987
       895               3359.4   -0.494401352804067
       896               3359.5   -0.492675807029073
       897               3359.6   -0.490723609593291
       898               3359.7   -0.488507191187022
       899               3359.8   -0.486181892555743
       900               3359.9    -0.48399390968275
       901                 3360   -0.482156318152205
       902               3360.1    -0.48077962775162
       903               3360.2   -0.479875477957532
       904               3360.3   -0.479394046174316
       905               3360.4   -0.479241573311566
       906               3360.5   -0.479256930408299
       907               3360.6   -0.479176869922074
       908               3360.7   -0.478649011758911
       909               3360.8   -0.477333921838779
       910               3360.9    -0.47507282550403
       911                 3361   -0.472017369043863
       912               3361.1    -0.46859831291491
       913               3361.2   -0.465317493885036
       914               3361.3   -0.462512114558693
       915               3361.4   -0.460272707414927
       916               3361.5    -0.45853279011693
       917               3361.6   -0.457182377059895
       918               3361.7   -0.456089043988701
       919               3361.8   -0.455068325164206
       920               3361.9   -0.453910671284052
       921                 3362   -0.452487320867763
       922               3362.1   -0.450855046735301
       923               3362.2   -0.449265748323528
       924               3362.3   -0.448045702296015
       925               3362.4   -0.447393212797996
       926               3362.5   -0.447218489376233
       927               3362.6   -0.447156431157093
       928               3362.7   -0.446773069280912
       929               3362.8   -0.445825622425681
       930               3362.9   -0.444379266205497
       931                 3363   -0.442700089254984
       932               3363.1   -0.441028207955125
       933               3363.2   -0.439425164866963
       934               3363.3   -0.437817762193608
       935               3363.4   -0.436184194199571
       936               3363.5   -0.434688710461149
       937               3363.6   -0.433607490190715
       938               3363.7   -0.433092540019949
       939               3363.8   -0.432992584760097
       940               3363.9   -0.432905895419708
       941                 3364   -0.432428296944009
       942               3364.1   -0.431392687366404
       943               3364.2   -0.429921146467715
       944               3364.3   -0.428290445509376
       945               3364.4    -0.42676782152148
       946               3364.5   -0.425550087244276
       947               3364.6   -0.424786509070924
       948               3364.7   -0.424589017693499
       949               3364.8   -0.425003573025304
       950               3364.9   -0.425988332312128
       951                 3365   -0.427414052598863
       952               3365.1   -0.429058596737141
       953               3365.2   -0.430604859462826
       954               3365.3   -0.431705032260316
       955               3365.4   -0.432132165708297
       956               3365.5   -0.431922794959485
       957               3365.6   -0.431368296326366
       958               3365.7   -0.430831273119341
       959               3365.8   -0.430540009691545
       960               3365.9   -0.430537395879324
       961                 3366   -0.430787363703935
       962               3366.1   -0.431278100774258
       963               3366.2     -0.4320003503045
       964               3366.3   -0.432853348520506
       965               3366.4   -0.433621483924237
       966               3366.5   -0.434083134542395
       967               3366.6   -0.434169923771842
       968               3366.7   -0.434032905482971
       969               3366.8   -0.433936148995313
       970               3366.9   -0.434043288007719
       971                 3367   -0.434284327305043
       972               3367.1   -0.434452220339705
       973               3367.2    -0.43445550580566
       974               3367.3    -0.43446034747438
       975               3367.4   -0.434756656864864
       976               3367.5   -0.435500321911742
       977               3367.6    -0.43661801958972
       978               3367.7   -0.437934688112563
       979               3367.8   -0.439317961288549
       980               3367.9   -0.440682412346532
       981                 3368   -0.441935927098867
       982               3368.1    -0.44301395993794
       983               3368.2   -0.443980730195595
       984               3368.3   -0.445054410168095
       985               3368.4   -0.446497973231308
       986               3368.5    -0.44846919342831
       987               3368.6    -0.45094608005767
       988               3368.7    -0.45374222962986
       989               3368.8   -0.456560051442939
       990               3368.9   -0.459071472799833
       991                 3369    -0.46105303599767
       992               3369.1   -0.462532284631194
       993               3369.2   -0.463819103335181
       994               3369.3    -0.46535044148302
       995               3369.4    -0.46743260582469
       996               3369.5   -0.470051484485045
       997               3369.6   -0.472871745005362
       998               3369.7    -0.47543101207096
       999               3369.8   -0.477419151680353
      1000               3369.9   -0.478859260317971
      1001                 3370    -0.48005370474996
      1002               3370.1   -0.481342440887629
      1003               3370.2   -0.482885424777249
      1004               3370.3   -0.484641993429398
      1005               3370.4   -0.486515083865816
      1006               3370.5   -0.488485197631805
      1007               3370.6   -0.490612007843236
      1008               3370.7   -0.492933696806038
      1009               3370.8   -0.495379103611233
      1010               3370.9   -0.497774581279723
      1011                 3371   -0.499935893672427
      1012               3371.1   -0.501766304735345
      1013               3371.2    -0.50328846786668
      1014               3371.3   -0.504607985398718
      1015               3371.4   -0.505857370540514
      1016               3371.5   -0.507145560703738
      1017               3371.6   -0.508499524666281
      1018               3371.7   -0.509810217823998
      1019               3371.8   -0.510844861940596
      1020               3371.9   -0.511358087246349
      1021                 3372   -0.511231833763397
      1022               3372.1   -0.510528841026481
      1023               3372.2   -0.509433411195607
      1024               3372.3   -0.508168451207872
      1025               3372.4   -0.506959364265324
      1026               3372.5   -0.505997866209968
      1027               3372.6    -0.50534648978052
      1028               3372.7   -0.504862910385581
      1029               3372.8   -0.504284753510753
      1030               3372.9   -0.503450402571078
      1031                 3373   -0.502441632304742
      1032               3373.1   -0.501493445598396
      1033               3373.2   -0.500762168711569
      1034               3373.3   -0.500173039641313
      1035               3373.4    -0.49946185566971
      1036               3373.5   -0.498346428744513
      1037               3373.6    -0.49669165195469
      1038               3373.7    -0.49457368034278
      1039               3373.8   -0.492224197547024
      1040               3373.9   -0.489898059268907
      1041                 3374   -0.487743782106412
      1042               3374.1   -0.485755296499057
      1043               3374.2   -0.483834994566886
      1044               3374.3   -0.481913972954692
      1045               3374.4      -0.480018066567
      1046               3374.5   -0.478215890454153
      1047               3374.6   -0.476511602182192
      1048               3374.7   -0.474806164991127
      1049               3374.8   -0.472970496092049
      1050               3374.9   -0.470958290718942
      1051                 3375   -0.468864627691139
      1052               3375.1   -0.466892664797449
      1053               3375.2   -0.465245986342805
      1054               3375.3   -0.464005694513179
      1055               3375.4   -0.463077971618716
      1056               3375.5    -0.46225852691565
      1057               3375.6   -0.461356083493287
      1058               3375.7   -0.460260540585042
      1059               3375.8   -0.458912315164793
      1060               3375.9   -0.457246536261129
      1061                 3376   -0.455207253712716
      1062               3376.1   -0.452830657366744
      1063               3376.2    -0.45030122463401
      1064               3376.3   -0.447902226272277
      1065               3376.4   -0.445885949393814
      1066               3376.5   -0.444357050241456
      1067               3376.6   -0.443233129674046
      1068               3376.7   -0.442281019136171
      1069               3376.8   -0.441203338782688
      1070               3376.9   -0.439759162447301
      1071                 3377    -0.43788813679248
      1072               3377.1   -0.435764041016586
      1073               3377.2   -0.433702635409703
      1074               3377.3    -0.43195084987994
      1075               3377.4   -0.430523754081225
      1076               3377.5   -0.429256993991727
      1077               3377.6   -0.428038859097353
      1078               3377.7   -0.426976595532136
      1079               3377.8   -0.426299061814888
      1080               3377.9   -0.426077797107036
      1081                 3378   -0.426050343846735
      1082               3378.1   -0.425737136402131
      1083               3378.2   -0.424773733108671
      1084               3378.3   -0.423198436910014
      1085               3378.4   -0.421466921375444
      1086               3378.5   -0.420160658591665
      1087               3378.6   -0.419592774794572
      1088               3378.7   -0.419626578877574
      1089               3378.8   -0.419864111436096
      1090               3378.9   -0.420020904560819
      1091                 3379   -0.420123976039037
      1092               3379.1   -0.420373947107394
      1093               3379.2   -0.420867357426743
      1094               3379.3   -0.421472687346926
      1095               3379.4   -0.421936345744739
      1096               3379.5   -0.422070397285126
      1097               3379.6   -0.421859406419491
      1098               3379.7   -0.421439257172265
      1099               3379.8   -0.420992911903857
      1100               3379.9   -0.420640649917282
      1101                 3380   -0.420391625757974
      1102               3380.1   -0.420168527834788
      1103               3380.2   -0.419855926833334
      1104               3380.3   -0.419329393567323
      1105               3380.4   -0.418482637389305
      1106               3380.5   -0.417278990960507
      1107               3380.6   -0.415794524566838
      1108               3380.7   -0.414203921296294
      1109               3380.8   -0.412723485080264
      1110               3380.9   -0.411557940905363
      1111                 3381   -0.410848973923693
      1112               3381.1   -0.410601942516533
      1113               3381.2   -0.410636442854931
      1114               3381.3   -0.410648932696689
      1115               3381.4    -0.41037951719651
      1116               3381.5    -0.40974448877653
      1117               3381.6   -0.408825572981049
      1118               3381.7    -0.40777696366615
      1119               3381.8    -0.40678389933126
      1120               3381.9   -0.406075433992316
      1121                 3382   -0.405866551908862
      1122               3382.1   -0.406196784657164
      1123               3382.2   -0.406826136591464
      1124               3382.3   -0.407350979315009
      1125               3382.4   -0.407472057784223
      1126               3382.5   -0.407164638088449
      1127               3382.6   -0.406598098052754
      1128               3382.7   -0.405919292121348
      1129               3382.8   -0.405143990858691
      1130               3382.9   -0.404254260450124
      1131                 3383    -0.40335481538896
      1132               3383.1   -0.402677551600336
      1133               3383.2   -0.402404117809187
      1134               3383.3   -0.402490423844885
      1135               3383.4   -0.402686634544607
      1136               3383.5   -0.402747123914605
      1137               3383.6   -0.402636113869215
      1138               3383.7   -0.402548874563588
      1139               3383.8   -0.402749585281717
      1140               3383.9   -0.403375713030594
      1141                 3384   -0.404346965204953
      1142               3384.1   -0.405405903797617
      1143               3384.2   -0.406238540367291
      1144               3384.3   -0.406611791429585
      1145               3384.4   -0.406471836291934
      1146               3384.5   -0.405960951259619
      1147               3384.6   -0.405355555387168
      1148               3384.7   -0.404973644000368
      1149               3384.8   -0.405084302236551
      1150               3384.9   -0.405805042500737
      1151                 3385   -0.406991476395649
      1152               3385.1   -0.408209540101051
      1153               3385.2   -0.408898761569712
      1154               3385.3   -0.408694460769574
      1155               3385.4   -0.407690486135164
      1156               3385.5   -0.406412511389691
      1157               3385.6   -0.405494764073342
      1158               3385.7   -0.405305985831274
      1159               3385.8   -0.405798667272403
      1160               3385.9    -0.40663772582432
      1161                 3386   -0.407433341475976
      1162               3386.1    -0.40788514147067
      1163               3386.2   -0.407814483692001
      1164               3386.3   -0.407180504131256
      1165               3386.4   -0.406105299410116
      1166               3386.5   -0.404824181962046
      1167               3386.6   -0.403537760376515
      1168               3386.7   -0.402302271974922
      1169               3386.8   -0.401092347278125
      1170               3386.9   -0.399965982389452
      1171                 3387   -0.399119729185725
      1172               3387.1    -0.39873917263289
      1173               3387.2   -0.398790973923595
      1174               3387.3   -0.398991219094006
      1175               3387.4   -0.399021647936009
      1176               3387.5   -0.398809355699612
      1177               3387.6   -0.398596282717682
      1178               3387.7   -0.398719096089738
      1179               3387.8   -0.399315817479917
      1180               3387.9   -0.400246997828031
      1181                 3388   -0.401282976173396
      1182               3388.1   -0.402339384828694
      1183               3388.2   -0.403526172386742
      1184               3388.3   -0.404986464271026
      1185               3388.4   -0.406701453658937
      1186               3388.5   -0.408449389962752
      1187               3388.6   -0.409944929139244
      1188               3388.7   -0.411013791303987
      1189               3388.8   -0.411643238211284
      1190               3388.9   -0.411894419210808
      1191                 3389   -0.411802208005231
      1192               3389.1   -0.411373019797435
      1193               3389.2   -0.410652648479675
      1194               3389.3   -0.409745011845767
      1195               3389.4   -0.408733929218475
      1196               3389.5   -0.407608799616751
      1197               3389.6   -0.406318570881687
      1198               3389.7   -0.404912269276339
      1199               3389.8   -0.403570724316881
      1200               3389.9    -0.40243551374946
      1201                 3390   -0.401419869668042
      1202               3390.1   -0.400269281645742
      1203               3390.2   -0.398859367358399
      1204               3390.3   -0.397412820537249
      1205               3390.4   -0.396395383952634
      1206               3390.5   -0.396209157247953
      1207               3390.6   -0.396979461809541
      1208               3390.7   -0.398560318952067
      1209               3390.8     -0.4006488616616
      1210               3390.9   -0.402877348054954
      1211                 3391    -0.40488158292731
      1212               3391.1   -0.406405277579805
      1213               3391.2   -0.407417095860461
      1214               3391.3   -0.408121587814074
      1215               3391.4   -0.408797277410115
      1216               3391.5   -0.409575986283131
      1217               3391.6   -0.410371276617934
      1218               3391.7   -0.411018448075734
      1219               3391.8   -0.411456887536069
      1220               3391.9   -0.411758282807219
      1221                 3392   -0.412009628866203
      1222               3392.1   -0.412220990660965
      1223               3392.2   -0.412352639079866
      1224               3392.3    -0.41238372367788
      1225               3392.4   -0.412315519185052
      1226               3392.5   -0.412124835308449
      1227               3392.6   -0.411759641664271
      1228               3392.7    -0.41119545211002
      1229               3392.8   -0.410472537830097
      1230               3392.9   -0.409662443287578
      1231                 3393   -0.408817228597035
      1232               3393.1   -0.407970098768192
      1233               3393.2   -0.407162988404267
      1234               3393.3   -0.406428774533399
      1235               3393.4     -0.4057321093973
      1236               3393.5    -0.40495866720454
      1237               3393.6   -0.404006839153505
      1238               3393.7   -0.402912923441512
      1239               3393.8   -0.401876351669283
      1240               3393.9    -0.40112953939725
      1241                 3394   -0.400752014593386
      1242               3394.1    -0.40060428117541
      1243               3394.2   -0.400458352414536
      1244               3394.3   -0.400208764142297
      1245               3394.4   -0.399958196513932
      1246               3394.5   -0.399896762434232
      1247               3394.6   -0.400109290937336
      1248               3394.7   -0.400505860932798
      1249               3394.8   -0.400912105905341
      1250               3394.9   -0.401187556401094
      1251                 3395   -0.401261339663894
      1252               3395.1   -0.401107494004978
      1253               3395.2   -0.400729951717217
      1254               3395.3   -0.400168863517739
      1255               3395.4   -0.399497892849244
      1256               3395.5   -0.398800208955332
      1257               3395.6   -0.398135695417062
      1258               3395.7   -0.397519244088231
      1259               3395.8   -0.396931445311407
      1260               3395.9   -0.396365802139848
      1261                 3396   -0.395877595318648
      1262               3396.1   -0.395584169968711
      1263               3396.2   -0.395604350097191
      1264               3396.3   -0.395976506958385
      1265               3396.4   -0.396610018560013
      1266               3396.5   -0.397303134477062
      1267               3396.6   -0.397823843294981
      1268               3396.7   -0.398010794780272
      1269               3396.8   -0.397831185005141
      1270               3396.9   -0.397362067136028
      1271                 3397   -0.396725480942534
      1272               3397.1   -0.396043588545172
      1273               3397.2   -0.395448148196508
      1274               3397.3   -0.395106025463116
      1275               3397.4   -0.395184837098985
      1276               3397.5   -0.395742299036927
      1277               3397.6   -0.396633485413494
      1278               3397.7    -0.39754827301727
      1279               3397.8   -0.398169072602717
      1280               3397.9    -0.39832471761175
      1281                 3398   -0.398043362846158
      1282               3398.1   -0.397504458405367
      1283               3398.2   -0.396932464397484
      1284               3398.3   -0.396477562455412
      1285               3398.4   -0.396148242839691
      1286               3398.5    -0.39585134049327
      1287               3398.6   -0.395509961132175
      1288               3398.7   -0.395153128125405
      1289               3398.8   -0.394903955561763
      1290               3398.9   -0.394891744113694
      1291                 3399   -0.395162995586496
      1292               3399.1   -0.395642907320295
      1293               3399.2   -0.396158036340828
      1294               3399.3   -0.396506008663956
      1295               3399.4   -0.396544169993461
      1296               3399.5   -0.396258497282084
      1297               3399.6   -0.395773993661732
      1298               3399.7   -0.395294762622388
      1299               3399.8   -0.395009021896847
      1300               3399.9   -0.395016053488074
      1301                 3400   -0.395305302161346
      1302               3400.1   -0.395781801260993
      1303               3400.2   -0.396321095433548
      1304               3400.3   -0.396829910994703
      1305               3400.4   -0.397272098962064
      1306               3400.5   -0.397632083700969
      1307               3400.6   -0.397853459531803
      1308               3400.7   -0.397843287827044
      1309               3400.8   -0.397579839901422
      1310               3400.9   -0.397225740019918
      1311                 3401   -0.397090395298492
      1312               3401.1   -0.397412701383909
      1313               3401.2   -0.398130586322987
      1314               3401.3   -0.398849952309593
      1315               3401.4   -0.399069792194558
      1316               3401.5   -0.398514435264084
      1317               3401.6   -0.397332367496189
      1318               3401.7   -0.396001806039833
      1319               3401.8   -0.394995790256668
      1320               3401.9   -0.394459890314553
      1321                 3402   -0.394153612585113
      1322               3402.1   -0.393675130038983
      1323               3402.2   -0.392754847584963
      1324               3402.3   -0.391398817934709
      1325               3402.4   -0.389848969584861
      1326               3402.5   -0.388472713513907
      1327               3402.6   -0.387669390938599
      1328               3402.7   -0.387773438695463
      1329               3402.8   -0.388911872096848
      1330               3402.9   -0.390876592957737
      1331                 3403   -0.393151616739078
      1332               3403.1   -0.395138832598238
      1333               3403.2   -0.396430937023785
      1334               3403.3   -0.396928480655059
      1335               3403.4   -0.396762773498725
      1336               3403.5   -0.396156190059993
      1337               3403.6   -0.395332415040316
      1338               3403.7   -0.394470804955274
      1339               3403.8   -0.393673859093516
      1340               3403.9   -0.392973217513776
      1341                 3404    -0.39239222281025
      1342               3404.1   -0.392008068335102
      1343               3404.2   -0.391940039230041
      1344               3404.3   -0.392264282911995
      1345               3404.4   -0.392929768129223
      1346               3404.5    -0.39375694117984
      1347               3404.6   -0.394539418964677
      1348               3404.7   -0.395175178879757
      1349               3404.8    -0.39570558576019
      1350               3404.9   -0.396212171572142
      1351                 3405   -0.396667213346177
      1352               3405.1   -0.396900135551656
      1353               3405.2   -0.396735119849923
      1354               3405.3   -0.396171680308306
      1355               3405.4   -0.395421393783259
      1356               3405.5   -0.394761219537872
      1357               3405.6   -0.394353354722739
      1358               3405.7   -0.394188827818002
      1359               3405.8   -0.394148150299308
      1360               3405.9   -0.394065852064579
      1361                 3406   -0.393753654680623
      1362               3406.1   -0.393039557176341
      1363               3406.2   -0.391859667224487
      1364               3406.3   -0.390344417803853
      1365               3406.4   -0.388812984845066
      1366               3406.5   -0.387654892335251
      1367               3406.6   -0.387156898560444
      1368               3406.7   -0.387372722197403
      1369               3406.8    -0.38811925862308
      1370               3406.9   -0.389105015676554
      1371                 3407   -0.390092791623734
      1372               3407.1   -0.390970274553471
      1373               3407.2   -0.391695637723287
      1374               3407.3   -0.392209249704589
      1375               3407.4   -0.392425621043971
      1376               3407.5    -0.39231994595462
      1377               3407.6   -0.392010127171458
      1378               3407.7   -0.391730049492833
      1379               3407.8    -0.39169872098901
      1380               3407.9   -0.391994695825234
      1381                 3408   -0.392536116332654
      1382               3408.1    -0.39316478209968
      1383               3408.2   -0.393753440284936
      1384               3408.3   -0.394266282732041
      1385               3408.4   -0.394758183154276
      1386               3408.5   -0.395324398246486
      1387               3408.6   -0.396009953259984
      1388               3408.7   -0.396710882913141
      1389               3408.8   -0.397147252663062
      1390               3408.9   -0.396979833563673
      1391                 3409   -0.396032848860181
      1392               3409.1   -0.394463489151853
      1393               3409.2   -0.392729467603916
      1394               3409.3   -0.391364034857252
      1395               3409.4   -0.390717842249445
      1396               3409.5   -0.390825854524241
      1397               3409.6   -0.391443157949375
      1398               3409.7   -0.392200187856736
      1399               3409.8   -0.392794858414613
      1400               3409.9   -0.393121868592954
      1401                 3410   -0.393258810281133
      1402               3410.1   -0.393333201372094
      1403               3410.2   -0.393398676270294
      1404               3410.3    -0.39341510203798
      1405               3410.4   -0.393304092992999
      1406               3410.5   -0.393007721549634
      1407               3410.6    -0.39252925732656
      1408               3410.7   -0.391957702330054
      1409               3410.8   -0.391456177760549
      1410               3410.9   -0.391207937365035
      1411                 3411   -0.391349278301016
      1412               3411.1   -0.391910663571093
      1413               3411.2   -0.392772190709124
      1414               3411.3   -0.393670260436059
      1415               3411.4   -0.394301027865278
      1416               3411.5   -0.394484982039575
      1417               3411.6   -0.394271759129971
      1418               3411.7   -0.393896602025788
      1419               3411.8   -0.393623943273889
      1420               3411.9   -0.393602533977838
      1421                 3412   -0.393836789824555
      1422               3412.1   -0.394274240636278
      1423               3412.2   -0.394903379438474
      1424               3412.3   -0.395748499814872
      1425               3412.4   -0.396763709141039
      1426               3412.5   -0.397754123470888
      1427               3412.6    -0.39844101886834
      1428               3412.7   -0.398643598646735
      1429               3412.8   -0.398425101750744
      1430               3412.9   -0.398061879857379
      1431                 3413    -0.39783062379989
      1432               3413.1   -0.397774770528465
      1433               3413.2   -0.397661402693931
      1434               3413.3    -0.39718475202091
      1435               3413.4   -0.396238393142996
      1436               3413.5   -0.395019584106107
      1437               3413.6   -0.393901838646911
      1438               3413.7   -0.393205713472156
      1439               3413.8   -0.393033674396624
      1440               3413.9   -0.393247602960617
      1441                 3414   -0.393573989102356
      1442               3414.1   -0.393770434766625
      1443               3414.2   -0.393768552453269
      1444               3414.3   -0.393716755422758
      1445               3414.4   -0.393891293410771
      1446               3414.5    -0.39451929871744
      1447               3414.6   -0.395617430656162
      1448               3414.7   -0.396943249026116
      1449               3414.8   -0.398089077055857
      1450               3414.9   -0.398671614541712
      1451                 3415   -0.398522147942935
      1452               3415.1   -0.397771820708953
      1453               3415.2   -0.396769830658927
      1454               3415.3   -0.395878768399149
      1455               3415.4   -0.395296880323786
      1456               3415.5   -0.395039606616585
      1457               3415.6    -0.39505486513869
      1458               3415.7   -0.395321299098401
      1459               3415.8   -0.395838735004463
      1460               3415.9   -0.396567240807504
      1461                 3416   -0.397404594040946
      1462               3416.1   -0.398208392143629
      1463               3416.2   -0.398823096070038
      1464               3416.3   -0.399109016611524
      1465               3416.4   -0.398990154067475
      1466               3416.5   -0.398493636277734
      1467               3416.6   -0.397725853986509
      1468               3416.7   -0.396790666129288
      1469               3416.8   -0.395739316667201
      1470               3416.9   -0.394622297559181
      1471                 3417   -0.393587979536387
      1472               3417.1   -0.392896310666402
      1473               3417.2   -0.392794263781737
      1474               3417.3   -0.393343656801263
      1475               3417.4   -0.394344125020554
      1476               3417.5   -0.395414909369149
      1477               3417.6   -0.396173695757412
      1478               3417.7   -0.396387120676916
      1479               3417.8   -0.396011271652372
      1480               3417.9   -0.395137966471921
      1481                 3418   -0.393918896575266
      1482               3418.1   -0.392521096271958
      1483               3418.2   -0.391111675095743
      1484               3418.3   -0.389831782975541
      1485               3418.4   -0.388742858869259
      1486               3418.5   -0.387800135650043
      1487               3418.6   -0.386927271656666
      1488               3418.7   -0.386159400676128
      1489               3418.8   -0.385696339156296
      1490               3418.9   -0.385748463678327
      1491                 3419   -0.386272381263986
      1492               3419.1   -0.386861273646862
      1493               3419.2   -0.386963087476896
      1494               3419.3   -0.386294578003108
      1495               3419.4   -0.385091828009428
      1496               3419.5      -0.383945442813
      1497               3419.6   -0.383358232741386
      1498               3419.7   -0.383438716253417
      1499               3419.8    -0.38395625583203
      1500               3419.9   -0.384588093963699
