     index            Field [G]         Intensity []

         1                 3270   -0.403706351201052
         2               3270.1   -0.404526603484679
         3               3270.2   -0.405767805875966
         4               3270.3   -0.407403843355948
         5               3270.4   -0.409271341807098
         6               3270.5   -0.411089826761064
         7               3270.6   -0.412567646424888
         8               3270.7   -0.413522968945288
         9               3270.8   -0.413925796462661
        10               3270.9   -0.413843608996633
        11                 3271   -0.413353555068555
        12               3271.1   -0.412503294976418
        13               3271.2   -0.411353204731118
        14               3271.3   -0.410043220599387
        15               3271.4   -0.408784472411839
        16               3271.5   -0.407749469734985
        17               3271.6   -0.406965312341442
        18               3271.7   -0.406341190359696
        19               3271.8    -0.40581936013045
        20               3271.9   -0.405487723093211
        21                 3272   -0.405534859335059
        22               3272.1   -0.406114009864543
        23               3272.2   -0.407258392643016
        24               3272.3   -0.408874190723062
        25               3272.4    -0.41073668254735
        26               3272.5   -0.412486156499116
        27               3272.6   -0.413716189740351
        28               3272.7   -0.414166888053659
        29               3272.8   -0.413870228562722
        30               3272.9   -0.413095907870295
        31                 3273   -0.412138863168885
        32               3273.1   -0.411139002007773
        33               3273.2   -0.410069185919974
        34               3273.3   -0.408860288824518
        35               3273.4   -0.407531711781301
        36               3273.5   -0.406228854901962
        37               3273.6   -0.405168615003809
        38               3273.7   -0.404554336869979
        39               3273.8   -0.404502086104792
        40               3273.9    -0.40498112632074
        41                 3274   -0.405785804277136
        42               3274.1   -0.406588730745931
        43               3274.2   -0.407083379482549
        44               3274.3    -0.40712946229522
        45               3274.4     -0.4067975505186
        46               3274.5   -0.406304237393307
        47               3274.6   -0.405910767504555
        48               3274.7   -0.405835687895832
        49               3274.8   -0.406177115898566
        50               3274.9   -0.406856783112727
        51                 3275    -0.40764964862479
        52               3275.1   -0.408321160083363
        53               3275.2   -0.408760660809293
        54               3275.3   -0.408966260442011
        55               3275.4   -0.408911727459718
        56               3275.5   -0.408498339859402
        57               3275.6   -0.407694407283203
        58               3275.7   -0.406701463234155
        59               3275.8   -0.405928027461502
        60               3275.9    -0.40577489676265
        61                 3276   -0.406422259580628
        62               3276.1    -0.40775218188399
        63               3276.2   -0.409400931119834
        64               3276.3   -0.410895452585995
        65               3276.4   -0.411828427214687
        66               3276.5   -0.411989892939285
        67               3276.6   -0.411383764896761
        68               3276.7   -0.410160004759313
        69               3276.8   -0.408558459034472
        70               3276.9   -0.406893121619666
        71                 3277   -0.405510997980322
        72               3277.1   -0.404676746175138
        73               3277.2   -0.404433521477902
        74               3277.3   -0.404546908244764
        75               3277.4   -0.404603175879409
        76               3277.5   -0.404239175706059
        77               3277.6   -0.403378129849165
        78               3277.7   -0.402306445764078
        79               3277.8   -0.401520911351863
        80               3277.9    -0.40144729659331
        81                 3278   -0.402215577478564
        82               3278.1   -0.403610037157429
        83               3278.2   -0.405197826439944
        84               3278.3   -0.406560463040611
        85               3278.4   -0.407496307016662
        86               3278.5   -0.408059400525389
        87               3278.6   -0.408418129998749
        88               3278.7   -0.408675346433684
        89               3278.8   -0.408812019454377
        90               3278.9   -0.408777780229633
        91                 3279   -0.408607859775039
        92               3279.1   -0.408426373598389
        93               3279.2   -0.408316037086865
        94               3279.3   -0.408198328372404
        95               3279.4   -0.407890638451902
        96               3279.5   -0.407312495783415
        97               3279.6   -0.406621591712198
        98               3279.7   -0.406133464447092
        99               3279.8    -0.40611914832301
       100               3279.9     -0.4066655260047
       101                 3280   -0.407660088088521
       102               3280.1   -0.408848426381126
       103               3280.2   -0.409928019715678
       104               3280.3   -0.410669988233091
       105               3280.4   -0.411014333003278
       106               3280.5   -0.411056425708249
       107               3280.6   -0.410925081481993
       108               3280.7   -0.410664662182118
       109               3280.8   -0.410233703126434
       110               3280.9   -0.409614785892077
       111                 3281   -0.408916318077524
       112               3281.1   -0.408342625373958
       113               3281.2   -0.408031736303357
       114               3281.3   -0.407918205076038
       115               3281.4   -0.407791454726237
       116               3281.5   -0.407514959518763
       117               3281.6   -0.407167595260657
       118               3281.7   -0.406949600323686
       119               3281.8   -0.406976576995956
       120               3281.9   -0.407190887297581
       121                 3282   -0.407438522589147
       122               3282.1   -0.407582884361721
       123               3282.2   -0.407564099991779
       124               3282.3    -0.40741619644206
       125               3282.4   -0.407255041277987
       126               3282.5   -0.407224129190665
       127               3282.6   -0.407429289616954
       128               3282.7   -0.407918663784797
       129               3282.8    -0.40869530715114
       130               3282.9   -0.409695124337927
       131                 3283   -0.410725203911029
       132               3283.1   -0.411450177850591
       133               3283.2   -0.411501980036497
       134               3283.3   -0.410678814233948
       135               3283.4   -0.409101860753923
       136               3283.5   -0.407200684848794
       137               3283.6   -0.405515911391352
       138               3283.7   -0.404455825035346
       139               3283.8   -0.404172572735986
       140               3283.9   -0.404591805369642
       141                 3284   -0.405493936296362
       142               3284.1   -0.406563993399624
       143               3284.2   -0.407439601773142
       144               3284.3   -0.407817754095659
       145               3284.4   -0.407596069668447
       146               3284.5   -0.406945927167947
       147               3284.6   -0.406236239880932
       148               3284.7   -0.405827604715036
       149               3284.8   -0.405863667269644
       150               3284.9   -0.406213976824388
       151                 3285   -0.406612725123973
       152               3285.1   -0.406864600022223
       153               3285.2   -0.406940375021993
       154               3285.3   -0.406924717727244
       155               3285.4   -0.406926240698773
       156               3285.5   -0.407037342561542
       157               3285.6   -0.407318496322142
       158               3285.7   -0.407765666468067
       159               3285.8   -0.408297240544587
       160               3285.9   -0.408809113362344
       161                 3286   -0.409255622063815
       162               3286.1   -0.409662710984167
       163               3286.2   -0.410058739016619
       164               3286.3    -0.41041089405563
       165               3286.4   -0.410637706995337
       166               3286.5   -0.410665134475682
       167               3286.6   -0.410457710012993
       168               3286.7   -0.410020896560825
       169               3286.8    -0.40941333716789
       170               3286.9   -0.408762900898343
       171                 3287   -0.408240544763816
       172               3287.1   -0.407988803684835
       173               3287.2   -0.408058515719189
       174               3287.3   -0.408392404220426
       175               3287.4   -0.408847442717637
       176               3287.5   -0.409244699603342
       177               3287.6   -0.409447332811196
       178               3287.7   -0.409432441042637
       179               3287.8   -0.409286265192065
       180               3287.9   -0.409108640658327
       181                 3288   -0.408922094805152
       182               3288.1   -0.408685426410615
       183               3288.2    -0.40837455698351
       184               3288.3   -0.408000112303959
       185               3288.4   -0.407532962751396
       186               3288.5   -0.406867742044964
       187               3288.6    -0.40592447669999
       188               3288.7   -0.404794871004058
       189               3288.8   -0.403752141340737
       190               3288.9   -0.403082722542505
       191                 3289   -0.402886131276104
       192               3289.1   -0.403014233388579
       193               3289.2   -0.403185441640389
       194               3289.3   -0.403167902338486
       195               3289.4   -0.402893083110011
       196               3289.5   -0.402433064093165
       197               3289.6   -0.401881386989159
       198               3289.7   -0.401247031372951
       199               3289.8   -0.400453367594662
       200               3289.9    -0.39943259433819
       201                 3290   -0.398212685212553
       202               3290.1    -0.39691385245921
       203               3290.2   -0.395683759753135
       204               3290.3    -0.39466406556451
       205               3290.4   -0.394017454576203
       206               3290.5   -0.393939031586046
       207               3290.6   -0.394562318142449
       208               3290.7   -0.395782790310333
       209               3290.8   -0.397164189844725
       210               3290.9   -0.398096937430159
       211                 3291   -0.398164268207509
       212               3291.1   -0.397420478380601
       213               3291.2   -0.396313665415873
       214               3291.3   -0.395327188803052
       215               3291.4    -0.39469216060413
       216               3291.5   -0.394407029561801
       217               3291.6   -0.394445792694827
       218               3291.7   -0.394872544875029
       219               3291.8   -0.395757732491267
       220               3291.9   -0.397042058079353
       221                 3292   -0.398519200945031
       222               3292.1   -0.399938443238992
       223               3292.2   -0.401108814042409
       224               3292.3   -0.401926692920464
       225               3292.4   -0.402343252636098
       226               3292.5   -0.402331445198858
       227               3292.6   -0.401899938496448
       228               3292.7   -0.401146701813066
       229               3292.8   -0.400279302414621
       230               3292.9   -0.399539296057587
       231                 3293   -0.399074559522231
       232               3293.1   -0.398876617354031
       233               3293.2    -0.39883392072169
       234               3293.3   -0.398828938611405
       235               3293.4   -0.398779711399864
       236               3293.5   -0.398615250388658
       237               3293.6   -0.398262205804978
       238               3293.7   -0.397702942038064
       239               3293.8   -0.397058516563213
       240               3293.9   -0.396578229093882
       241                 3294   -0.396488454351721
       242               3294.1   -0.396815432590762
       243               3294.2   -0.397358965933336
       244               3294.3   -0.397854510847296
       245               3294.4   -0.398165971351142
       246               3294.5   -0.398333948602232
       247               3294.6   -0.398481546834525
       248               3294.7   -0.398720654470254
       249               3294.8   -0.399137268240149
       250               3294.9   -0.399791154190636
       251                 3295   -0.400666497054106
       252               3295.1   -0.401634921614136
       253               3295.2   -0.402519432481743
       254               3295.3   -0.403215566716254
       255               3295.4   -0.403732508079117
       256               3295.5   -0.404113332894532
       257               3295.6   -0.404349476423676
       258               3295.7   -0.404398269165739
       259               3295.8   -0.404261865365024
       260               3295.9   -0.404017499524843
       261                 3296   -0.403785514442532
       262               3296.1   -0.403705026337475
       263               3296.2   -0.403922760592908
       264               3296.3   -0.404516678648194
       265               3296.4   -0.405349056893161
       266               3296.5   -0.406005498902138
       267               3296.6   -0.405982846170746
       268               3296.7   -0.405052338825221
       269               3296.8   -0.403482829880041
       270               3296.9   -0.401883091227884
       271                 3297   -0.400788487020022
       272               3297.1   -0.400364471506534
       273               3297.2   -0.400436226754376
       274               3297.3   -0.400704061804461
       275               3297.4   -0.400893050944159
       276               3297.5   -0.400772812260388
       277               3297.6   -0.400164247832215
       278               3297.7   -0.399019417608784
       279               3297.8   -0.397518657015256
       280               3297.9    -0.39606172018208
       281                 3298   -0.395095354782542
       282               3298.1   -0.394856466616694
       283               3298.2   -0.395213988556152
       284               3298.3   -0.395763022761436
       285               3298.4   -0.396137613675396
       286               3298.5   -0.396301281995722
       287               3298.6   -0.396566837151262
       288               3298.7   -0.397329546937285
       289               3298.8    -0.39873892029809
       290               3298.9   -0.400556799781349
       291                 3299   -0.402286093190725
       292               3299.1   -0.403474588244919
       293               3299.2   -0.403991870707585
       294               3299.3   -0.404081947631758
       295               3299.4   -0.404147078374072
       296               3299.5   -0.404437054734897
       297               3299.6   -0.404891598728695
       298               3299.7   -0.405225343529937
       299               3299.8   -0.405134626669775
       300               3299.9   -0.404459200310285
       301                 3300   -0.403237385185748
       302               3300.1   -0.401683890485171
       303               3300.2   -0.400121679670665
       304               3300.3   -0.398875771066396
       305               3300.4   -0.398145782917607
       306               3300.5   -0.397905431942289
       307               3300.6   -0.397899374573402
       308               3300.7   -0.397783124521144
       309               3300.8   -0.397350226391955
       310               3300.9   -0.396674185498353
       311                 3301   -0.396016821845281
       312               3301.1   -0.395568755375135
       313               3301.2   -0.395285523748966
       314               3301.3   -0.395006493779269
       315               3301.4    -0.39473453084765
       316               3301.5   -0.394758339979013
       317               3301.6   -0.395458858036266
       318               3301.7   -0.396979541161909
       319               3301.8   -0.399070648551238
       320               3301.9   -0.401221385211789
       321                 3302   -0.402935084394389
       322               3302.1   -0.403947651039531
       323               3302.2   -0.404301754186066
       324               3302.3   -0.404285042100622
       325               3302.4   -0.404268672696841
       326               3302.5   -0.404510691107681
       327               3302.6   -0.405026407748016
       328               3302.7   -0.405604876838654
       329               3302.8   -0.405948833458042
       330               3302.9   -0.405826316598692
       331                 3303    -0.40514161080371
       332               3303.1   -0.403931282522146
       333               3303.2   -0.402341381956921
       334               3303.3   -0.400596545150893
       335               3303.4   -0.398934757635996
       336               3303.5   -0.397535476198773
       337               3303.6   -0.396515005489854
       338               3303.7   -0.395980424005932
       339               3303.8   -0.396023687109987
       340               3303.9   -0.396596549390842
       341                 3304   -0.397389371424552
       342               3304.1    -0.39789543471763
       343               3304.2   -0.397687318128004
       344               3304.3   -0.396727395776179
       345               3304.4   -0.395466771749873
       346               3304.5   -0.394614049896246
       347               3304.6    -0.39470592622288
       348               3304.7   -0.395789517470004
       349               3304.8   -0.397442711066108
       350               3304.9   -0.399075628997471
       351                 3305   -0.400258500817784
       352               3305.1   -0.400872177031992
       353               3305.2   -0.401054360994561
       354               3305.3   -0.401030787576087
       355               3305.4   -0.400943065466949
       356               3305.5   -0.400769310940302
       357               3305.6   -0.400386068696723
       358               3305.7   -0.399721620003603
       359               3305.8   -0.398861580007502
       360               3305.9   -0.398002870357133
       361                 3306     -0.3973135372529
       362               3306.1   -0.396860387763591
       363               3306.2   -0.396664639026816
       364               3306.3   -0.396766674637217
       365               3306.4   -0.397177680748534
       366               3306.5   -0.397771223267975
       367               3306.6   -0.398269922523645
       368               3306.7   -0.398376386195696
       369               3306.8   -0.397933747642284
       370               3306.9    -0.39698061611959
       371                 3307   -0.395687068223413
       372               3307.1   -0.394257562430302
       373               3307.2   -0.392863992016458
       374               3307.3   -0.391607040671417
       375               3307.4   -0.390503351946783
       376               3307.5   -0.389521148800409
       377               3307.6   -0.388649486408143
       378               3307.7   -0.387930307922156
       379               3307.8   -0.387413823073697
       380               3307.9   -0.387092322394734
       381                 3308   -0.386897092692648
       382               3308.1   -0.386764642646999
       383               3308.2   -0.386691659655612
       384               3308.3    -0.38671082563703
       385               3308.4   -0.386814444425769
       386               3308.5    -0.38691530342811
       387               3308.6   -0.386893969179705
       388               3308.7   -0.386687625321331
       389               3308.8   -0.386329776912827
       390               3308.9   -0.385900146924636
       391                 3309   -0.385439173622113
       392               3309.1   -0.384919066423179
       393               3309.2   -0.384296177999189
       394               3309.3    -0.38357346486069
       395               3309.4   -0.382795835179854
       396               3309.5   -0.381991116792667
       397               3309.6   -0.381135121515197
       398               3309.7   -0.380180120273709
       399               3309.8   -0.379107197408584
       400               3309.9   -0.377950745835882
       401                 3310   -0.376794114086927
       402               3310.1   -0.375758536962428
       403               3310.2   -0.374975936857099
       404               3310.3   -0.374525431573609
       405               3310.4   -0.374360485523396
       406               3310.5   -0.374281520573695
       407               3310.6   -0.373970676297003
       408               3310.7   -0.373078177887694
       409               3310.8   -0.371368679963392
       410               3310.9   -0.368900012285336
       411                 3311   -0.366097590219112
       412               3311.1   -0.363587981141339
       413               3311.2   -0.361858705116422
       414               3311.3   -0.361002593288502
       415               3311.4   -0.360739952048156
       416               3311.5   -0.360668830205875
       417               3311.6   -0.360538306093715
       418               3311.7   -0.360370259235594
       419               3311.8   -0.360377882186201
       420               3311.9   -0.360757893055564
       421                 3312   -0.361517479514928
       422               3312.1   -0.362464590350391
       423               3312.2   -0.363342909669499
       424               3312.3    -0.36397027133499
       425               3312.4    -0.36426220148745
       426               3312.5   -0.364150397025544
       427               3312.6   -0.363511542630771
       428               3312.7   -0.362215406103215
       429               3312.8   -0.360277905963384
       430               3312.9   -0.357970196505868
       431                 3313   -0.355746323034762
       432               3313.1   -0.354022884134599
       433               3313.2   -0.352979459763687
       434               3313.3   -0.352500389497037
       435               3313.4   -0.352250613798182
       436               3313.5   -0.351831224536607
       437               3313.6   -0.350960532078695
       438               3313.7   -0.349583390409197
       439               3313.8   -0.347810500183614
       440               3313.9    -0.34573405355734
       441                 3314   -0.343311001096586
       442               3314.1   -0.340432642899994
       443               3314.2   -0.337085344341199
       444               3314.3   -0.333429641813606
       445               3314.4   -0.329751177664507
       446               3314.5   -0.326361827402148
       447               3314.6   -0.323509410250097
       448               3314.7   -0.321285754555188
       449               3314.8   -0.319548798439325
       450               3314.9   -0.317951631622378
       451                 3315   -0.316130658055439
       452               3315.1   -0.313929303482406
       453               3315.2   -0.311446708842621
       454               3315.3   -0.308864863908782
       455               3315.4   -0.306242447526761
       456               3315.5   -0.303470538338611
       457               3315.6   -0.300379966587114
       458               3315.7   -0.296860692033919
       459               3315.8   -0.292919093797199
       460               3315.9   -0.288685766526434
       461                 3316   -0.284368815065997
       462               3316.1   -0.280135157628881
       463               3316.2   -0.275990149244564
       464               3316.3   -0.271787838446543
       465               3316.4   -0.267392650199869
       466               3316.5   -0.262827874425096
       467               3316.6   -0.258231300718826
       468               3316.7   -0.253647197338595
       469               3316.8   -0.248881715829644
       470               3316.9   -0.243593812649081
       471                 3317    -0.23754382978607
       472               3317.1   -0.230765599804684
       473               3317.2   -0.223521648378401
       474               3317.3   -0.216102763208681
       475               3317.4   -0.208632805668113
       476               3317.5   -0.201002642502377
       477               3317.6   -0.192963868904614
       478               3317.7   -0.184313599807393
       479               3317.8   -0.175037815218281
       480               3317.9   -0.165315342736394
       481                 3318   -0.155399651325604
       482               3318.1   -0.145473973520751
       483               3318.2   -0.135558985199097
       484               3318.3   -0.125506355360211
       485               3318.4   -0.115084036433492
       486               3318.5    -0.10411465706442
       487               3318.6  -0.0925697921087911
       488               3318.7  -0.0805393289013477
       489               3318.8  -0.0681108282387058
       490               3318.9  -0.0552846413120167
       491                 3319  -0.0420057611392988
       492               3319.1   -0.028272641786995
       493               3319.2   -0.014219139516964
       494               3319.3 -9.43564647805152e-05
       495               3319.4   0.0138589118084727
       496               3319.5   0.0275493075036503
       497               3319.6   0.0411062783666356
       498               3319.7   0.0548423604103713
       499               3319.8   0.0691575496843342
       500               3319.9   0.0844282523663814
       501                 3320    0.100878217518477
       502               3320.1    0.118456207923728
       503               3320.2    0.136805582237843
       504               3320.3     0.15537903065214
       505               3320.4    0.173640354108852
       506               3320.5    0.191235196723317
       507               3320.6    0.208053684607541
       508               3320.7    0.224186736379509
       509               3320.8    0.239834570420968
       510               3320.9    0.255235331579639
       511                 3321    0.270630796355792
       512               3321.1    0.286218410815061
       513               3321.2    0.302045647862128
       514               3321.3    0.317891291277501
       515               3321.4    0.333239029798973
       516               3321.5    0.347405364655976
       517               3321.6    0.359780103789694
       518               3321.7    0.370055212222771
       519               3321.8    0.378308153176809
       520               3321.9    0.384888246876332
       521                 3322    0.390181030134405
       522               3322.1    0.394390031164651
       523               3322.2    0.397436759667578
       524               3322.3    0.399007625771149
       525               3322.4    0.398723136595606
       526               3322.5    0.396347837204696
       527               3322.6    0.391918423478876
       528               3322.7    0.385718864229335
       529               3322.8    0.378149831820604
       530               3322.9    0.369589675223156
       531                 3323    0.360287821941923
       532               3323.1    0.350282138310896
       533               3323.2    0.339357484363386
       534               3323.3     0.32709458176784
       535               3323.4    0.313027517831495
       536               3323.5    0.296860369785267
       537               3323.6    0.278646064390041
       538               3323.7    0.258833701485297
       539               3323.8     0.23814828483513
       540               3323.9    0.217353217266771
       541                 3324    0.197010444348406
       542               3324.1    0.177355519678917
       543               3324.2    0.158337297719504
       544               3324.3    0.139769721752861
       545               3324.4    0.121481530528174
       546               3324.5    0.103380702025198
       547               3324.6   0.0854408048710504
       548               3324.7   0.0676842787381055
       549               3324.8   0.0502243113975644
       550               3324.9   0.0333330790478609
       551                 3325   0.0174203845627307
       552               3325.1  0.00286016403371341
       553               3325.2  -0.0102283314021374
       554               3325.3  -0.0220577834547595
       555               3325.4  -0.0330471258110163
       556               3325.5   -0.043608460112844
       557               3325.6  -0.0539897192179554
       558               3325.7  -0.0642183071870297
       559               3325.8  -0.0741243418362315
       560               3325.9  -0.0834295508372568
       561                 3326  -0.0918829635263801
       562               3326.1  -0.0993715379333507
       563               3326.2   -0.105917732949204
       564               3326.3    -0.11156500774581
       565               3326.4   -0.116266387671122
       566               3326.5   -0.119892493685189
       567               3326.6   -0.122361200487638
       568               3326.7   -0.123789349047344
       569               3326.8   -0.124550198966644
       570               3326.9   -0.125160854554966
       571                 3327   -0.126017077913641
       572               3327.1   -0.127138469821664
       573               3327.2   -0.128152275713689
       574               3327.3   -0.128577392861703
       575               3327.4   -0.128185240657346
       576               3327.5   -0.127127287926657
       577               3327.6   -0.125740835306212
       578               3327.7   -0.124234979124387
       579               3327.8   -0.122536476673997
       580               3327.9   -0.120404966597362
       581                 3328   -0.117684188721658
       582               3328.1    -0.11445144341796
       583               3328.2   -0.110948433011133
       584               3328.3   -0.107394837703338
       585               3328.4   -0.103873332811791
       586               3328.5   -0.100361793281896
       587               3328.6  -0.0968287643169053
       588               3328.7  -0.0932720550739914
       589               3328.8  -0.0896802701592973
       590               3328.9   -0.086011331801508
       591                 3329  -0.0822758234441374
       592               3329.1  -0.0786753631396915
       593               3329.2  -0.0756363064785085
       594               3329.3  -0.0736524860145106
       595               3329.4  -0.0730387396919189
       596               3329.5  -0.0737834307423285
       597               3329.6  -0.0755948182590002
       598               3329.7  -0.0780888646919829
       599               3329.8  -0.0809960124588755
       600               3329.9  -0.0842876760928908
       601                 3330   -0.088192827789125
       602               3330.1  -0.0931303776940078
       603               3330.2  -0.0995842054538048
       604               3330.3   -0.107938228217631
       605               3330.4   -0.118340033218741
       606               3330.5   -0.130713847788586
       607               3330.6   -0.144956828668307
       608               3330.7   -0.161164609996842
       609               3330.8   -0.179675645975058
       610               3330.9   -0.200900815306109
       611                 3331   -0.225115338972902
       612               3331.1   -0.252393487241378
       613               3331.2   -0.282686194805635
       614               3331.3   -0.315906040353505
       615               3331.4   -0.351931497227874
       616               3331.5    -0.39058115484171
       617               3331.6   -0.431659946322678
       618               3331.7    -0.47508752237256
       619               3331.8    -0.52099186634924
       620               3331.9   -0.569634284543239
       621                 3332   -0.621165939225771
       622               3332.1   -0.675389682869148
       623               3332.2   -0.731734397392647
       624               3332.3   -0.789477828315205
       625               3332.4   -0.848034108235112
       626               3332.5    -0.90708107845938
       627               3332.6   -0.966470739968198
       628               3332.7    -1.02604372557241
       629               3332.8    -1.08548392988928
       630               3332.9    -1.14425326543583
       631                 3333    -1.20159122142964
       632               3333.1    -1.25658280636361
       633               3333.2    -1.30830552709851
       634               3333.3    -1.35601708170912
       635               3333.4    -1.39929097574367
       636               3333.5    -1.43800935058955
       637               3333.6    -1.47219814001195
       638               3333.7    -1.50180666258846
       639               3333.8     -1.5266015207333
       640               3333.9    -1.54626846327086
       641                 3334    -1.56062902183985
       642               3334.1    -1.56976702989915
       643               3334.2    -1.57396126960857
       644               3334.3    -1.57352541476297
       645               3334.4    -1.56872209020511
       646               3334.5    -1.55978654475045
       647               3334.6    -1.54696509301868
       648               3334.7    -1.53050176870754
       649               3334.8    -1.51060614889482
       650               3334.9    -1.48745428498209
       651                 3335    -1.46122067743735
       652               3335.1    -1.43211071420157
       653               3335.2    -1.40038619102953
       654               3335.3    -1.36640015692582
       655               3335.4    -1.33063238015096
       656               3335.5    -1.29365999593347
       657               3335.6    -1.25600533214303
       658               3335.7    -1.21792845484945
       659               3335.8    -1.17934849611498
       660               3335.9    -1.14000617132162
       661                 3336    -1.09976000798548
       662               3336.1    -1.05877560915357
       663               3336.2    -1.01745810300251
       664               3336.3   -0.976197797779616
       665               3336.4   -0.935149871149887
       666               3336.5    -0.89422467979981
       667               3336.6   -0.853269148070561
       668               3336.7   -0.812255723979415
       669               3336.8   -0.771314478598953
       670               3336.9   -0.730608533112241
       671                 3337   -0.690192237640393
       672               3337.1   -0.649985535273218
       673               3337.2   -0.609873529310994
       674               3337.3   -0.569821419067677
       675               3337.4   -0.529891016191983
       676               3337.5   -0.490155214776139
       677               3337.6   -0.450613656332228
       678               3337.7   -0.411198724292706
       679               3337.8   -0.371842270344895
       680               3337.9   -0.332492940304361
       681                 3338   -0.293040967657969
       682               3338.1   -0.253251773838965
       683               3338.2   -0.212838991995195
       684               3338.3   -0.171652716614571
       685               3338.4    -0.12980084366544
       686               3338.5  -0.0875673940530987
       687               3338.6  -0.0451915774426013
       688               3338.7 -0.00269482575864287
       689               3338.8   0.0401206130353836
       690               3338.9   0.0835315351778829
       691                 3339    0.127739264109563
       692               3339.1    0.172809523748287
       693               3339.2    0.218722282700897
       694               3339.3    0.265468296076098
       695               3339.4     0.31312380445961
       696               3339.5     0.36187916613869
       697               3339.6    0.412024894697317
       698               3339.7    0.463894015908574
       699               3339.8    0.517767833355596
       700               3339.9    0.573790859798629
       701                 3340    0.631961881290896
       702               3340.1    0.692231739740076
       703               3340.2    0.754667749413277
       704               3340.3    0.819585799839206
       705               3340.4    0.887536138663917
       706               3340.5    0.959093921988663
       707               3340.6     1.03456140488901
       708               3340.7      1.1138260161592
       709               3340.8     1.19654782746436
       710               3340.9     1.28255201456623
       711                 3341     1.37206496870806
       712               3341.1     1.46555326319343
       713               3341.2     1.56329699241893
       714               3341.3     1.66504600099803
       715               3341.4     1.76997668387545
       716               3341.5     1.87689633206409
       717               3341.6     1.98449205878401
       718               3341.7     2.09142811277746
       719               3341.8     2.19620044353007
       720               3341.9     2.29684703282997
       721                 3342     2.39078672486491
       722               3342.1     2.47499811479729
       723               3342.2     2.54643093765953
       724               3342.3     2.60231118706538
       725               3342.4     2.64015472768437
       726               3342.5     2.65764200788854
       727               3342.6     2.65260219916693
       728               3342.7     2.62315447176131
       729               3342.8     2.56787826976532
       730               3342.9      2.4859223878044
       731                 3343      2.3770749405849
       732               3343.1      2.2418262411471
       733               3343.2     2.08139257999987
       734               3343.3     1.89766230841212
       735               3343.4     1.69309708131931
       736               3343.5     1.47066081267577
       737               3343.6      1.2337879559829
       738               3343.7    0.986315957849561
       739               3343.8    0.732306273452466
       740               3343.9    0.475770698200461
       741                 3344    0.220416418581542
       742               3344.1  -0.0304622298868875
       743               3344.2    -0.27391452400439
       744               3344.3   -0.507210831815976
       745               3344.4   -0.727862321744583
       746               3344.5   -0.933850090575721
       747               3344.6    -1.12388827979619
       748               3344.7    -1.29745317329808
       749               3344.8    -1.45451133468436
       750               3344.9    -1.59517492679388
       751                 3345    -1.71956831924727
       752               3345.1    -1.82795356693412
       753               3345.2    -1.92091719215314
       754               3345.3    -1.99942025762277
       755               3345.4     -2.0646970701819
       756               3345.5    -2.11811157108438
       757               3345.6    -2.16103514608329
       758               3345.7    -2.19472171031043
       759               3345.8    -2.22017869554848
       760               3345.9    -2.23811791732011
       761                 3346    -2.24905087811964
       762               3346.1    -2.25345774958747
       763               3346.2    -2.25188578233836
       764               3346.3     -2.2449202298044
       765               3346.4    -2.23310174429802
       766               3346.5    -2.21689002621865
       767               3346.6    -2.19669843286967
       768               3346.7    -2.17294844830798
       769               3346.8     -2.1460835712951
       770               3346.9     -2.1165370511798
       771                 3347    -2.08470276806536
       772               3347.1    -2.05093802190971
       773               3347.2    -2.01555554865951
       774               3347.3    -1.97875959986674
       775               3347.4    -1.94057599786896
       776               3347.5    -1.90088164535383
       777               3347.6    -1.85955172407172
       778               3347.7    -1.81660731582892
       779               3347.8    -1.77222950325524
       780               3347.9    -1.72663325580862
       781                 3348    -1.67992730701538
       782               3348.1    -1.63208708390872
       783               3348.2     -1.5830482137601
       784               3348.3     -1.5328220516338
       785               3348.4     -1.4815378044128
       786               3348.5    -1.42939955305395
       787               3348.6    -1.37662279303493
       788               3348.7    -1.32341829979279
       789               3348.8    -1.27001415745197
       790               3348.9    -1.21663474702195
       791                 3349    -1.16340507569942
       792               3349.1    -1.11028234681605
       793               3349.2    -1.05713164677948
       794               3349.3    -1.00389605444382
       795               3349.4   -0.950689375678512
       796               3349.5   -0.897743323769313
       797               3349.6   -0.845311474501754
       798               3349.7   -0.793629559227789
       799               3349.8   -0.742905378932852
       800               3349.9   -0.693276381146017
       801                 3350   -0.644761041083893
       802               3350.1   -0.597288033772899
       803               3350.2   -0.550824003390022
       804               3350.3   -0.505507959131303
       805               3350.4   -0.461667780642033
       806               3350.5   -0.419690116151248
       807               3350.6   -0.379849165159756
       808               3350.7    -0.34223717571561
       809               3350.8   -0.306851094029782
       810               3350.9    -0.27376563568315
       811                 3351   -0.243256565216476
       812               3351.1   -0.215765906750337
       813               3351.2   -0.191713718117529
       814               3351.3   -0.171292424926987
       815               3351.4    -0.15441681568776
       816               3351.5   -0.140884844177444
       817               3351.6   -0.130616576412446
       818               3351.7   -0.123761126248837
       819               3351.8   -0.120582585167226
       820               3351.9   -0.121236017482485
       821                 3352   -0.125624677196934
       822               3352.1   -0.133436868271431
       823               3352.2   -0.144310601550526
       824               3352.3   -0.157986508140844
       825               3352.4   -0.174325730937286
       826               3352.5   -0.193182380546348
       827               3352.6   -0.214259253447664
       828               3352.7   -0.237104584199483
       829               3352.8   -0.261269322492147
       830               3352.9   -0.286476948262065
       831                 3353    -0.31264603875764
       832               3353.1   -0.339749401150249
       833               3353.2   -0.367628668549323
       834               3353.3   -0.395896078081374
       835               3353.4   -0.423977301513558
       836               3353.5   -0.451265740672311
       837               3353.6   -0.477307715839482
       838               3353.7   -0.501917832129113
       839               3353.8   -0.525151672405678
       840               3353.9   -0.547160116993193
       841                 3354   -0.568052398042856
       842               3354.1   -0.587875904683619
       843               3354.2   -0.606677174376945
       844               3354.3   -0.624522078749375
       845               3354.4   -0.641437594162953
       846               3354.5   -0.657353043704555
       847               3354.6   -0.672099079324751
       848               3354.7   -0.685442589660629
       849               3354.8   -0.697147032801539
       850               3354.9   -0.707090171982146
       851                 3355   -0.715397024143716
       852               3355.1   -0.722435347472992
       853               3355.2   -0.728596260440217
       854               3355.3    -0.73402104619336
       855               3355.4   -0.738534081666051
       856               3355.5   -0.741842069562157
       857               3355.6     -0.7437937568732
       858               3355.7   -0.744476805199513
       859               3355.8   -0.744143740417499
       860               3355.9   -0.743116025877559
       861                 3356   -0.741747041505368
       862               3356.1   -0.740378449109144
       863               3356.2   -0.739228946371102
       864               3356.3   -0.738295724073653
       865               3356.4   -0.737396745786099
       866               3356.5   -0.736338458503861
       867               3356.6   -0.735047442901974
       868               3356.7   -0.733548870793278
       869               3356.8   -0.731840455676822
       870               3356.9   -0.729805879361949
       871                 3357   -0.727268800741009
       872               3357.1   -0.724162065284025
       873               3357.2   -0.720662496360437
       874               3357.3   -0.717133288025322
       875               3357.4   -0.713884308989475
       876               3357.5   -0.710961482092712
       877               3357.6   -0.708161728396983
       878               3357.7   -0.705225907739677
       879               3357.8   -0.701983547021489
       880               3357.9   -0.698334662259328
       881                 3358   -0.694192011598013
       882               3358.1   -0.689540185153298
       883               3358.2   -0.684559877009285
       884               3358.3   -0.679619159662515
       885               3358.4   -0.675059949201283
       886               3358.5   -0.670950003110529
       887               3358.6   -0.667036824448351
       888               3358.7   -0.662961934451482
       889               3358.8   -0.658558404744555
       890               3358.9   -0.653978157764292
       891                 3359   -0.649542635333515
       892               3359.1   -0.645454176061979
       893               3359.2   -0.641625280133153
       894               3359.3   -0.637761521470338
       895               3359.4   -0.633592673728672
       896               3359.5    -0.62903508228068
       897               3359.6   -0.624184493105024
       898               3359.7   -0.619219138067928
       899               3359.8   -0.614331630895336
       900               3359.9   -0.609709299833968
       901                 3360   -0.605508903780403
       902               3360.1   -0.601804855215112
       903               3360.2   -0.598553238445064
       904               3360.3   -0.595611181913271
       905               3360.4   -0.592792940443402
       906               3360.5   -0.589916359750215
       907               3360.6    -0.58683505277568
       908               3360.7   -0.583491423307451
       909               3360.8    -0.57997960145212
       910               3360.9   -0.576530799499955
       911                 3361   -0.573374619137061
       912               3361.1   -0.570584276193921
       913               3361.2   -0.568068866623425
       914               3361.3   -0.565714032315148
       915               3361.4   -0.563488437946133
       916               3361.5   -0.561381369555709
       917               3361.6   -0.559265280768456
       918               3361.7   -0.556894009848304
       919               3361.8   -0.554099562489084
       920               3361.9   -0.551003835139404
       921                 3362   -0.547999923136158
       922               3362.1   -0.545467246451093
       923               3362.2   -0.543460198011834
       924               3362.3   -0.541661605775578
       925               3362.4   -0.539648815577603
       926               3362.5   -0.537221671908493
       927               3362.6   -0.534500095127436
       928               3362.7   -0.531751225089305
       929               3362.8   -0.529162550574886
       930               3362.9   -0.526767168263827
       931                 3363   -0.524516182024013
       932               3363.1    -0.52235887930145
       933               3363.2   -0.520255754842177
       934               3363.3   -0.518174399948506
       935               3363.4   -0.516132643052875
       936               3363.5   -0.514257833211745
       937               3363.6   -0.512764514660866
       938               3363.7   -0.511814954159923
       939               3363.8   -0.511357445875195
       940               3363.9   -0.511084791842232
       941                 3364   -0.510566090691086
       942               3364.1   -0.509474824273875
       943               3364.2    -0.50777127051714
       944               3364.3   -0.505720360987705
       945               3364.4    -0.50372075946835
       946               3364.5   -0.502049051561482
       947               3364.6   -0.500695751836352
       948               3364.7   -0.499410171785588
       949               3364.8   -0.497915635030922
       950               3364.9   -0.496131872669512
       951                 3365   -0.494244226486736
       952               3365.1    -0.49258200828306
       953               3365.2   -0.491410637403216
       954               3365.3   -0.490785452844332
       955               3365.4   -0.490534370923901
       956               3365.5   -0.490335992150582
       957               3365.6   -0.489842515048158
       958               3365.7   -0.488826472522998
       959               3365.8   -0.487307751423054
       960               3365.9    -0.48556589889112
       961                 3366   -0.483988134406382
       962               3366.1    -0.48285277935148
       963               3366.2   -0.482223718915844
       964               3366.3    -0.48201137943086
       965               3366.4    -0.48207721231913
       966               3366.5   -0.482253972345907
       967               3366.6    -0.48232075889701
       968               3366.7   -0.482065745130164
       969               3366.8   -0.481448216517548
       970               3366.9   -0.480698716221485
       971                 3367   -0.480217195996913
       972               3367.1   -0.480333697264566
       973               3367.2   -0.481132116561616
       974               3367.3   -0.482450172096083
       975               3367.4   -0.483992235888096
       976               3367.5   -0.485441512422408
       977               3367.6   -0.486540576686302
       978               3367.7   -0.487161954756628
       979               3367.8   -0.487350298831479
       980               3367.9    -0.48729407797413
       981                 3368   -0.487246957349194
       982               3368.1   -0.487466124952483
       983               3368.2    -0.48817389135629
       984               3368.3   -0.489481725184847
       985               3368.4   -0.491284632212826
       986               3368.5   -0.493256092352779
       987               3368.6   -0.495034468064816
       988               3368.7   -0.496483195505081
       989               3368.8   -0.497780946545259
       990               3368.9   -0.499237023608394
       991                 3369   -0.501001207367218
       992               3369.1   -0.502949141004778
       993               3369.2   -0.504846122812796
       994               3369.3   -0.506609793835482
       995               3369.4   -0.508405619447209
       996               3369.5   -0.510499641240871
       997               3369.6   -0.513036059886341
       998               3369.7   -0.515943158987018
       999               3369.8   -0.519007003636189
      1000               3369.9   -0.522014229626941
      1001                 3370   -0.524877650192781
      1002               3370.1   -0.527711301328996
      1003               3370.2   -0.530806370090286
      1004               3370.3   -0.534466396486322
      1005               3370.4   -0.538785349674623
      1006               3370.5   -0.543558295107728
      1007               3370.6   -0.548414808598355
      1008               3370.7   -0.553050958358945
      1009               3370.8   -0.557366746308178
      1010               3370.9   -0.561444243186109
      1011                 3371    -0.56543879040168
      1012               3371.1   -0.569476507415591
      1013               3371.2   -0.573607541168205
      1014               3371.3   -0.577819898030467
      1015               3371.4   -0.582075382899043
      1016               3371.5   -0.586314059642007
      1017               3371.6   -0.590426986578334
      1018               3371.7   -0.594264402917944
      1019               3371.8   -0.597723845005664
      1020               3371.9   -0.600861259070297
      1021                 3372   -0.603917928503251
      1022               3372.1   -0.607226105367194
      1023               3372.2   -0.611063531918709
      1024               3372.3    -0.61554928849535
      1025               3372.4   -0.620604567460537
      1026               3372.5   -0.625953603786529
      1027               3372.6   -0.631175989292215
      1028               3372.7    -0.63584973722838
      1029               3372.8   -0.639742209321078
      1030               3372.9   -0.642901319793563
      1031                 3373   -0.645550660622497
      1032               3373.1   -0.647883247951599
      1033               3373.2   -0.649955353155874
      1034               3373.3   -0.651770743526608
      1035               3373.4   -0.653444935800243
      1036               3373.5   -0.655263749425684
      1037               3373.6   -0.657557505002795
      1038               3373.7   -0.660483454835742
      1039               3373.8   -0.663896774884607
      1040               3373.9   -0.667422015793235
      1041                 3374   -0.670654749040462
      1042               3374.1    -0.67329402343271
      1043               3374.2   -0.675095296610029
      1044               3374.3   -0.675770077862839
      1045               3374.4   -0.675045792412458
      1046               3374.5   -0.672894710742638
      1047               3374.6   -0.669693660219561
      1048               3374.7   -0.666109652430242
      1049               3374.8    -0.66278232784862
      1050               3374.9   -0.660066805115599
      1051                 3375   -0.658016317583872
      1052               3375.1   -0.656542379956907
      1053               3375.2   -0.655543446715389
      1054               3375.3   -0.654874056483382
      1055               3375.4   -0.654240474574528
      1056               3375.5   -0.653220455442512
      1057               3375.6   -0.651472985918326
      1058               3375.7   -0.648964064077896
      1059               3375.8   -0.645979768954048
      1060               3375.9   -0.642915133763497
      1061                 3376   -0.640050742606574
      1062               3376.1   -0.637488030157459
      1063               3376.2   -0.635207154830317
      1064               3376.3   -0.633123917244612
      1065               3376.4   -0.631103449871066
      1066               3376.5   -0.628963639926054
      1067               3376.6   -0.626494901534165
      1068               3376.7   -0.623504317537066
      1069               3376.8    -0.61988495652707
      1070               3376.9   -0.615681259641417
      1071                 3377   -0.611095115695331
      1072               3377.1    -0.60640934141471
      1073               3377.2   -0.601873062170755
      1074               3377.3   -0.597623135719011
      1075               3377.4   -0.593680704085488
      1076               3377.5   -0.590003646937959
      1077               3377.6   -0.586547136217315
      1078               3377.7   -0.583294184971891
      1079               3377.8   -0.580238124285584
      1080               3377.9   -0.577326079939911
      1081                 3378   -0.574422273614721
      1082               3378.1   -0.571369100317665
      1083               3378.2   -0.568130078833304
      1084               3378.3   -0.564865839121789
      1085               3378.4   -0.561824838090961
      1086               3378.5   -0.559137414497349
      1087               3378.6   -0.556719681669595
      1088               3378.7   -0.554358697157183
      1089               3378.8   -0.551859594334785
      1090               3378.9   -0.549136084413075
      1091                 3379   -0.546244705790257
      1092               3379.1   -0.543383813615281
      1093               3379.2   -0.540819572989206
      1094               3379.3   -0.538738536327384
      1095               3379.4   -0.537137981258389
      1096               3379.5   -0.535857205974962
      1097               3379.6   -0.534704694190811
      1098               3379.7   -0.533543582642754
      1099               3379.8   -0.532267312702561
      1100               3379.9   -0.530724273580249
      1101                 3380   -0.528703530665752
      1102               3380.1   -0.526037477836716
      1103               3380.2    -0.52275160505266
      1104               3380.3   -0.519113631210991
      1105               3380.4   -0.515519066232093
      1106               3380.5   -0.512320926210835
      1107               3380.6   -0.509746340562552
      1108               3380.7   -0.507904043775903
      1109               3380.8   -0.506789779898467
      1110               3380.9   -0.506264140053951
      1111                 3381   -0.506064571474074
      1112               3381.1   -0.505882053635987
      1113               3381.2   -0.505458839836664
      1114               3381.3   -0.504657037890423
      1115               3381.4   -0.503479179704728
      1116               3381.5   -0.502032650005889
      1117               3381.6   -0.500444014500453
      1118               3381.7   -0.498767317546639
      1119               3381.8    -0.49694571886706
      1120               3381.9   -0.494850402770874
      1121                 3382   -0.492371877790589
      1122               3382.1   -0.489511259152305
      1123               3382.2   -0.486415280282233
      1124               3382.3   -0.483326783253816
      1125               3382.4   -0.480481162490826
      1126               3382.5   -0.478019611203473
      1127               3382.6   -0.475967710376068
      1128               3382.7   -0.474271889374762
      1129               3382.8    -0.47285472400314
      1130               3382.9   -0.471655015351781
      1131                 3383   -0.470639670219855
      1132               3383.1   -0.469795639250922
      1133               3383.2   -0.469114910021614
      1134               3383.3   -0.468571507371086
      1135               3383.4   -0.468090570575611
      1136               3383.5   -0.467540040861627
      1137               3383.6   -0.466782276736842
      1138               3383.7   -0.465767053732454
      1139               3383.8   -0.464585604326489
      1140               3383.9   -0.463419332866953
      1141                 3384   -0.462405325443753
      1142               3384.1   -0.461524750622554
      1143               3384.2   -0.460617155620922
      1144               3384.3   -0.459518659740946
      1145               3384.4   -0.458208081646777
      1146               3384.5   -0.456847979539957
      1147               3384.6   -0.455720397371887
      1148               3384.7   -0.455129230082635
      1149               3384.8   -0.455298870538948
      1150               3384.9   -0.456259173743106
      1151                 3385      -0.457767970539
      1152               3385.1   -0.459375406870268
      1153               3385.2   -0.460639738398303
      1154               3385.3   -0.461345184446302
      1155               3385.4   -0.461550869533224
      1156               3385.5   -0.461447711599404
      1157               3385.6   -0.461156565620933
      1158               3385.7   -0.460630217097818
      1159               3385.8   -0.459726207977572
      1160               3385.9   -0.458379195623356
      1161                 3386   -0.456720337900267
      1162               3386.1   -0.455039849464557
      1163               3386.2   -0.453634392318325
      1164               3386.3   -0.452676805675841
      1165               3386.4   -0.452187761331541
      1166               3386.5   -0.452061501704352
      1167               3386.6   -0.452075261562058
      1168               3386.7   -0.451915080075333
      1169               3386.8   -0.451305535783012
      1170               3386.9   -0.450217501287728
      1171                 3387   -0.448973419518954
      1172               3387.1   -0.448095885277694
      1173               3387.2   -0.447970357110817
      1174               3387.3   -0.448585162656645
      1175               3387.4   -0.449555365509482
      1176               3387.5   -0.450381205796631
      1177               3387.6   -0.450702326142372
      1178               3387.7   -0.450373254804632
      1179               3387.8   -0.449403171699546
      1180               3387.9   -0.447911940550658
      1181                 3388   -0.446153482613603
      1182               3388.1   -0.444513836770186
      1183               3388.2   -0.443396802536577
      1184               3388.3   -0.443042486149267
      1185               3388.4   -0.443417240453341
      1186               3388.5   -0.444266154550818
      1187               3388.6   -0.445275722367099
      1188               3388.7   -0.446199497563968
      1189               3388.8   -0.446866923020354
      1190               3388.9   -0.447145299814852
      1191                 3389   -0.446950848853341
      1192               3389.1   -0.446283287626974
      1193               3389.2   -0.445203090721024
      1194               3389.3   -0.443776822799526
      1195               3389.4   -0.442092945211969
      1196               3389.5   -0.440348659773444
      1197               3389.6   -0.438873370599614
      1198               3389.7   -0.437994599984055
      1199               3389.8   -0.437831509939785
      1200               3389.9   -0.438205069130129
      1201                 3390   -0.438761239393275
      1202               3390.1   -0.439208358652967
      1203               3390.2    -0.43947253779372
      1204               3390.3    -0.43966895508519
      1205               3390.4   -0.439954958071679
      1206               3390.5   -0.440393890408229
      1207               3390.6   -0.440898192041641
      1208               3390.7   -0.441255744090421
      1209               3390.8   -0.441227910222716
      1210               3390.9   -0.440686329619629
      1211                 3391   -0.439710052127786
      1212               3391.1   -0.438564235087427
      1213               3391.2   -0.437564409067851
      1214               3391.3   -0.436922183532897
      1215               3391.4   -0.436668592296031
      1216               3391.5   -0.436670240311855
      1217               3391.6   -0.436701494021295
      1218               3391.7   -0.436557321406601
      1219               3391.8   -0.436191807356882
      1220               3391.9   -0.435787763721506
      1221                 3392   -0.435633902494377
      1222               3392.1   -0.435849363504125
      1223               3392.2   -0.436212127588393
      1224               3392.3   -0.436306962662101
      1225               3392.4   -0.435879341866028
      1226               3392.5   -0.435037020241234
      1227               3392.6   -0.434092329940435
      1228               3392.7    -0.43322057555939
      1229               3392.8     -0.4322956403772
      1230               3392.9   -0.431076028451287
      1231                 3393   -0.429568986724155
      1232               3393.1   -0.428220826728701
      1233               3393.2   -0.427714365484354
      1234               3393.3   -0.428495593785502
      1235               3393.4   -0.430415453144092
      1236               3393.5   -0.432795141355917
      1237               3393.6   -0.434849332971975
      1238               3393.7   -0.436106118090451
      1239               3393.8   -0.436534692046198
      1240               3393.9   -0.436387232130108
      1241                 3394   -0.435940545252483
      1242               3394.1   -0.435303114182824
      1243               3394.2   -0.434383529740857
      1244               3394.3   -0.433044291118775
      1245               3394.4   -0.431332598471415
      1246               3394.5   -0.429574662897881
      1247               3394.6   -0.428215140868632
      1248               3394.7   -0.427529423416735
      1249               3394.8   -0.427465810481211
      1250               3394.9   -0.427742428173187
      1251                 3395   -0.428081622548825
      1252               3395.1   -0.428363928777584
      1253               3395.2   -0.428603945103646
      1254               3395.3   -0.428841152083088
      1255               3395.4   -0.429094344772737
      1256               3395.5   -0.429409303080925
      1257               3395.6   -0.429894919556585
      1258               3395.7   -0.430653987690497
      1259               3395.8   -0.431647235376606
      1260               3395.9   -0.432624418465118
      1261                 3396   -0.433215415051408
      1262               3396.1   -0.433143724537296
      1263               3396.2   -0.432417329953064
      1264               3396.3   -0.431349074147314
      1265               3396.4   -0.430372021090522
      1266               3396.5   -0.429769980816148
      1267               3396.6   -0.429511027230954
      1268               3396.7   -0.429288823736439
      1269               3396.8    -0.42872424468018
      1270               3396.9   -0.427592989396179
      1271                 3397   -0.425962260767928
      1272               3397.1   -0.424179767544091
      1273               3397.2   -0.422715052888718
      1274               3397.3   -0.421918169537921
      1275               3397.4   -0.421828824688399
      1276               3397.5   -0.422170962374949
      1277               3397.6   -0.422550894648943
      1278               3397.7   -0.422714404598104
      1279               3397.8   -0.422667274608331
      1280               3397.9   -0.422588319920503
      1281                 3398   -0.422644568439334
      1282               3398.1   -0.422880082687127
      1283               3398.2    -0.42324938970675
      1284               3398.3   -0.423718877122882
      1285               3398.4   -0.424310879977571
      1286               3398.5   -0.425052585148256
      1287               3398.6   -0.425908380244948
      1288               3398.7   -0.426780933535204
      1289               3398.8   -0.427560898078623
      1290               3398.9   -0.428137715548308
      1291                 3399   -0.428358362222317
      1292               3399.1   -0.428035593112671
      1293               3399.2   -0.427082552060322
      1294               3399.3   -0.425687953978143
      1295               3399.4   -0.424345094756076
      1296               3399.5   -0.423643602100001
      1297               3399.6   -0.423931126931209
      1298               3399.7   -0.425071461439897
      1299               3399.8   -0.426483670727286
      1300               3399.9   -0.427470438914562
      1301                 3400   -0.427631608057425
      1302               3400.1   -0.427073094273445
      1303               3400.2   -0.426267814468915
      1304               3400.3   -0.425696517885693
      1305               3400.4   -0.425550068838938
      1306               3400.5   -0.425689605874303
      1307               3400.6   -0.425839177850821
      1308               3400.7   -0.425821291914308
      1309               3400.8   -0.425657198256331
      1310               3400.9   -0.425501665567924
      1311                 3401   -0.425510237059142
      1312               3401.1   -0.425735997351568
      1313               3401.2   -0.426084633012611
      1314               3401.3   -0.426337076198977
      1315               3401.4   -0.426255033291196
      1316               3401.5   -0.425728059442834
      1317               3401.6   -0.424856011517139
      1318               3401.7   -0.423906843473005
      1319               3401.8   -0.423197567419589
      1320               3401.9   -0.422973620945553
      1321                 3402   -0.423319188410011
      1322               3402.1     -0.4241216213498
      1323               3402.2   -0.425119496090456
      1324               3402.3   -0.426018268039665
      1325               3402.4   -0.426611924723257
      1326               3402.5    -0.42686688231902
      1327               3402.6   -0.426941914635581
      1328               3402.7   -0.427097062271916
      1329               3402.8   -0.427488703206393
      1330               3402.9   -0.427988127254695
      1331                 3403   -0.428215027955822
      1332               3403.1   -0.427809562901906
      1333               3403.2   -0.426730809194267
      1334               3403.3   -0.425326976982177
      1335               3403.4   -0.424118954738039
      1336               3403.5   -0.423476022528751
      1337               3403.6   -0.423431860927336
      1338               3403.7    -0.42375411985652
      1339               3403.8   -0.424173297952299
      1340               3403.9   -0.424567483240329
      1341                 3404   -0.424966822980402
      1342               3404.1    -0.42541645162336
      1343               3404.2     -0.4258588478095
      1344               3404.3   -0.426153301027938
      1345               3404.4   -0.426190564359321
      1346               3404.5   -0.425962627518369
      1347               3404.6   -0.425526273005997
      1348               3404.7    -0.42494785748234
      1349               3404.8   -0.424322011430257
      1350               3404.9    -0.42381089054586
      1351                 3405   -0.423593637513175
      1352               3405.1   -0.423756387198252
      1353               3405.2   -0.424263141843451
      1354               3405.3   -0.425034720614041
      1355               3405.4   -0.426005667291149
      1356               3405.5   -0.427078070431708
      1357               3405.6   -0.428059181435401
      1358               3405.7    -0.42870071674162
      1359               3405.8   -0.428827876998292
      1360               3405.9   -0.428442446855819
      1361                 3406   -0.427710447622427
      1362               3406.1   -0.426842768648336
      1363               3406.2   -0.425958972102983
      1364               3406.3   -0.425041192486135
      1365               3406.4    -0.42401923265396
      1366               3406.5   -0.422915631061544
      1367               3406.6   -0.421915641032711
      1368               3406.7   -0.421283148790968
      1369               3406.8   -0.421177634830465
      1370               3406.9   -0.421514235059681
      1371                 3407   -0.421973500019958
      1372               3407.1   -0.422155815762474
      1373               3407.2   -0.421780795214657
      1374               3407.3   -0.420806321538881
      1375               3407.4   -0.419402640043108
      1376               3407.5   -0.417838490325983
      1377               3407.6   -0.416402228394376
      1378               3407.7   -0.415389740901578
      1379               3407.8   -0.415054601515594
      1380               3407.9   -0.415456687913885
      1381                 3408   -0.416335848135944
      1382               3408.1   -0.417189630069794
      1383               3408.2   -0.417542777180311
      1384               3408.3   -0.417208762666237
      1385               3408.4   -0.416369854950267
      1386               3408.5   -0.415446333239135
      1387               3408.6   -0.414835495938745
      1388               3408.7   -0.414672495163127
      1389               3408.8   -0.414775973928011
      1390               3408.9   -0.414810275697028
      1391                 3409    -0.41451165717085
      1392               3409.1   -0.413807698641941
      1393               3409.2    -0.41281052372829
      1394               3409.3    -0.41176150398346
      1395               3409.4   -0.410959633007132
      1396               3409.5   -0.410660095528636
      1397               3409.6   -0.410974536898175
      1398               3409.7   -0.411847144976847
      1399               3409.8   -0.413125841117312
      1400               3409.9   -0.414651336565622
      1401                 3410    -0.41627667961988
      1402               3410.1   -0.417831211341821
      1403               3410.2   -0.419127515678009
      1404               3410.3   -0.420055109307667
      1405               3410.4   -0.420670954624504
      1406               3410.5   -0.421164800555065
      1407               3410.6   -0.421704209059795
      1408               3410.7    -0.42229925129115
      1409               3410.8   -0.422807256408384
      1410               3410.9   -0.423057448134891
      1411                 3411     -0.4229836495386
      1412               3411.1   -0.422682470969983
      1413               3411.2    -0.42237694946444
      1414               3411.3   -0.422294644301859
      1415               3411.4   -0.422512862118869
      1416               3411.5   -0.422889493338928
      1417               3411.6   -0.423166529882313
      1418               3411.7   -0.423166795849817
      1419               3411.8   -0.422892787519802
      1420               3411.9   -0.422446715146584
      1421                 3412   -0.421888148660169
      1422               3412.1   -0.421178523130619
      1423               3412.2   -0.420229269997023
      1424               3412.3   -0.418980234630469
      1425               3412.4   -0.417464361078597
      1426               3412.5   -0.415847363977972
      1427               3412.6   -0.414409474329646
      1428               3412.7   -0.413445646297011
      1429               3412.8   -0.413134727639298
      1430               3412.9   -0.413467485314556
      1431                 3413   -0.414267767033302
      1432               3413.1   -0.415266759720941
      1433               3413.2    -0.41617768691653
      1434               3413.3   -0.416750670410402
      1435               3413.4   -0.416816258292355
      1436               3413.5   -0.416330244038106
      1437               3413.6   -0.415407495912259
      1438               3413.7   -0.414303720849953
      1439               3413.8   -0.413323368151716
      1440               3413.9    -0.41269815270744
      1441                 3414   -0.412514668784447
      1442               3414.1   -0.412725592831005
      1443               3414.2   -0.413216161923682
      1444               3414.3   -0.413881164764386
      1445               3414.4   -0.414675611390769
      1446               3414.5   -0.415602236243506
      1447               3414.6   -0.416630096279909
      1448               3414.7   -0.417615790410612
      1449               3414.8   -0.418325481153413
      1450               3414.9   -0.418560918068151
      1451                 3415   -0.418278647622413
      1452               3415.1   -0.417602936816565
      1453               3415.2   -0.416743477145869
      1454               3415.3   -0.415899025174428
      1455               3415.4   -0.415206910717183
      1456               3415.5   -0.414743364488569
      1457               3415.6   -0.414542694533452
      1458               3415.7   -0.414601266310448
      1459               3415.8   -0.414865769274895
      1460               3415.9    -0.41523717425472
      1461                 3416   -0.415603197668769
      1462               3416.1   -0.415865878283613
      1463               3416.2   -0.415934223067231
      1464               3416.3   -0.415713573415537
      1465               3416.4   -0.415152724925862
      1466               3416.5   -0.414341869476112
      1467               3416.6   -0.413556350511271
      1468               3416.7   -0.413146440576127
      1469               3416.8   -0.413313688776541
      1470               3416.9   -0.413954105220223
      1471                 3417   -0.414718833373199
      1472               3417.1   -0.415248907568531
      1473               3417.2   -0.415386374011133
      1474               3417.3   -0.415215324349714
      1475               3417.4   -0.414957902330578
      1476               3417.5   -0.414836607446495
      1477               3417.6   -0.414973054601941
      1478               3417.7   -0.415341769002086
      1479               3417.8   -0.415787902271083
      1480               3417.9   -0.416103092196312
      1481                 3418   -0.416125373971163
      1482               3418.1   -0.415822342638324
      1483               3418.2   -0.415326349815973
      1484               3418.3   -0.414896292905743
      1485               3418.4   -0.414803197364112
      1486               3418.5    -0.41519138652515
      1487               3418.6   -0.416007840207273
      1488               3418.7   -0.417056763567661
      1489               3418.8    -0.41813418338907
      1490               3418.9   -0.419126557898635
      1491                 3419   -0.420000355723129
      1492               3419.1   -0.420722372558715
      1493               3419.2   -0.421209725907841
      1494               3419.3    -0.42136378134725
      1495               3419.4   -0.421156178984998
      1496               3419.5   -0.420684718719913
      1497               3419.6   -0.420137674901536
      1498               3419.7   -0.419691479838706
      1499               3419.8   -0.419433459437919
      1500               3419.9   -0.419360848973835
