     index            Field [G]         Intensity []

         1                 3270   -0.395471581182303
         2               3270.1   -0.394971270060182
         3               3270.2   -0.394231203101654
         4               3270.3    -0.39341793569716
         5               3270.4   -0.392819666830706
         6               3270.5   -0.392698200592825
         7               3270.6   -0.393077809286687
         8               3270.7   -0.393677575049048
         9               3270.8   -0.394078974175273
        10               3270.9   -0.393979538369906
        11                 3271   -0.393336179762884
        12               3271.1   -0.392343934572514
        13               3271.2   -0.391315457425513
        14               3271.3   -0.390540923524436
        15               3271.4   -0.390177020212194
        16               3271.5    -0.39019666427527
        17               3271.6   -0.390424926846025
        18               3271.7   -0.390658148603906
        19               3271.8   -0.390802741921026
        20               3271.9   -0.390928240856309
        21                 3272   -0.391178337353488
        22               3272.1   -0.391609078651825
        23               3272.2   -0.392099717079972
        24               3272.3    -0.39241663664686
        25               3272.4   -0.392371307321497
        26               3272.5   -0.391945894362697
        27               3272.6   -0.391310906350857
        28               3272.7   -0.390741463690928
        29               3272.8   -0.390475691413816
        30               3272.9   -0.390571658530163
        31                 3273   -0.390840933297464
        32               3273.1   -0.390924951965278
        33               3273.2   -0.390491940540255
        34               3273.3   -0.389429843498834
        35               3273.4   -0.387907260103942
        36               3273.5   -0.386279261180807
        37               3273.6   -0.384917702821769
        38               3273.7   -0.384065496048807
        39               3273.8   -0.383778587407746
        40               3273.9   -0.383970208749629
        41                 3274   -0.384512387529757
        42               3274.1   -0.385314416984767
        43               3274.2   -0.386335379692455
        44               3274.3   -0.387551900916745
        45               3274.4   -0.388912332636706
        46               3274.5   -0.390293369520148
        47               3274.6   -0.391496438429235
        48               3274.7   -0.392326132054744
        49               3274.8   -0.392718158365344
        50               3274.9   -0.392810979921909
        51                 3275   -0.392891607250505
        52               3275.1   -0.393250354673454
        53               3275.2   -0.394035926828902
        54               3275.3   -0.395184133173426
        55               3275.4   -0.396451536819981
        56               3275.5   -0.397543489403442
        57               3275.6   -0.398272985094163
        58               3275.7   -0.398646120503669
        59               3275.8   -0.398806594635505
        60               3275.9   -0.398891939368839
        61                 3276    -0.39894271603398
        62               3276.1   -0.398943963597482
        63               3276.2   -0.398920574698275
        64               3276.3   -0.398945667231225
        65               3276.4   -0.399034535418843
        66               3276.5   -0.399045595210098
        67               3276.6   -0.398718904266861
        68               3276.7    -0.39785395085487
        69               3276.8   -0.396497378837446
        70               3276.9   -0.394984412977656
        71                 3277   -0.393774252266492
        72               3277.1   -0.393182140752627
        73               3277.2   -0.393210090421098
        74               3277.3   -0.393604326384834
        75               3277.4   -0.394072498897875
        76               3277.5   -0.394465963269777
        77               3277.6   -0.394791117330203
        78               3277.7   -0.395085017634548
        79               3277.8   -0.395301639090152
        80               3277.9   -0.395313596131261
        81                 3278   -0.395005940747973
        82               3278.1   -0.394361835678623
        83               3278.2   -0.393472584716377
        84               3278.3   -0.392484246329073
        85               3278.4   -0.391535071442193
        86               3278.5   -0.390722015276359
        87               3278.6   -0.390095219227572
        88               3278.7   -0.389659051173157
        89               3278.8   -0.389373590490842
        90               3278.9   -0.389176368229261
        91                 3279   -0.389036738845915
        92               3279.1   -0.389008845987888
        93               3279.2   -0.389217748106843
        94               3279.3    -0.38975073215456
        95               3279.4   -0.390514858732573
        96               3279.5   -0.391182928959977
        97               3279.6   -0.391313993866092
        98               3279.7   -0.390605785344918
        99               3279.8   -0.389111286013704
       100               3279.9   -0.387254343560295
       101                 3280   -0.385629820592674
       102               3280.1   -0.384738026192718
       103               3280.2   -0.384828351697767
       104               3280.3   -0.385906333313868
       105               3280.4   -0.387820288790904
       106               3280.5   -0.390312061700125
       107               3280.6   -0.393007364180188
       108               3280.7    -0.39543262266077
       109               3280.8   -0.397141401069232
       110               3280.9   -0.397901698249841
       111                 3281   -0.397796287406473
       112               3281.1   -0.397158032793217
       113               3281.2   -0.396412132081246
       114               3281.3   -0.395939595459856
       115               3281.4    -0.39599278199354
       116               3281.5   -0.396628586661509
       117               3281.6   -0.397657433978228
       118               3281.7    -0.39866903339837
       119               3281.8   -0.399187089996979
       120               3281.9   -0.398905030411799
       121                 3282   -0.397855596182765
       122               3282.1   -0.396391392123854
       123               3282.2   -0.394999269233277
       124               3282.3   -0.394086940225028
       125               3282.4    -0.39385209911102
       126               3282.5   -0.394242021143336
       127               3282.6   -0.394971977285113
       128               3282.7   -0.395607558672808
       129               3282.8   -0.395729598919173
       130               3282.9    -0.39513648591076
       131                 3283   -0.393961519952946
       132               3283.1   -0.392597856643779
       133               3283.2   -0.391455982020947
       134               3283.3   -0.390724166462091
       135               3283.4   -0.390311938110156
       136               3283.5   -0.390002286176653
       137               3283.6    -0.38966395688197
       138               3283.7   -0.389345437944887
       139               3283.8   -0.389198459126815
       140               3283.9   -0.389323677819543
       141                 3284   -0.389665592049156
       142               3284.1   -0.390015550918784
       143               3284.2   -0.390112798800499
       144               3284.3   -0.389804744386104
       145               3284.4   -0.389188412375871
       146               3284.5    -0.38861048333511
       147               3284.6   -0.388461673151377
       148               3284.7   -0.388883083853018
       149               3284.8   -0.389625801282577
       150               3284.9    -0.39019747470687
       151                 3285   -0.390179102630458
       152               3285.1   -0.389459995338864
       153               3285.2   -0.388239252458016
       154               3285.3   -0.386851271701907
       155               3285.4   -0.385589650922006
       156               3285.5   -0.384646520017452
       157               3285.6   -0.384136008066657
       158               3285.7   -0.384095021325144
       159               3285.8    -0.38443136161631
       160               3285.9   -0.384907831127218
       161                 3286   -0.385240587983971
       162               3286.1   -0.385257530798293
       163               3286.2   -0.384984515153074
       164               3286.3   -0.384597164543031
       165               3286.4   -0.384294266955782
       166               3286.5   -0.384187840936513
       167               3286.6   -0.384260240149325
       168               3286.7   -0.384382936194873
       169               3286.8     -0.3843733710226
       170               3286.9   -0.384078834227866
       171                 3287   -0.383478284873997
       172               3287.1   -0.382758343961999
       173               3287.2   -0.382285478123439
       174               3287.3   -0.382433473840404
       175               3287.4    -0.38334283809219
       176               3287.5   -0.384789367948243
       177               3287.6   -0.386296853294349
       178               3287.7   -0.387436797182208
       179               3287.8   -0.388083611326371
       180               3287.9   -0.388423258911234
       181                 3288   -0.388730901947419
       182               3288.1   -0.389124440227124
       183               3288.2   -0.389492801604449
       184               3288.3   -0.389627260689946
       185               3288.4    -0.38941781152014
       186               3288.5   -0.388940867831764
       187               3288.6   -0.388371855930244
       188               3288.7   -0.387817496132731
       189               3288.8   -0.387235271162771
       190               3288.9   -0.386513509463439
       191                 3289   -0.385619380919011
       192               3289.1   -0.384665484621442
       193               3289.2   -0.383848073061493
       194               3289.3   -0.383338883196234
       195               3289.4   -0.383232268759199
       196               3289.5   -0.383564749821076
       197               3289.6   -0.384342065101544
       198               3289.7   -0.385516955905394
       199               3289.8   -0.386941968265699
       200               3289.9   -0.388371306380535
       201                 3290   -0.389541243359433
       202               3290.1     -0.3902825337781
       203               3290.2   -0.390599556083424
       204               3290.3   -0.390675740633039
       205               3290.4   -0.390779464410807
       206               3290.5   -0.391081421834834
       207               3290.6   -0.391496214603908
       208               3290.7   -0.391719730121664
       209               3290.8   -0.391493909204967
       210               3290.9    -0.39087736704699
       211                 3291   -0.390244592148579
       212               3291.1   -0.389999947631036
       213               3291.2   -0.390286675315146
       214               3291.3   -0.390949578440269
       215               3291.4    -0.39172061336269
       216               3291.5   -0.392394198787677
       217               3291.6   -0.392839876819519
       218               3291.7   -0.392911032913453
       219               3291.8   -0.392407032894757
       220               3291.9   -0.391169436122221
       221                 3292   -0.389241347851463
       222               3292.1   -0.386929229760424
       223               3292.2   -0.384674548084601
       224               3292.3   -0.382830265539782
       225               3292.4   -0.381544298430765
       226               3292.5   -0.380831456225472
       227               3292.6   -0.380702907098341
       228               3292.7   -0.381185018871119
       229               3292.8    -0.38222895946072
       230               3292.9   -0.383650842181944
       231                 3293   -0.385184621457566
       232               3293.1   -0.386585227308668
       233               3293.2   -0.387680922521976
       234               3293.3   -0.388364855968477
       235               3293.4   -0.388596232186512
       236               3293.5   -0.388443265075143
       237               3293.6   -0.388099280796603
       238               3293.7   -0.387791364906843
       239               3293.8   -0.387621536149848
       240               3293.9   -0.387486335637507
       241                 3294   -0.387162336789577
       242               3294.1    -0.38648533022394
       243               3294.2   -0.385478985110045
       244               3294.3   -0.384361398545515
       245               3294.4   -0.383456537458169
       246               3294.5   -0.383065798436527
       247               3294.6   -0.383345520149842
       248               3294.7   -0.384239963485301
       249               3294.8   -0.385509332857552
       250               3294.9   -0.386839814304574
       251                 3295   -0.387970828714482
       252               3295.1   -0.388773232737752
       253               3295.2   -0.389250620484448
       254               3295.3   -0.389483491374493
       255               3295.4     -0.3895692016412
       256               3295.5   -0.389598345905957
       257               3295.6    -0.38965683495961
       258               3295.7   -0.389820206298583
       259               3295.8    -0.39013838385124
       260               3295.9   -0.390626219676011
       261                 3296   -0.391244296974546
       262               3296.1   -0.391853682353114
       263               3296.2   -0.392199386162037
       264               3296.3   -0.392010108220935
       265               3296.4   -0.391190974278246
       266               3296.5   -0.389939268327247
       267               3296.6   -0.388646747449406
       268               3296.7   -0.387665053332437
       269               3296.8   -0.387141750133938
       270               3296.9   -0.387029280426696
       271                 3297   -0.387197649498448
       272               3297.1   -0.387547610246748
       273               3297.2   -0.388071291295807
       274               3297.3   -0.388820774701332
       275               3297.4   -0.389779580479934
       276               3297.5   -0.390745969915672
       277               3297.6   -0.391382085541295
       278               3297.7   -0.391427964881004
       279               3297.8   -0.390883411905067
       280               3297.9   -0.389982105388797
       281                 3298   -0.389005064612542
       282               3298.1   -0.388130706504742
       283               3298.2   -0.387430292466738
       284               3298.3   -0.386929010016198
       285               3298.4   -0.386604918970125
       286               3298.5   -0.386330312705841
       287               3298.6   -0.385882642864827
       288               3298.7    -0.38509530625476
       289               3298.8   -0.384041075327577
       290               3298.9   -0.383055069484323
       291                 3299    -0.38252796939675
       292               3299.1   -0.382623623213853
       293               3299.2   -0.383166883819903
       294               3299.3   -0.383795186619779
       295               3299.4   -0.384221652288194
       296               3299.5   -0.384383166985328
       297               3299.6   -0.384402826966203
       298               3299.7   -0.384469287045219
       299               3299.8   -0.384743023693065
       300               3299.9   -0.385305488030161
       301                 3300   -0.386123692168048
       302               3300.1   -0.387034528780624
       303               3300.2   -0.387785027017093
       304               3300.3   -0.388140823598855
       305               3300.4   -0.388003930268006
       306               3300.5      -0.387442412428
       307               3300.6   -0.386607265547047
       308               3300.7   -0.385631299042714
       309               3300.8   -0.384609623733868
       310               3300.9   -0.383640748344498
       311                 3301   -0.382836909607636
       312               3301.1   -0.382276920482318
       313               3301.2   -0.381954814659861
       314               3301.3   -0.381773892801646
       315               3301.4   -0.381597720629887
       316               3301.5   -0.381342025040791
       317               3301.6   -0.381047293302329
       318               3301.7   -0.380845883350456
       319               3301.8   -0.380818924737429
       320               3301.9   -0.380876696435767
       321                 3302   -0.380804759667343
       322               3302.1     -0.3804480408072
       323               3302.2   -0.379856516864405
       324               3302.3     -0.3792710922199
       325               3302.4   -0.378995464631389
       326               3302.5   -0.379264197433546
       327               3302.6   -0.380152647565875
       328               3302.7    -0.38153018699981
       329               3302.8   -0.383083141123339
       330               3302.9   -0.384423916849939
       331                 3303   -0.385229611826012
       332               3303.1   -0.385330339671288
       333               3303.2   -0.384735060660522
       334               3303.3   -0.383628395359265
       335               3303.4   -0.382337072613067
       336               3303.5   -0.381242296407916
       337               3303.6   -0.380660868844236
       338               3303.7   -0.380751800944159
       339               3303.8   -0.381473994734955
       340               3303.9   -0.382593125096468
       341                 3304   -0.383751578800257
       342               3304.1    -0.38460764802053
       343               3304.2   -0.384987956195114
       344               3304.3   -0.384958153600007
       345               3304.4   -0.384762232856621
       346               3304.5   -0.384667661764438
       347               3304.6   -0.384809651742756
       348               3304.7   -0.385125614082116
       349               3304.8   -0.385416851213496
       350               3304.9   -0.385496668589102
       351                 3305    -0.38532979736508
       352               3305.1   -0.385071446382694
       353               3305.2   -0.384972859456438
       354               3305.3   -0.385208303896982
       355               3305.4   -0.385746760130094
       356               3305.5   -0.386370573193555
       357               3305.6   -0.386821224313147
       358               3305.7   -0.386940637853704
       359               3305.8   -0.386702860884513
       360               3305.9   -0.386162019939481
       361                 3306   -0.385411734251713
       362               3306.1   -0.384586027044899
       363               3306.2   -0.383849009519808
       364               3306.3     -0.3833448387308
       365               3306.4   -0.383156775848855
       366               3306.5   -0.383314390163594
       367               3306.6   -0.383799515255189
       368               3306.7   -0.384495621335068
       369               3306.8   -0.385147415005135
       370               3306.9   -0.385457199505022
       371                 3307   -0.385294501429847
       372               3307.1   -0.384808070668525
       373               3307.2   -0.384287877356595
       374               3307.3    -0.38389884378391
       375               3307.4   -0.383564429924638
       376               3307.5    -0.38311880168242
       377               3307.6   -0.382552322510092
       378               3307.7   -0.382077190220044
       379               3307.8   -0.381944369038245
       380               3307.9   -0.382215886559721
       381                 3308   -0.382724145547088
       382               3308.1   -0.383218654260028
       383               3308.2   -0.383517686770069
       384               3308.3   -0.383551951939889
       385               3308.4   -0.383345753427938
       386               3308.5   -0.382994258097658
       387               3308.6   -0.382613994282845
       388               3308.7   -0.382253739497907
       389               3308.8   -0.381840864142679
       390               3308.9   -0.381238462890807
       391                 3309   -0.380375028368559
       392               3309.1   -0.379330030624116
       393               3309.2    -0.37830692320981
       394               3309.3   -0.377523633280327
       395               3309.4   -0.377098610358596
       396               3309.5   -0.377003816983169
       397               3309.6    -0.37711763913932
       398               3309.7   -0.377333893910668
       399               3309.8   -0.377619370198596
       400               3309.9   -0.377963195325097
       401                 3310   -0.378291342923889
       402               3310.1   -0.378455497113685
       403               3310.2   -0.378306793331334
       404               3310.3   -0.377784605012935
       405               3310.4    -0.37696543443571
       406               3310.5   -0.376043891148721
       407               3310.6   -0.375230042083604
       408               3310.7   -0.374609450883914
       409               3310.8   -0.374084268436055
       410               3310.9   -0.373472105801683
       411                 3311   -0.372693455934962
       412               3311.1   -0.371880856944306
       413               3311.2   -0.371301360928233
       414               3311.3    -0.37115594123529
       415               3311.4   -0.371444421594257
       416               3311.5   -0.372014981330739
       417               3311.6   -0.372709087813038
       418               3311.7    -0.37341601945846
       419               3311.8   -0.373995642522146
       420               3311.9   -0.374223094763712
       421                 3312   -0.373893966784449
       422               3312.1   -0.373022372072132
       423               3312.2   -0.371926199314368
       424               3312.3   -0.371088227361963
       425               3312.4   -0.370894858340596
       426               3312.5   -0.371453325110195
       427               3312.6   -0.372593366065131
       428               3312.7   -0.373999723477005
       429               3312.8   -0.375352820843292
       430               3312.9   -0.376401967868919
       431                 3313   -0.376979257327826
       432               3313.1   -0.377002096493379
       433               3313.2    -0.37648936478709
       434               3313.3   -0.375575605523357
       435               3313.4   -0.374496727466458
       436               3313.5   -0.373534453673891
       437               3313.6   -0.372923129374745
       438               3313.7   -0.372746795267682
       439               3313.8   -0.372881448991021
       440               3313.9   -0.373029607641728
       441                 3314   -0.372842259639642
       442               3314.1   -0.372069746412165
       443               3314.2   -0.370665740965411
       444               3314.3   -0.368791764631247
       445               3314.4    -0.36672573492573
       446               3314.5   -0.364739776415777
       447               3314.6   -0.363024631698195
       448               3314.7   -0.361677444273861
       449               3314.8   -0.360704224006035
       450               3314.9   -0.360005853786614
       451                 3315   -0.359390541326949
       452               3315.1   -0.358661884936929
       453               3315.2   -0.357734491277489
       454               3315.3   -0.356660954313397
       455               3315.4   -0.355531414127412
       456               3315.5   -0.354346393836918
       457               3315.6   -0.352992670917724
       458               3315.7   -0.351344045198447
       459               3315.8   -0.349391867917683
       460               3315.9    -0.34728864566701
       461                 3316    -0.34526219837598
       462               3316.1   -0.343467894712716
       463               3316.2   -0.341904550730323
       464               3316.3   -0.340458958807433
       465               3316.4   -0.339017165448997
       466               3316.5    -0.33753258433784
       467               3316.6    -0.33601564290217
       468               3316.7   -0.334485696101397
       469               3316.8   -0.332918609454982
       470               3316.9   -0.331208324162599
       471                 3317   -0.329194821397396
       472               3317.1   -0.326794737890367
       473               3317.2   -0.324143094834594
       474               3317.3   -0.321573179382523
       475               3317.4   -0.319393116857634
       476               3317.5   -0.317644534208743
       477               3317.6   -0.316072213202039
       478               3317.7   -0.314329267904592
       479               3317.8   -0.312219302619681
       480               3317.9   -0.309766499622746
       481                 3318   -0.307094315284348
       482               3318.1   -0.304276873188816
       483               3318.2    -0.30132183242403
       484               3318.3   -0.298267425553435
       485               3318.4   -0.295234043718282
       486               3318.5     -0.2923271345045
       487               3318.6   -0.289469136053952
       488               3318.7   -0.286332661647823
       489               3318.8   -0.282468618028703
       490               3318.9   -0.277563397748714
       491                 3319   -0.271645930507863
       492               3319.1   -0.265082453207689
       493               3319.2   -0.258359213595124
       494               3319.3   -0.251834989624478
       495               3319.4   -0.245649913882624
       496               3319.5   -0.239793660083587
       497               3319.6   -0.234191661344988
       498               3319.7   -0.228725911378888
       499               3319.8   -0.223251247094812
       500               3319.9   -0.217686218146046
       501                 3320   -0.212126649928092
       502               3320.1   -0.206830889107489
       503               3320.2   -0.202015708662725
       504               3320.3   -0.197615516816076
       505               3320.4   -0.193250136179515
       506               3320.5   -0.188471343169806
       507               3320.6   -0.183080893102723
       508               3320.7   -0.177246496995136
       509               3320.8   -0.171360145872825
       510               3320.9   -0.165819926331967
       511                 3321   -0.160911413459003
       512               3321.1   -0.156781832651911
       513               3321.2   -0.153407448514444
       514               3321.3   -0.150553690062396
       515               3321.4   -0.147834147277059
       516               3321.5   -0.144898225917025
       517               3321.6   -0.141606686700125
       518               3321.7   -0.138036425325002
       519               3321.8   -0.134336119278197
       520               3321.9    -0.13060966198281
       521                 3322   -0.126952568928279
       522               3322.1   -0.123584697366078
       523               3322.2   -0.120912988501967
       524               3322.3   -0.119419674132191
       525               3322.4   -0.119436418321901
       526               3322.5   -0.120975751268724
       527               3322.6   -0.123740054429141
       528               3322.7   -0.127273709463962
       529               3322.8   -0.131135120672155
       530               3322.9   -0.135013991114297
       531                 3323   -0.138800495494423
       532               3323.1   -0.142616028060293
       533               3323.2   -0.146774516315632
       534               3323.3   -0.151651862984561
       535               3323.4   -0.157503392663514
       536               3323.5   -0.164318325328224
       537               3323.6   -0.171794395941179
       538               3323.7   -0.179457423330584
       539               3323.8   -0.186867494212316
       540               3323.9   -0.193797802770876
       541                 3324   -0.200289965197985
       542               3324.1   -0.206568211529344
       543               3324.2   -0.212874828479694
       544               3324.3   -0.219321877703655
       545               3324.4   -0.225829797249385
       546               3324.5   -0.232169847903254
       547               3324.6   -0.238084988334872
       548               3324.7   -0.243438364229194
       549               3324.8   -0.248310916153949
       550               3324.9   -0.252967597274047
       551                 3325   -0.257688407639984
       552               3325.1   -0.262577049169493
       553               3325.2   -0.267495413554257
       554               3325.3   -0.272174646609863
       555               3325.4   -0.276406364857492
       556               3325.5   -0.280154717628662
       557               3325.6   -0.283513436256166
       558               3325.7   -0.286577424534386
       559               3325.8   -0.289351370393919
       560               3325.9   -0.291748794520348
       561                 3326   -0.293661882749745
       562               3326.1   -0.295064188465946
       563               3326.2   -0.296086714775076
       564               3326.3   -0.296989730916909
       565               3326.4   -0.298024653941797
       566               3326.5   -0.299296941622282
       567               3326.6   -0.300736992040078
       568               3326.7   -0.302158175085649
       569               3326.8   -0.303320575937653
       570               3326.9   -0.303995500262106
       571                 3327   -0.304072088920217
       572               3327.1   -0.303655945094894
       573               3327.2   -0.303030101419167
       574               3327.3   -0.302451500346797
       575               3327.4   -0.301949878656381
       576               3327.5    -0.30133292386557
       577               3327.6   -0.300407553016581
       578               3327.7   -0.299204242861731
       579               3327.8   -0.297981520256513
       580               3327.9   -0.297001940121528
       581                 3328   -0.296290089113648
       582               3328.1   -0.295596422318767
       583               3328.2   -0.294597290267012
       584               3328.3   -0.293152387254541
       585               3328.4   -0.291405410965251
       586               3328.5   -0.289664960637729
       587               3328.6   -0.288186838080418
       588               3328.7   -0.287037976495198
       589               3328.8   -0.286126996175071
       590               3328.9   -0.285335120805621
       591                 3329    -0.28460820226649
       592               3329.1    -0.28393695793801
       593               3329.2   -0.283284632832367
       594               3329.3   -0.282574032210919
       595               3329.4    -0.28176135013254
       596               3329.5   -0.280906857045023
       597               3329.6   -0.280149698091436
       598               3329.7   -0.279614312824392
       599               3329.8   -0.279367849515419
       600               3329.9   -0.279484726590501
       601                 3330    -0.28012996876919
       602               3330.1   -0.281538769495423
       603               3330.2   -0.283893011745383
       604               3330.3   -0.287210262014018
       605               3330.4   -0.291330262671181
       606               3330.5   -0.295983202673911
       607               3330.6   -0.300890162067853
       608               3330.7   -0.305871225105868
       609               3330.8   -0.310934587019051
       610               3330.9   -0.316298686664613
       611                 3331   -0.322327766200574
       612               3331.1   -0.329422859627339
       613               3331.2   -0.337922012660036
       614               3331.3   -0.348019289564708
       615               3331.4   -0.359696086497239
       616               3331.5   -0.372701411430085
       617               3331.6   -0.386636459497741
       618               3331.7   -0.401128867110724
       619               3331.8   -0.415993533329253
       620               3331.9   -0.431275948875483
       621                 3332   -0.447156939828411
       622               3332.1    -0.46378590743445
       623               3332.2   -0.481156835261797
       624               3332.3    -0.49912468772742
       625               3332.4   -0.517553139223837
       626               3332.5   -0.536443531525298
       627               3332.6   -0.555882250683074
       628               3332.7   -0.575831137651395
       629               3332.8   -0.595981398257895
       630               3332.9   -0.615835538228649
       631                 3333   -0.634919259672292
       632               3333.1   -0.652893818986354
       633               3333.2   -0.669509336963598
       634               3333.3   -0.684561796799915
       635               3333.4   -0.697978484941689
       636               3333.5   -0.709928120586027
       637               3333.6   -0.720765294003036
       638               3333.7   -0.730792890768904
       639               3333.8   -0.740032550554255
       640               3333.9   -0.748191208961297
       641                 3334   -0.754830019517535
       642               3334.1   -0.759584869018525
       643               3334.2   -0.762289149262268
       644               3334.3   -0.762970948017723
       645               3334.4    -0.76180039570788
       646               3334.5    -0.75905309133245
       647               3334.6    -0.75507462782102
       648               3334.7   -0.750201371109683
       649               3334.8   -0.744652641113377
       650               3334.9   -0.738467783569862
       651                 3335   -0.731537030406136
       652               3335.1   -0.723704032106244
       653               3335.2   -0.714878774899864
       654               3335.3   -0.705105771618111
       655               3335.4   -0.694553908051039
       656               3335.5   -0.683426107174625
       657               3335.6   -0.671839460201609
       658               3335.7   -0.659769249734381
       659               3335.8   -0.647118756401443
       660               3335.9   -0.633865280344635
       661                 3336   -0.620149485250491
       662               3336.1   -0.606229879695496
       663               3336.2   -0.592364372185178
       664               3336.3   -0.578735567229781
       665               3336.4    -0.56544883733738
       666               3336.5   -0.552538206788775
       667               3336.6   -0.539939793158553
       668               3336.7   -0.527476241355083
       669               3336.8   -0.514907538684765
       670               3336.9   -0.502036755858713
       671                 3337   -0.488806412247618
       672               3337.1   -0.475328178929462
       673               3337.2   -0.461830575676322
       674               3337.3   -0.448552398232569
       675               3337.4   -0.435628741712048
       676               3337.5   -0.423010621502024
       677               3337.6   -0.410460110410164
       678               3337.7   -0.397661830381038
       679               3337.8   -0.384422184025663
       680               3337.9   -0.370813110476809
       681                 3338   -0.357112670625158
       682               3338.1    -0.34356539331534
       683               3338.2   -0.330166701325227
       684               3338.3   -0.316667082833636
       685               3338.4   -0.302793680515491
       686               3338.5   -0.288487738027951
       687               3338.6    -0.27394448001663
       688               3338.7   -0.259433788408791
       689               3338.8   -0.245085760715713
       690               3338.9    -0.23083207026246
       691                 3339    -0.21651312251514
       692               3339.1   -0.202010917048194
       693               3339.2   -0.187290241983883
       694               3339.3   -0.172343908512253
       695               3339.4   -0.157106464814779
       696               3339.5   -0.141409664158113
       697               3339.6   -0.125032209977565
       698               3339.7   -0.107829307926743
       699               3339.8  -0.0898382385500962
       700               3339.9  -0.0712551905433434
       701                 3340  -0.0522999082091963
       702               3340.1  -0.0330869818334056
       703               3340.2   -0.013579453150252
       704               3340.3  0.00640490514881339
       705               3340.4   0.0271745771445695
       706               3340.5   0.0491092504356517
       707               3340.6   0.0725493213704408
       708               3340.7    0.097684138014494
       709               3340.8    0.124512787456589
       710               3340.9    0.152897009016794
       711                 3341    0.182676782065529
       712               3341.1    0.213780039221654
       713               3341.2     0.24622094908175
       714               3341.3    0.279947131068714
       715               3341.4    0.314677030734338
       716               3341.5    0.349925917069861
       717               3341.6     0.38519833696705
       718               3341.7    0.420092242628823
       719               3341.8    0.454165315908793
       720               3341.9    0.486738925742486
       721                 3342    0.516910115962919
       722               3342.1    0.543776807519256
       723               3342.2    0.566622799772651
       724               3342.3    0.584884885376622
       725               3342.4    0.597989021992766
       726               3342.5    0.605239787912454
       727               3342.6    0.605816115436123
       728               3342.7    0.598815047436405
       729               3342.8    0.583336394465168
       730               3342.9    0.558664425589826
       731                 3343    0.524513482996754
       732               3343.1    0.481163989514369
       733               3343.2    0.429351580276344
       734               3343.3    0.369991990941875
       735               3343.4    0.303972728750979
       736               3343.5     0.23214129128361
       737               3343.6    0.155407658003665
       738               3343.7   0.0748141362629462
       739               3343.8 -0.00846012940931366
       740               3343.9  -0.0931049634383528
       741                 3344   -0.177702628432018
       742               3344.1   -0.260851295451032
       743               3344.2   -0.341383685172369
       744               3344.3   -0.418510994209154
       745               3344.4   -0.491731204735901
       746               3344.5   -0.560572901709225
       747               3344.6   -0.624438642220962
       748               3344.7   -0.682719842721574
       749               3344.8   -0.735069780834474
       750               3344.9   -0.781561789876898
       751                 3345   -0.822585754944487
       752               3345.1   -0.858584767988172
       753               3345.2   -0.889850801675477
       754               3345.3   -0.916513115471383
       755               3345.4   -0.938682458280089
       756               3345.5   -0.956603886329745
       757               3345.6   -0.970692668916492
       758               3345.7   -0.981443687685203
       759               3345.8   -0.989301877836908
       760               3345.9   -0.994588557163001
       761                 3346   -0.997524051462745
       762               3346.1    -0.99831671053537
       763               3346.2    -0.99722821356382
       764               3346.3   -0.994536065751791
       765               3346.4    -0.99042711347198
       766               3346.5   -0.984949178936234
       767               3346.6   -0.978084834345117
       768               3346.7    -0.96987539056265
       769               3346.8   -0.960495582899276
       770               3346.9   -0.950246862585399
       771                 3347   -0.939470937483252
       772               3347.1   -0.928402735155789
       773               3347.2   -0.917053129112346
       774               3347.3   -0.905239135611399
       775               3347.4   -0.892755956559517
       776               3347.5    -0.87953816222735
       777               3347.6   -0.865679057512536
       778               3347.7   -0.851331720961638
       779               3347.8   -0.836608956098504
       780               3347.9   -0.821554713265906
       781                 3348   -0.806171508381026
       782               3348.1   -0.790458785930665
       783               3348.2   -0.774435363424129
       784               3348.3   -0.758127822136498
       785               3348.4   -0.741520038349099
       786               3348.5   -0.724517491549467
       787               3348.6   -0.707015019455346
       788               3348.7   -0.689059853948904
       789               3348.8   -0.670946644346409
       790               3348.9   -0.653088272442983
       791                 3349   -0.635724079666705
       792               3349.1   -0.618718918653555
       793               3349.2   -0.601645155391988
       794               3349.3   -0.584091461237305
       795               3349.4   -0.565962901100912
       796               3349.5   -0.547569223821039
       797               3349.6   -0.529465417728002
       798               3349.7   -0.512160849383701
       799               3349.8   -0.495874566003174
       800               3349.9   -0.480479000419629
       801                 3350   -0.465658985057982
       802               3350.1   -0.451167404847564
       803               3350.2   -0.436979068329319
       804               3350.3   -0.423216945280317
       805               3350.4   -0.409930944206122
       806               3350.5   -0.396977218963976
       807               3350.6   -0.384167471483142
       808               3350.7   -0.371554073655814
       809               3350.8   -0.359521037746681
       810               3350.9   -0.348539873593433
       811                 3351    -0.33883104666564
       812               3351.1   -0.330278287557939
       813               3351.2   -0.322649786032812
       814               3351.3   -0.315867355962139
       815               3351.4   -0.310082948651854
       816               3351.5    -0.30556214476452
       817               3351.6   -0.302517657325804
       818               3351.7   -0.301000009838305
       819               3351.8   -0.300877835499246
       820               3351.9   -0.301904825343093
       821                 3352   -0.303839378166927
       822               3352.1    -0.30654681795961
       823               3352.2   -0.310015254201539
       824               3352.3   -0.314278296980718
       825               3352.4   -0.319324342016139
       826               3352.5   -0.325092856534507
       827               3352.6   -0.331559524001633
       828               3352.7   -0.338792212504638
       829               3352.8   -0.346881881605939
       830               3352.9   -0.355804789043793
       831                 3353   -0.365358135132793
       832               3353.1    -0.37522632377555
       833               3353.2   -0.385102435769911
       834               3353.3    -0.39476652323735
       835               3353.4   -0.404101302627798
       836               3353.5   -0.413085800137752
       837               3353.6   -0.421784897792112
       838               3353.7   -0.430306153650086
       839               3353.8   -0.438710986617853
       840               3353.9   -0.446931102580364
       841                 3354   -0.454755988449904
       842               3354.1   -0.461895590582413
       843               3354.2   -0.468070943573943
       844               3354.3   -0.473101286577741
       845               3354.4   -0.476978828244031
       846               3354.5   -0.479899458879434
       847               3354.6   -0.482209376004142
       848               3354.7   -0.484289140450053
       849               3354.8   -0.486452865701102
       850               3354.9     -0.4889009677897
       851                 3355   -0.491693337830209
       852               3355.1   -0.494726199217618
       853               3355.2    -0.49776254207747
       854               3355.3   -0.500542738074935
       855               3355.4   -0.502899761013325
       856               3355.5   -0.504785621053051
       857               3355.6   -0.506221303083698
       858               3355.7   -0.507252689003817
       859               3355.8   -0.507935802305861
       860               3355.9   -0.508304230106381
       861                 3356    -0.50831392235423
       862               3356.1   -0.507846874558798
       863               3356.2   -0.506832613301183
       864               3356.3   -0.505404272108911
       865               3356.4   -0.503911357793822
       866               3356.5   -0.502714862192967
       867               3356.6   -0.501917184849474
       868               3356.7    -0.50127426274633
       869               3356.8   -0.500371190053974
       870               3356.9    -0.49889451673861
       871                 3357    -0.49677517389817
       872               3357.1   -0.494141116568456
       873               3357.2   -0.491200017842278
       874               3357.3   -0.488185054790266
       875               3357.4   -0.485367730189821
       876               3357.5    -0.48304245307139
       877               3357.6   -0.481427350300316
       878               3357.7   -0.480536979290187
       879               3357.8   -0.480130335833694
       880               3357.9   -0.479791196711888
       881                 3358    -0.47911984933394
       882               3358.1   -0.477943875255769
       883               3358.2   -0.476415604627477
       884               3358.3   -0.474916788763574
       885               3358.4   -0.473832622094861
       886               3358.5   -0.473349785713498
       887               3358.6   -0.473382221680907
       888               3358.7   -0.473623217701695
       889               3358.8   -0.473677279298816
       890               3358.9   -0.473216065256349
       891                 3359    -0.47208269148927
       892               3359.1     -0.4702913516582
       893               3359.2   -0.467960263697126
       894               3359.3   -0.465267077939285
       895               3359.4   -0.462447077020654
       896               3359.5   -0.459766166733225
       897               3359.6   -0.457426888656484
       898               3359.7   -0.455468847898872
       899               3359.8   -0.453761860654119
       900               3359.9   -0.452114078570044
       901                 3360   -0.450414775929779
       902               3360.1   -0.448704490928309
       903               3360.2   -0.447134366405016
       904               3360.3   -0.445868495338925
       905               3360.4   -0.445005879192993
       906               3360.5   -0.444547995685402
       907               3360.6   -0.444393457766149
       908               3360.7   -0.444349592915772
       909               3360.8   -0.444177984958359
       910               3360.9   -0.443688976043405
       911                 3361   -0.442858545096127
       912               3361.1   -0.441890656738135
       913               3361.2   -0.441149931141037
       914               3361.3   -0.440974947628874
       915               3361.4   -0.441487528796291
       916               3361.5   -0.442527168250463
       917               3361.6   -0.443734132194287
       918               3361.7   -0.444682634435334
       919               3361.8   -0.444964764906704
       920               3361.9   -0.444249260190591
       921                 3362   -0.442405803998142
       922               3362.1   -0.439661126605187
       923               3362.2   -0.436598650591849
       924               3362.3   -0.433899153161091
       925               3362.4   -0.431994858570622
       926               3362.5   -0.430921092794496
       927               3362.6   -0.430444761113691
       928               3362.7   -0.430289755849977
       929               3362.8   -0.430262301392465
       930               3362.9   -0.430254044885999
       931                 3363   -0.430208610687828
       932               3363.1   -0.430088991741528
       933               3363.2   -0.429828798279693
       934               3363.3   -0.429299805997749
       935               3363.4    -0.42837252546624
       936               3363.5    -0.42705452484725
       937               3363.6   -0.425560690752693
       938               3363.7   -0.424205707764298
       939               3363.8   -0.423200880716917
       940               3363.9   -0.422547831144076
       941                 3364   -0.422114030078404
       942               3364.1    -0.42178773456045
       943               3364.2   -0.421554466088986
       944               3364.3   -0.421445541289711
       945               3364.4   -0.421442917419084
       946               3364.5   -0.421454633467073
       947               3364.6   -0.421391051188554
       948               3364.7   -0.421265215889337
       949               3364.8    -0.42121528814671
       950               3364.9   -0.421418313914841
       951                 3365   -0.421951861030499
       952               3365.1   -0.422697226681811
       953               3365.2   -0.423362245998102
       954               3365.3   -0.423628441159958
       955               3365.4   -0.423314599115706
       956               3365.5   -0.422421713893256
       957               3365.6   -0.421066117826855
       958               3365.7   -0.419445146225863
       959               3365.8   -0.417885484521226
       960               3365.9   -0.416820536615411
       961                 3366   -0.416571422517396
       962               3366.1   -0.417078641619741
       963               3366.2   -0.417869521966958
       964               3366.3   -0.418340714175976
       965               3366.4    -0.41813492336411
       966               3366.5   -0.417327756033734
       967               3366.6   -0.416324654949333
       968               3366.7   -0.415580127395249
       969               3366.8   -0.415332895738012
       970               3366.9    -0.41549684195239
       971                 3367   -0.415738080829061
       972               3367.1   -0.415679855651756
       973               3367.2   -0.415129235146262
       974               3367.3   -0.414201057580922
       975               3367.4   -0.413250023384489
       976               3367.5   -0.412640420993552
       977               3367.6   -0.412513453247493
       978               3367.7   -0.412719640547972
       979               3367.8   -0.412945672039314
       980               3367.9   -0.412918333165628
       981                 3368   -0.412544540164014
       982               3368.1   -0.411931788713275
       983               3368.2   -0.411319343108323
       984               3368.3   -0.410970984586227
       985               3368.4    -0.41106182956479
       986               3368.5   -0.411591793631468
       987               3368.6    -0.41237535358376
       988               3368.7   -0.413133469246459
       989               3368.8    -0.41363849172488
       990               3368.9   -0.413816801291392
       991                 3369   -0.413755577609857
       992               3369.1   -0.413638239657638
       993               3369.2   -0.413668025035408
       994               3369.3   -0.414019015387069
       995               3369.4   -0.414810608252919
       996               3369.5   -0.416075718692302
       997               3369.6   -0.417723591955839
       998               3369.7   -0.419554332846364
       999               3369.8   -0.421360458958268
      1000               3369.9    -0.42304073744528
      1001                 3370   -0.424606289135478
      1002               3370.1   -0.426074640089864
      1003               3370.2   -0.427385128703954
      1004               3370.3    -0.42843905720439
      1005               3370.4   -0.429208855989293
      1006               3370.5   -0.429784585630563
      1007               3370.6   -0.430317751159728
      1008               3370.7   -0.430938646200959
      1009               3370.8   -0.431720177592049
      1010               3370.9   -0.432683226888554
      1011                 3371    -0.43380842441039
      1012               3371.1   -0.435046406579007
      1013               3371.2   -0.436330465274016
      1014               3371.3   -0.437583585034294
      1015               3371.4   -0.438727276165641
      1016               3371.5    -0.43972794740933
      1017               3371.6    -0.44067879289772
      1018               3371.7   -0.441823404853621
      1019               3371.8   -0.443425778076688
      1020               3371.9   -0.445545785489399
      1021                 3372   -0.447920001451664
      1022               3372.1   -0.450076488728725
      1023               3372.2   -0.451597761983278
      1024               3372.3   -0.452333353717507
      1025               3372.4   -0.452437735891287
      1026               3372.5   -0.452244547341692
      1027               3372.6    -0.45207390648529
      1028               3372.7   -0.452093868699018
      1029               3372.8   -0.452311525520226
      1030               3372.9   -0.452662891409863
      1031                 3373   -0.453098712868006
      1032               3373.1   -0.453607495756934
      1033               3373.2   -0.454211435421368
      1034               3373.3   -0.454983661801107
      1035               3373.4   -0.456057168567678
      1036               3373.5   -0.457553614159126
      1037               3373.6   -0.459439409441902
      1038               3373.7   -0.461436298709121
      1039               3373.8   -0.463114215021293
      1040               3373.9   -0.464136254178921
      1041                 3374   -0.464464565127295
      1042               3374.1   -0.464359193972281
      1043               3374.2   -0.464194588624239
      1044               3374.3    -0.46426161719995
      1045               3374.4   -0.464671926451737
      1046               3374.5   -0.465352458229495
      1047               3374.6   -0.466091667962815
      1048               3374.7   -0.466644826108693
      1049               3374.8   -0.466875499684291
      1050               3374.9   -0.466825785555036
      1051                 3375   -0.466635682877618
      1052               3375.1    -0.46638803299342
      1053               3375.2   -0.466043689380214
      1054               3375.3   -0.465524906741375
      1055               3375.4   -0.464833349013086
      1056               3375.5    -0.46406310908374
      1057               3375.6   -0.463305253352841
      1058               3375.7   -0.462560940720324
      1059               3375.8   -0.461753137208287
      1060               3375.9   -0.460812043280956
      1061                 3376   -0.459748996325882
      1062               3376.1   -0.458669606922295
      1063               3376.2   -0.457731598655693
      1064               3376.3   -0.457066658470851
      1065               3376.4   -0.456692390854818
      1066               3376.5    -0.45647268202498
      1067               3376.6   -0.456184670881814
      1068               3376.7   -0.455665391294487
      1069               3376.8   -0.454921108438099
      1070               3376.9   -0.454110743783564
      1071                 3377   -0.453435580959016
      1072               3377.1   -0.453031988620203
      1073               3377.2   -0.452916121508764
      1074               3377.3   -0.452966355788987
      1075               3377.4   -0.452933259069678
      1076               3377.5   -0.452499167706223
      1077               3377.6   -0.451398249101028
      1078               3377.7   -0.449554103336323
      1079               3377.8   -0.447152589322499
      1080               3377.9    -0.44458608786931
      1081                 3378   -0.442276451868648
      1082               3378.1    -0.44046489275769
      1083               3378.2   -0.439099380698614
      1084               3378.3   -0.437913756958787
      1085               3378.4   -0.436664708279884
      1086               3378.5   -0.435344978554158
      1087               3378.6   -0.434176599319833
      1088               3378.7   -0.433374238729279
      1089               3378.8   -0.432897459033367
      1090               3378.9   -0.432435810122102
      1091                 3379   -0.431648292291093
      1092               3379.1   -0.430437445224331
      1093               3379.2   -0.429029180228952
      1094               3379.3   -0.427835642145518
      1095               3379.4   -0.427242544408016
      1096               3379.5   -0.427433047514876
      1097               3379.6   -0.428278711495455
      1098               3379.7   -0.429348243159116
      1099               3379.8   -0.430094151231686
      1100               3379.9   -0.430135239323136
      1101                 3380   -0.429418342380834
      1102               3380.1    -0.42814612385906
      1103               3380.2    -0.42658835649404
      1104               3380.3   -0.424953934928961
      1105               3380.4   -0.423364614110348
      1106               3380.5   -0.421871252529149
      1107               3380.6   -0.420482708427268
      1108               3380.7   -0.419211654457851
      1109               3380.8   -0.418110630425394
      1110               3380.9   -0.417253451625899
      1111                 3381   -0.416662763943339
      1112               3381.1   -0.416242601414492
      1113               3381.2   -0.415787099406292
      1114               3381.3   -0.415089336737724
      1115               3381.4   -0.414086480699859
      1116               3381.5   -0.412919668361429
      1117               3381.6   -0.411844982755201
      1118               3381.7   -0.411073579570899
      1119               3381.8   -0.410683483659994
      1120               3381.9    -0.41064841132927
      1121                 3382   -0.410897768186994
      1122               3382.1    -0.41132579231091
      1123               3382.2   -0.411779122739295
      1124               3382.3   -0.412099435209684
      1125               3382.4   -0.412218643724735
      1126               3382.5   -0.412215101117709
      1127               3382.6   -0.412255661088525
      1128               3382.7   -0.412450203593341
      1129               3382.8   -0.412735250904651
      1130               3382.9   -0.412902840101106
      1131                 3383   -0.412775727025913
      1132               3383.1   -0.412375917671414
      1133               3383.2   -0.411907661133966
      1134               3383.3   -0.411553018036105
      1135               3383.4   -0.411282398194658
      1136               3383.5    -0.41086954845089
      1137               3383.6   -0.410085426422828
      1138               3383.7    -0.40888409875344
      1139               3383.8   -0.407438249844994
      1140               3383.9   -0.406027578972148
      1141                 3384    -0.40487392944913
      1142               3384.1   -0.404026503527303
      1143               3384.2   -0.403368064179388
      1144               3384.3   -0.402745349671458
      1145               3384.4    -0.40213739963413
      1146               3384.5   -0.401728986960072
      1147               3384.6   -0.401811458049868
      1148               3384.7   -0.402566267087863
      1149               3384.8    -0.40389187203556
      1150               3384.9   -0.405410290539305
      1151                 3385   -0.406647433925118
      1152               3385.1   -0.407255231501179
      1153               3385.2   -0.407142341256749
      1154               3385.3     -0.4064684882067
      1155               3385.4   -0.405535450702589
      1156               3385.5   -0.404642544090169
      1157               3385.6   -0.403979519953201
      1158               3385.7   -0.403599215207035
      1159               3385.8   -0.403457862846375
      1160               3385.9   -0.403480715403598
      1161                 3386   -0.403614616817299
      1162               3386.1   -0.403836776029736
      1163               3386.2   -0.404111016548071
      1164               3386.3   -0.404341687742054
      1165               3386.4   -0.404407152879641
      1166               3386.5    -0.40427708958585
      1167               3386.6   -0.404094524960949
      1168               3386.7   -0.404103337710504
      1169               3386.8   -0.404461155107825
      1170               3386.9   -0.405115209295849
      1171                 3387   -0.405860071206409
      1172               3387.1   -0.406506730103616
      1173               3387.2   -0.406992552935626
      1174               3387.3   -0.407346774323161
      1175               3387.4   -0.407577068624719
      1176               3387.5   -0.407601286400444
      1177               3387.6    -0.40728473013664
      1178               3387.7   -0.406539467621392
      1179               3387.8    -0.40539123461361
      1180               3387.9   -0.403962825477827
      1181                 3388   -0.402419651155718
      1182               3388.1   -0.400958731550191
      1183               3388.2   -0.399829457090037
      1184               3388.3   -0.399272468149039
      1185               3388.4   -0.399341839528524
      1186               3388.5   -0.399779562958644
      1187               3388.6   -0.400137700719637
      1188               3388.7   -0.400089819870159
      1189               3388.8   -0.399651513066064
      1190               3388.9   -0.399130391752155
      1191                 3389   -0.398894502845711
      1192               3389.1   -0.399154504285686
      1193               3389.2    -0.39986975087099
      1194               3389.3   -0.400798858058092
      1195               3389.4   -0.401662532430866
      1196               3389.5   -0.402309107509324
      1197               3389.6   -0.402750075918538
      1198               3389.7   -0.403058707919961
      1199               3389.8    -0.40326696990059
      1200               3389.9   -0.403363994130973
      1201                 3390   -0.403354546891499
      1202               3390.1   -0.403284659722274
      1203               3390.2   -0.403213649428135
      1204               3390.3   -0.403168406733857
      1205               3390.4   -0.403108648768665
      1206               3390.5   -0.402933351646427
      1207               3390.6   -0.402561593875923
      1208               3390.7   -0.402041466326572
      1209               3390.8   -0.401547964899089
      1210               3390.9   -0.401214141189596
      1211                 3391   -0.400958216462786
      1212               3391.1   -0.400518626233608
      1213               3391.2   -0.399678946600085
      1214               3391.3   -0.398448619090129
      1215               3391.4   -0.397039058517109
      1216               3391.5   -0.395714421650686
      1217               3391.6   -0.394695017838598
      1218               3391.7   -0.394168232922168
      1219               3391.8   -0.394304511653838
      1220               3391.9   -0.395179899335812
      1221                 3392   -0.396659562587201
      1222               3392.1   -0.398395951427308
      1223               3392.2   -0.399992455792168
      1224               3392.3   -0.401195277036196
      1225               3392.4   -0.401943873329679
      1226               3392.5   -0.402267415964769
      1227               3392.6   -0.402158919439443
      1228               3392.7   -0.401545851241327
      1229               3392.8   -0.400367721486997
      1230               3392.9   -0.398689383581134
      1231                 3393   -0.396767235121715
      1232               3393.1   -0.395022140078959
      1233               3393.2   -0.393917963595842
      1234               3393.3    -0.39377832150281
      1235               3393.4   -0.394615411049136
      1236               3393.5    -0.39608693166079
      1237               3393.6   -0.397655913359194
      1238               3393.7   -0.398870898477486
      1239               3393.8   -0.399562015090226
      1240               3393.9   -0.399827938986332
      1241                 3394   -0.399884209507164
      1242               3394.1   -0.399921860521645
      1243               3394.2   -0.400039819154626
      1244               3394.3   -0.400225784411558
      1245               3394.4   -0.400362131662321
      1246               3394.5    -0.40026250131144
      1247               3394.6   -0.399740441118544
      1248               3394.7   -0.398691785486268
      1249               3394.8   -0.397162279756994
      1250               3394.9   -0.395370048232523
      1251                 3395   -0.393659783959973
      1252               3395.1   -0.392388362852821
      1253               3395.2   -0.391776774278321
      1254               3395.3   -0.391796279215985
      1255               3395.4   -0.392164025905456
      1256               3395.5   -0.392479332065979
      1257               3395.6   -0.392437533515586
      1258               3395.7   -0.391979789032308
      1259               3395.8    -0.39127382459645
      1260               3395.9   -0.390569778955497
      1261                 3396   -0.390077379093455
      1262               3396.1   -0.389938677403118
      1263               3396.2   -0.390226860891603
      1264               3396.3    -0.39088656617284
      1265               3396.4   -0.391658447560689
      1266               3396.5   -0.392117600110218
      1267               3396.6   -0.391874584997742
      1268               3396.7   -0.390817424764143
      1269               3396.8   -0.389198046185491
      1270               3396.9   -0.387482295231963
      1271                 3397   -0.386086822320406
      1272               3397.1   -0.385212168235558
      1273               3397.2   -0.384864176973157
      1274               3397.3   -0.384973224539513
      1275               3397.4   -0.385467723374625
      1276               3397.5   -0.386262452408118
      1277               3397.6   -0.387237520080498
      1278               3397.7   -0.388280133897194
      1279               3397.8   -0.389362246066708
      1280               3397.9   -0.390558528846617
      1281                 3398   -0.391952384519641
      1282               3398.1   -0.393490438537178
      1283               3398.2   -0.394913972600094
      1284               3398.3    -0.39584889312899
      1285               3398.4     -0.3960115651381
      1286               3398.5   -0.395390026743373
      1287               3398.6    -0.39426996239984
      1288               3398.7   -0.393091241598773
      1289               3398.8   -0.392250479415044
      1290               3398.9   -0.391984307234797
      1291                 3399   -0.392358464762562
      1292               3399.1   -0.393288320135101
      1293               3399.2   -0.394549391054557
      1294               3399.3   -0.395825943608422
      1295               3399.4   -0.396835436392464
      1296               3399.5   -0.397464220074901
      1297               3399.6   -0.397804220297604
      1298               3399.7    -0.39805613260302
      1299               3399.8   -0.398374504368637
      1300               3399.9   -0.398765176703662
      1301                 3400   -0.399088321004377
      1302               3400.1    -0.39914024042306
      1303               3400.2   -0.398758615539836
      1304               3400.3   -0.397916692895085
      1305               3400.4   -0.396780327942605
      1306               3400.5   -0.395681204760306
      1307               3400.6   -0.394972705445966
      1308               3400.7   -0.394821035485122
      1309               3400.8   -0.395072075411756
      1310               3400.9   -0.395314302528436
      1311                 3401    -0.39512187616915
      1312               3401.1   -0.394321348752282
      1313               3401.2   -0.393097029925352
      1314               3401.3   -0.391858806340067
      1315               3401.4   -0.390970176785789
      1316               3401.5   -0.390543889140802
      1317               3401.6   -0.390451335174188
      1318               3401.7   -0.390496857382143
      1319               3401.8   -0.390572387853204
      1320               3401.9   -0.390674486498604
      1321                 3402   -0.390834426929348
      1322               3402.1   -0.391068994931363
      1323               3402.2   -0.391375278106289
      1324               3402.3   -0.391728804419501
      1325               3402.4   -0.392077250323407
      1326               3402.5   -0.392354305977575
      1327               3402.6   -0.392511376409508
      1328               3402.7   -0.392546163820417
      1329               3402.8   -0.392521757863632
      1330               3402.9   -0.392557411620908
      1331                 3403   -0.392754054041533
      1332               3403.1   -0.393081182525752
      1333               3403.2   -0.393339540339645
      1334               3403.3    -0.39326921775388
      1335               3403.4   -0.392721672633253
      1336               3403.5   -0.391756595172272
      1337               3403.6   -0.390619690784742
      1338               3403.7   -0.389653190590065
      1339               3403.8   -0.389187403530399
      1340               3403.9   -0.389428708118643
      1341                 3404   -0.390368641513619
      1342               3404.1   -0.391759243222943
      1343               3404.2   -0.393185265473679
      1344               3404.3   -0.394218788959089
      1345               3404.4   -0.394591877129184
      1346               3404.5   -0.394297099493017
      1347               3404.6   -0.393556048799325
      1348               3404.7   -0.392679817375658
      1349               3404.8    -0.39191937076226
      1350               3404.9   -0.391396527691896
      1351                 3405   -0.391124179436236
      1352               3405.1   -0.391055403909186
      1353               3405.2   -0.391110930218772
      1354               3405.3   -0.391187955289403
      1355               3405.4   -0.391177656281599
      1356               3405.5    -0.39100255462082
      1357               3405.6   -0.390660801650201
      1358               3405.7   -0.390244193094437
      1359               3405.8   -0.389890622432165
      1360               3405.9   -0.389675813274082
      1361                 3406   -0.389533410506966
      1362               3406.1   -0.389311504828476
      1363               3406.2   -0.388949598290134
      1364               3406.3    -0.38859865726188
      1365               3406.4    -0.38851853656142
      1366               3406.5   -0.388812106445861
      1367               3406.6   -0.389262297238728
      1368               3406.7   -0.389475821818912
      1369               3406.8   -0.389240719811208
      1370               3406.9   -0.388772317185218
      1371                 3407   -0.388598567088881
      1372               3407.1   -0.389158969336007
      1373               3407.2   -0.390450156755764
      1374               3407.3   -0.391997273370107
      1375               3407.4   -0.393137790604252
      1376               3407.5   -0.393379166332631
      1377               3407.6   -0.392615561107119
      1378               3407.7   -0.391147871506669
      1379               3407.8   -0.389548256578323
      1380               3407.9   -0.388420422051997
      1381                 3408   -0.388131228130382
      1382               3408.1   -0.388644586345852
      1383               3408.2   -0.389576404995004
      1384               3408.3   -0.390458928366772
      1385               3408.4    -0.39104346959728
      1386               3408.5   -0.391421345577023
      1387               3408.6   -0.391867156828353
      1388               3408.7   -0.392537839531677
      1389               3408.8   -0.393304094942327
      1390               3408.9    -0.39387314612255
      1391                 3409   -0.394062164629792
      1392               3409.1   -0.393932474186226
      1393               3409.2   -0.393682423915808
      1394               3409.3   -0.393473072264801
      1395               3409.4   -0.393369566841244
      1396               3409.5   -0.393368364608331
      1397               3409.6   -0.393390775614075
      1398               3409.7   -0.393255352189594
      1399               3409.8    -0.39273833658232
      1400               3409.9   -0.391726106434885
      1401                 3410   -0.390322289814118
      1402               3410.1   -0.388802634509277
      1403               3410.2   -0.387463547900631
      1404               3410.3    -0.38649079278262
      1405               3410.4    -0.38591662195395
      1406               3410.5   -0.385644804313435
      1407               3410.6   -0.385508040104566
      1408               3410.7   -0.385353759467001
      1409               3410.8    -0.38514577622526
      1410               3410.9   -0.385016719560087
      1411                 3411   -0.385197627421891
      1412               3411.1   -0.385842567395738
      1413               3411.2   -0.386885710005909
      1414               3411.3   -0.388071604565648
      1415               3411.4   -0.389143110459455
      1416               3411.5   -0.390007521353136
      1417               3411.6   -0.390725560181038
      1418               3411.7   -0.391365691816016
      1419               3411.8    -0.39190452785983
      1420               3411.9   -0.392271484020784
      1421                 3412   -0.392451155836634
      1422               3412.1    -0.39250463354652
      1423               3412.2   -0.392494973734421
      1424               3412.3   -0.392425570296271
      1425               3412.4   -0.392274009558877
      1426               3412.5   -0.392074941272967
      1427               3412.6   -0.391932558993701
      1428               3412.7   -0.391916327217836
      1429               3412.8   -0.391941400211377
      1430               3412.9    -0.39178872896199
      1431                 3413   -0.391290372348906
      1432               3413.1   -0.390510747185975
      1433               3413.2   -0.389719988851879
      1434               3413.3   -0.389156860180483
      1435               3413.4   -0.388817019542911
      1436               3413.5   -0.388500361393277
      1437               3413.6   -0.388082855250033
      1438               3413.7   -0.387732149850776
      1439               3413.8   -0.387837536422828
      1440               3413.9    -0.38871093054594
      1441                 3414   -0.390324493683292
      1442               3414.1   -0.392290773931122
      1443               3414.2   -0.394071593490492
      1444               3414.3   -0.395251417833658
      1445               3414.4   -0.395717895938303
      1446               3414.5   -0.395677562726766
      1447               3414.6   -0.395519177368932
      1448               3414.7   -0.395612491811843
      1449               3414.8   -0.396166569360337
      1450               3414.9   -0.397210512593772
      1451                 3415   -0.398646693423932
      1452               3415.1   -0.400299310768327
      1453               3415.2   -0.401956968843551
      1454               3415.3   -0.403443313796912
      1455               3415.4   -0.404678252131912
      1456               3415.5   -0.405647883203705
      1457               3415.6   -0.406299500914244
      1458               3415.7   -0.406501325997016
      1459               3415.8   -0.406154542869391
      1460               3415.9   -0.405347196863969
      1461                 3416   -0.404355135463906
      1462               3416.1   -0.403459499547018
      1463               3416.2   -0.402762685467298
      1464               3416.3   -0.402174180827898
      1465               3416.4   -0.401536450677587
      1466               3416.5   -0.400739270395691
      1467               3416.6   -0.399749551605197
      1468               3416.7   -0.398606568815482
      1469               3416.8   -0.397431582983863
      1470               3416.9   -0.396418809048029
      1471                 3417   -0.395760304030511
      1472               3417.1   -0.395540732129668
      1473               3417.2   -0.395697426844337
      1474               3417.3   -0.396082257244863
      1475               3417.4   -0.396555128559801
      1476               3417.5   -0.397022901506797
      1477               3417.6   -0.397422624538854
      1478               3417.7    -0.39770977841088
      1479               3417.8   -0.397876320936701
      1480               3417.9   -0.397959485279714
      1481                 3418   -0.398007308637507
      1482               3418.1   -0.398032431842066
      1483               3418.2   -0.398020715555655
      1484               3418.3   -0.398004675875175
      1485               3418.4   -0.398112067643611
      1486               3418.5   -0.398488260249449
      1487               3418.6   -0.399125812790841
      1488               3418.7   -0.399775098838824
      1489               3418.8   -0.400060594262776
      1490               3418.9   -0.399721918792969
      1491                 3419   -0.398779258454385
      1492               3419.1   -0.397510800093735
      1493               3419.2   -0.396291123398415
      1494               3419.3   -0.395411197135204
      1495               3419.4   -0.394974860727853
      1496               3419.5   -0.394907632020616
      1497               3419.6   -0.395048715886619
      1498               3419.7   -0.395249921279843
      1499               3419.8   -0.395420682609073
      1500               3419.9   -0.395521246580724
