     index            Field [G]         Intensity []

         1                 3270   -0.395973441012942
         2               3270.1   -0.394766941737964
         3               3270.2   -0.393391884657651
         4               3270.3   -0.391960357268501
         5               3270.4   -0.390702810374731
         6               3270.5   -0.389883987291678
         7               3270.6    -0.38961922480747
         8               3270.7   -0.389764638524763
         9               3270.8   -0.390042468742189
        10               3270.9   -0.390299110156623
        11                 3271   -0.390611270968581
        12               3271.1   -0.391115972169083
        13               3271.2   -0.391761844053066
        14               3271.3   -0.392271612830829
        15               3271.4   -0.392357474733124
        16               3271.5   -0.391949658890271
        17               3271.6   -0.391212332279295
        18               3271.7   -0.390379180592925
        19               3271.8   -0.389615087279143
        20               3271.9   -0.389017415023512
        21                 3272    -0.38867108951801
        22               3272.1   -0.388627990922304
        23               3272.2    -0.38881814256991
        24               3272.3   -0.389015527886625
        25               3272.4   -0.388940215035246
        26               3272.5    -0.38844714424417
        27               3272.6   -0.387657348365861
        28               3272.7   -0.386903049471862
        29               3272.8   -0.386499612588869
        30               3272.9   -0.386529384288881
        31                 3273   -0.386833630915378
        32               3273.1   -0.387206551713484
        33               3273.2   -0.387587306681972
        34               3273.3   -0.388076755406417
        35               3273.4   -0.388803441977303
        36               3273.5   -0.389792008184678
        37               3273.6   -0.390940112065666
        38               3273.7   -0.392082923703026
        39               3273.8   -0.393059893529598
        40               3273.9   -0.393741269353074
        41                 3274   -0.394044543892914
        42               3274.1   -0.393972403795095
        43               3274.2   -0.393639828567042
        44               3274.3   -0.393234335145002
        45               3274.4   -0.392918829114834
        46               3274.5   -0.392757851059845
        47               3274.6   -0.392727646569938
        48               3274.7   -0.392777250410764
        49               3274.8   -0.392852655737787
        50               3274.9   -0.392854619467988
        51                 3275   -0.392613978821828
        52               3275.1   -0.391982547222818
        53               3275.2   -0.390996573310682
        54               3275.3   -0.389938755634264
        55               3275.4   -0.389198273696271
        56               3275.5   -0.389039061121211
        57               3275.6   -0.389476269634154
        58               3275.7   -0.390332651723832
        59               3275.8   -0.391372256063337
        60               3275.9   -0.392378443391329
        61                 3276   -0.393154742127452
        62               3276.1   -0.393534955812059
        63               3276.2   -0.393468791475129
        64               3276.3   -0.393120696905656
        65               3276.4   -0.392840813597434
        66               3276.5   -0.392962049953066
        67               3276.6   -0.393563112450084
        68               3276.7   -0.394400898540289
        69               3276.8   -0.395072938717477
        70               3276.9   -0.395269807325943
        71                 3277   -0.394922197440736
        72               3277.1   -0.394169359061748
        73               3277.2   -0.393222313457671
        74               3277.3   -0.392231605579756
        75               3277.4   -0.391224420678713
        76               3277.5    -0.39013915958419
        77               3277.6   -0.388947073249813
        78               3277.7   -0.387770986761746
        79               3277.8   -0.386872193572514
        80               3277.9   -0.386481702825499
        81                 3278   -0.386617861677412
        82               3278.1   -0.387061178467457
        83               3278.2   -0.387508486180648
        84               3278.3   -0.387770126713524
        85               3278.4   -0.387858752359046
        86               3278.5   -0.387927260507813
        87               3278.6   -0.388127544515883
        88               3278.7   -0.388500112853626
        89               3278.8   -0.388961007338435
        90               3278.9   -0.389367472367202
        91                 3279   -0.389586659937523
        92               3279.1   -0.389519792823107
        93               3279.2   -0.389115156237223
        94               3279.3     -0.3884211034549
        95               3279.4   -0.387641875132032
        96               3279.5   -0.387093146661368
        97               3279.6   -0.387043227975194
        98               3279.7   -0.387575978541479
        99               3279.8   -0.388600355466311
       100               3279.9   -0.389949209156911
       101                 3280   -0.391413989562505
       102               3280.1   -0.392699654660429
       103               3280.2   -0.393445938014104
       104               3280.3   -0.393389868210673
       105               3280.4   -0.392538198468154
       106               3280.5   -0.391177462631841
       107               3280.6   -0.389716679679595
       108               3280.7   -0.388497550561128
       109               3280.8   -0.387689088480992
       110               3280.9   -0.387299351089917
       111                 3281   -0.387267078814524
       112               3281.1     -0.3875413338559
       113               3281.2   -0.388066517594003
       114               3281.3   -0.388702161854863
       115               3281.4   -0.389202985141645
       116               3281.5   -0.389321594832574
       117               3281.6   -0.388944802497843
       118               3281.7   -0.388137021517797
       119               3281.8   -0.387079835760436
       120               3281.9   -0.385995559740202
       121                 3282   -0.385105527070124
       122               3282.1   -0.384592579711744
       123               3282.2   -0.384544966391695
       124               3282.3   -0.384924086634847
       125               3282.4   -0.385601274432614
       126               3282.5   -0.386437646936283
       127               3282.6   -0.387334468270782
       128               3282.7   -0.388219790822336
       129               3282.8   -0.389014246093057
       130               3282.9   -0.389641973465321
       131                 3283   -0.390089215572556
       132               3283.1   -0.390441699446174
       133               3283.2   -0.390846985868605
       134               3283.3   -0.391424356624284
       135               3283.4   -0.392184619510246
       136               3283.5   -0.393006926958687
       137               3283.6   -0.393695748738828
       138               3283.7   -0.394102763118982
       139               3283.8   -0.394230290477536
       140               3283.9   -0.394216141060764
       141                 3284   -0.394210350721055
       142               3284.1   -0.394285004377062
       143               3284.2   -0.394477871916061
       144               3284.3   -0.394880789241557
       145               3284.4   -0.395604682292008
       146               3284.5   -0.396622697703862
       147               3284.6   -0.397691900556085
       148               3284.7   -0.398491539603974
       149               3284.8   -0.398854144287292
       150               3284.9   -0.398850422019256
       151                 3285   -0.398666524714737
       152               3285.1     -0.3984340019898
       153               3285.2   -0.398161904512121
       154               3285.3   -0.397750402613622
       155               3285.4    -0.39700666498366
       156               3285.5   -0.395687477839077
       157               3285.6   -0.393642384203699
       158               3285.7   -0.391002702174729
       159               3285.8   -0.388229395940383
       160               3285.9   -0.385915949488477
       161                 3286   -0.384478018969388
       162               3286.1   -0.383971526956907
       163               3286.2    -0.38414100185346
       164               3286.3   -0.384595262270445
       165               3286.4   -0.384964235994929
       166               3286.5   -0.384989384793332
       167               3286.6    -0.38457129913287
       168               3286.7   -0.383786388462899
       169               3286.8   -0.382862082466343
       170               3286.9   -0.382104313941075
       171                 3287   -0.381789323764509
       172               3287.1   -0.382065286004062
       173               3287.2   -0.382929323465591
       174               3287.3   -0.384287757066648
       175               3287.4   -0.386010694153358
       176               3287.5   -0.387903432168405
       177               3287.6   -0.389654514007512
       178               3287.7   -0.390889577231943
       179               3287.8   -0.391337980186323
       180               3287.9   -0.390965964735064
       181                 3288   -0.389961250201824
       182               3288.1   -0.388618293944305
       183               3288.2    -0.38724474967296
       184               3288.3   -0.386123210391746
       185               3288.4   -0.385470784399924
       186               3288.5   -0.385362543134268
       187               3288.6    -0.38567026037546
       188               3288.7   -0.386100450318875
       189               3288.8   -0.386355643266414
       190               3288.9   -0.386337028671947
       191                 3289   -0.386238474203787
       192               3289.1   -0.386425397442078
       193               3289.2   -0.387154539819022
       194               3289.3   -0.388354791842772
       195               3289.4   -0.389668571739511
       196               3289.5   -0.390715637324735
       197               3289.6   -0.391328899414451
       198               3289.7   -0.391574863919985
       199               3289.8   -0.391616573288711
       200               3289.9    -0.39159222912152
       201                 3290   -0.391578339031591
       202               3290.1   -0.391587586202143
       203               3290.2   -0.391566228831202
       204               3290.3   -0.391418335537925
       205               3290.4   -0.391075761387051
       206               3290.5   -0.390571967517555
       207               3290.6   -0.390048702648893
       208               3290.7   -0.389664922446822
       209               3290.8    -0.38946341678991
       210               3290.9    -0.38931220885375
       211                 3291   -0.388994670671975
       212               3291.1   -0.388383872436887
       213               3291.2   -0.387544673207505
       214               3291.3   -0.386681279987997
       215               3291.4   -0.386004219838544
       216               3291.5   -0.385635581459047
       217               3291.6   -0.385578740791799
       218               3291.7   -0.385716790395384
       219               3291.8   -0.385855154022029
       220               3291.9   -0.385852838099176
       221                 3292   -0.385780749867168
       222               3292.1   -0.385936813306955
       223               3292.2    -0.38663622779077
       224               3292.3   -0.387927276939186
       225               3292.4   -0.389487022852186
       226               3292.5   -0.390794469545247
       227               3292.6   -0.391433928708893
       228               3292.7   -0.391296256984532
       229               3292.8   -0.390564755937657
       230               3292.9   -0.389544537815422
       231                 3293   -0.388475772860536
       232               3293.1   -0.387443017915267
       233               3293.2   -0.386408202981062
       234               3293.3   -0.385310098956188
       235               3293.4   -0.384140482665207
       236               3293.5   -0.382951136937966
       237               3293.6   -0.381816609860606
       238               3293.7   -0.380798749477955
       239               3293.8   -0.379930771424999
       240               3293.9   -0.379221208817403
       241                 3294   -0.378679072851465
       242               3294.1   -0.378338951018346
       243               3294.2    -0.37824087182436
       244               3294.3   -0.378365523639409
       245               3294.4   -0.378605547155849
       246               3294.5   -0.378834952023849
       247               3294.6   -0.379013802867118
       248               3294.7   -0.379206611119342
       249               3294.8   -0.379492350145338
       250               3294.9   -0.379863916369685
       251                 3295   -0.380206643568793
       252               3295.1    -0.38035577171405
       253               3295.2    -0.38018020875919
       254               3295.3   -0.379642748494499
       255               3295.4   -0.378812338061724
       256               3295.5   -0.377840829713034
       257               3295.6   -0.376931737256235
       258               3295.7   -0.376297095201202
       259               3295.8   -0.376088170638439
       260               3295.9   -0.376345955664469
       261                 3296   -0.377039586459663
       262               3296.1   -0.378153030805484
       263               3296.2   -0.379686231053879
       264               3296.3   -0.381537064542773
       265               3296.4   -0.383416688031459
       266               3296.5   -0.384953045246174
       267               3296.6   -0.385924336833078
       268               3296.7   -0.386397278099728
       269               3296.8   -0.386631796226891
       270               3296.9   -0.386855274899339
       271                 3297   -0.387129973354179
       272               3297.1   -0.387411617491179
       273               3297.2   -0.387689076981296
       274               3297.3   -0.388043739870519
       275               3297.4   -0.388592169925228
       276               3297.5   -0.389389359750355
       277               3297.6   -0.390358572226562
       278               3297.7   -0.391264259626489
       279               3297.8   -0.391754981014184
       280               3297.9   -0.391511311541194
       281                 3298     -0.3904462500599
       282               3298.1   -0.388802138773264
       283               3298.2   -0.387034477074241
       284               3298.3   -0.385557136680634
       285               3298.4   -0.384540385150711
       286               3298.5   -0.383883348994535
       287               3298.6   -0.383338992208161
       288               3298.7   -0.382702497342161
       289               3298.8   -0.381971031642314
       290               3298.9   -0.381376684979419
       291                 3299   -0.381234260086077
       292               3299.1   -0.381688479823579
       293               3299.2   -0.382565319960627
       294               3299.3   -0.383454367362064
       295               3299.4    -0.38393644585896
       296               3299.5   -0.383769349456598
       297               3299.6   -0.382941011366777
       298               3299.7   -0.381628438043371
       299               3299.8   -0.380116931350165
       300               3299.9   -0.378693189163397
       301                 3300   -0.377534201425807
       302               3300.1   -0.376650428057433
       303               3300.2   -0.375924788288976
       304               3300.3   -0.375222360683985
       305               3300.4   -0.374500295862077
       306               3300.5   -0.373851112211643
       307               3300.6   -0.373443563769172
       308               3300.7   -0.373379414081348
       309               3300.8   -0.373561058115851
       310               3300.9   -0.373699442363704
       311                 3301   -0.373500602677227
       312               3301.1   -0.372896223334199
       313               3301.2   -0.372113510498117
       314               3301.3   -0.371521214209411
       315               3301.4    -0.37140058487562
       316               3301.5   -0.371834143631281
       317               3301.6   -0.372749665276821
       318               3301.7   -0.374006247244757
       319               3301.8   -0.375427952571188
       320               3301.9   -0.376811869726521
       321                 3302   -0.377983774119647
       322               3302.1    -0.37888881065217
       323               3302.2   -0.379613612449874
       324               3302.3   -0.380285513841547
       325               3302.4   -0.380943585684359
       326               3302.5   -0.381527593327293
       327               3302.6   -0.381998109541351
       328               3302.7   -0.382446717011032
       329               3302.8   -0.383072706548379
       330               3302.9   -0.384054718930092
       331                 3303   -0.385439812199676
       332               3303.1   -0.387124153717065
       333               3303.2    -0.38890222915351
       334               3303.3   -0.390527888127733
       335               3303.4   -0.391764404433247
       336               3303.5   -0.392430649495066
       337               3303.6   -0.392439058321169
       338               3303.7   -0.391806590622931
       339               3303.8   -0.390642051801095
       340               3303.9   -0.389136009816341
       341                 3304   -0.387550338197156
       342               3304.1   -0.386163630104653
       343               3304.2   -0.385163060658573
       344               3304.3   -0.384558696178995
       345               3304.4    -0.38420479717125
       346               3304.5   -0.383910347783213
       347               3304.6   -0.383540599451513
       348               3304.7   -0.383055111691903
       349               3304.8   -0.382509382456308
       350               3304.9   -0.382041954861396
       351                 3305   -0.381820430409939
       352               3305.1   -0.381946068399332
       353               3305.2   -0.382387217879802
       354               3305.3   -0.382998648825921
       355               3305.4   -0.383593263525579
       356               3305.5    -0.38400060126503
       357               3305.6   -0.384105223933463
       358               3305.7   -0.383887431821093
       359               3305.8   -0.383436037513173
       360               3305.9   -0.382881871536569
       361                 3306   -0.382288546865881
       362               3306.1   -0.381616116404177
       363               3306.2   -0.380805979701547
       364               3306.3   -0.379895642008768
       365               3306.4   -0.379043327401078
       366               3306.5   -0.378445490957438
       367               3306.6    -0.37821962452357
       368               3306.7   -0.378325558268965
       369               3306.8   -0.378569496306875
       370               3306.9   -0.378708401910098
       371                 3307   -0.378611475083503
       372               3307.1   -0.378365561077264
       373               3307.2    -0.37822700158854
       374               3307.3   -0.378438828572653
       375               3307.4   -0.379048305049747
       376               3307.5   -0.379872091449395
       377               3307.6   -0.380639876033542
       378               3307.7   -0.381182705756157
       379               3307.8   -0.381486519467404
       380               3307.9   -0.381586236468124
       381                 3308   -0.381460134554011
       382               3308.1   -0.381058963244114
       383               3308.2   -0.380411764443429
       384               3308.3   -0.379659415429857
       385               3308.4    -0.37897374934758
       386               3308.5   -0.378447651042789
       387               3308.6   -0.378045029428892
       388               3308.7   -0.377634250786179
       389               3308.8   -0.377079951084052
       390               3308.9   -0.376333545905629
       391                 3309     -0.3754524183213
       392               3309.1   -0.374538166070147
       393               3309.2   -0.373668156366033
       394               3309.3    -0.37288547089229
       395               3309.4   -0.372220829070563
       396               3309.5   -0.371686124005473
       397               3309.6   -0.371246018748532
       398               3309.7   -0.370824368023036
       399               3309.8   -0.370356770752374
       400               3309.9   -0.369834641495184
       401                 3310   -0.369294620206721
       402               3310.1    -0.36876754029275
       403               3310.2   -0.368237093181863
       404               3310.3   -0.367647984429265
       405               3310.4   -0.366962605179165
       406               3310.5   -0.366211476194359
       407               3310.6   -0.365468303450539
       408               3310.7    -0.36475451692302
       409               3310.8   -0.363974320590002
       410               3310.9   -0.362969097607544
       411                 3311    -0.36165859095342
       412               3311.1   -0.360148869088855
       413               3311.2   -0.358721420472371
       414               3311.3   -0.357709469243153
       415               3311.4   -0.357325874681325
       416               3311.5   -0.357530164290889
       417               3311.6   -0.358031299865793
       418               3311.7     -0.3584659736649
       419               3311.8   -0.358641893542957
       420               3311.9   -0.358634235812167
       421                 3312    -0.35864355276412
       422               3312.1    -0.35877011984345
       423               3312.2   -0.358933694336937
       424               3312.3   -0.358978633347879
       425               3312.4   -0.358805738917895
       426               3312.5   -0.358398287854926
       427               3312.6   -0.357772489686508
       428               3312.7   -0.356948909808657
       429               3312.8   -0.355965007340258
       430               3312.9   -0.354879587670473
       431                 3313    -0.35375100915465
       432               3313.1   -0.352624914821741
       433               3313.2   -0.351547231034477
       434               3313.3   -0.350563897843129
       435               3313.4   -0.349681552992666
       436               3313.5   -0.348829830115301
       437               3313.6   -0.347875581276812
       438               3313.7   -0.346675062003354
       439               3313.8   -0.345119802698046
       440               3313.9   -0.343174803625922
       441                 3314   -0.340925847053451
       442               3314.1   -0.338599409432965
       443               3314.2   -0.336493991125878
       444               3314.3   -0.334834273193678
       445               3314.4   -0.333641089368525
       446               3314.5   -0.332701495985106
       447               3314.6    -0.33165668797013
       448               3314.7    -0.33017128633663
       449               3314.8   -0.328099417061979
       450               3314.9   -0.325525567455396
       451                 3315   -0.322622973964672
       452               3315.1   -0.319452095723676
       453               3315.2   -0.315918110466018
       454               3315.3   -0.311949297113798
       455               3315.4   -0.307703931644686
       456               3315.5    -0.30357340151799
       457               3315.6   -0.299964869392947
       458               3315.7   -0.297055935170925
       459               3315.8    -0.29471415702964
       460               3315.9   -0.292619045597683
       461                 3316   -0.290473111833139
       462               3316.1   -0.288141675154392
       463               3316.2     -0.2856385698886
       464               3316.3   -0.283017498115182
       465               3316.4   -0.280304723777071
       466               3316.5   -0.277534145318997
       467               3316.6   -0.274810226980897
       468               3316.7   -0.272295470129497
       469               3316.8   -0.270120516647941
       470               3316.9   -0.268306332485393
       471                 3317   -0.266767690206547
       472               3317.1    -0.26538299698773
       473               3317.2   -0.264063088477382
       474               3317.3   -0.262763635015761
       475               3317.4   -0.261439712671882
       476               3317.5   -0.259998061283489
       477               3317.6   -0.258316847494679
       478               3317.7   -0.256349176544939
       479               3317.8   -0.254242127336829
       480               3317.9   -0.252366174005827
       481                 3318   -0.251200835963154
       482               3318.1   -0.251123602513159
       483               3318.2   -0.252224813548237
       484               3318.3   -0.254264486756233
       485               3318.4   -0.256793469319961
       486               3318.5   -0.259347556634843
       487               3318.6   -0.261593348024155
       488               3318.7   -0.263384438377039
       489               3318.8   -0.264769257464856
       490               3318.9   -0.265975583644131
       491                 3319   -0.267335653982446
       492               3319.1   -0.269134928357276
       493               3319.2   -0.271464403368662
       494               3319.3   -0.274196213327841
       495               3319.4   -0.277106875039722
       496               3319.5   -0.280035086503336
       497               3319.6   -0.282940942706164
       498               3319.7   -0.285854186211305
       499               3319.8   -0.288806055317306
       500               3319.9   -0.291807797599856
       501                 3320    -0.29485104301888
       502               3320.1   -0.297904707853366
       503               3320.2   -0.300934770899459
       504               3320.3   -0.303947590169286
       505               3320.4   -0.306989975839424
       506               3320.5   -0.310077330150568
       507               3320.6   -0.313138849511042
       508               3320.7   -0.316075351340348
       509               3320.8   -0.318877846030159
       510               3320.9   -0.321652628820376
       511                 3321   -0.324501536767324
       512               3321.1    -0.32739921812761
       513               3321.2    -0.33023743834808
       514               3321.3   -0.333004236921472
       515               3321.4   -0.335871179690094
       516               3321.5   -0.339039846525689
       517               3321.6   -0.342484517218365
       518               3321.7   -0.345873843968022
       519               3321.8   -0.348771697361429
       520               3321.9    -0.35093015053159
       521                 3322   -0.352427691598546
       522               3322.1   -0.353587088599441
       523               3322.2   -0.354777227705111
       524               3322.3   -0.356222247494349
       525               3322.4   -0.357895550024526
       526               3322.5   -0.359550938006067
       527               3322.6   -0.360896506709188
       528               3322.7    -0.36181427901542
       529               3322.8   -0.362459532986986
       530               3322.9   -0.363152938668962
       531                 3323   -0.364161964967706
       532               3323.1   -0.365559639597598
       533               3323.2   -0.367246263989952
       534               3323.3   -0.369062253011204
       535               3323.4   -0.370886638643087
       536               3323.5   -0.372683469819965
       537               3323.6   -0.374501042094101
       538               3323.7   -0.376427471546423
       539               3323.8   -0.378513120733632
       540               3323.9   -0.380687804852371
       541                 3324    -0.38271441597101
       542               3324.1   -0.384235800628256
       543               3324.2    -0.38494896489471
       544               3324.3   -0.384834389584788
       545               3324.4   -0.384260107035071
       546               3324.5   -0.383826563646847
       547               3324.6   -0.384027698912392
       548               3324.7    -0.38497849079276
       549               3324.8    -0.38640822391164
       550               3324.9   -0.387883609159766
       551                 3325    -0.38904928280984
       552               3325.1   -0.389724695505902
       553               3325.2    -0.38987616459379
       554               3325.3   -0.389566612458809
       555               3325.4   -0.388919178035347
       556               3325.5   -0.388063156297396
       557               3325.6   -0.387067020457368
       558               3325.7   -0.385924265663323
       559               3325.8   -0.384625220277463
       560               3325.9   -0.383249553340057
       561                 3326   -0.381979793944166
       562               3326.1     -0.3810130910121
       563               3326.2   -0.380449490494708
       564               3326.3   -0.380259672916258
       565               3326.4   -0.380363663105692
       566               3326.5   -0.380738813822524
       567               3326.6   -0.381427010527907
       568               3326.7    -0.38241399373185
       569               3326.8    -0.38352514740893
       570               3326.9   -0.384495410007513
       571                 3327   -0.385165258506085
       572               3327.1   -0.385586658948661
       573               3327.2    -0.38592780267596
       574               3327.3   -0.386301421005844
       575               3327.4   -0.386694634220804
       576               3327.5   -0.387018321308683
       577               3327.6   -0.387173889313894
       578               3327.7    -0.38708417403975
       579               3327.8   -0.386710586005265
       580               3327.9   -0.386058292218036
       581                 3328   -0.385148394876724
       582               3328.1   -0.384000309356311
       583               3328.2   -0.382696508973396
       584               3328.3   -0.381478754413811
       585               3328.4    -0.38071151487719
       586               3328.5   -0.380666592834887
       587               3328.6   -0.381316312891628
       588               3328.7   -0.382343408077989
       589               3328.8   -0.383341753669498
       590               3328.9   -0.384000971977323
       591                 3329   -0.384147129755969
       592               3329.1   -0.383705857724427
       593               3329.2   -0.382712953080827
       594               3329.3   -0.381379922484007
       595               3329.4   -0.380098318796227
       596               3329.5   -0.379296878706444
       597               3329.6   -0.379219808420635
       598               3329.7   -0.379792640875292
       599               3329.8   -0.380671806752361
       600               3329.9   -0.381427650778235
       601                 3330   -0.381746816384121
       602               3330.1   -0.381572822683119
       603               3330.2   -0.381134985224038
       604               3330.3   -0.380827929054817
       605               3330.4   -0.380973107936293
       606               3330.5   -0.381609699381602
       607               3330.6   -0.382481509698007
       608               3330.7   -0.383232370305123
       609               3330.8   -0.383636537950816
       610               3330.9   -0.383679582906365
       611                 3331   -0.383469525856944
       612               3331.1   -0.383096756589546
       613               3331.2   -0.382554794350031
       614               3331.3   -0.381763008858739
       615               3331.4   -0.380679177649509
       616               3331.5   -0.379426391874935
       617               3331.6   -0.378311195574451
       618               3331.7   -0.377687922328683
       619               3331.8   -0.377781608668444
       620               3331.9   -0.378607926271151
       621                 3332   -0.379992550510331
       622               3332.1   -0.381614975986755
       623               3332.2   -0.383077154125684
       624               3332.3   -0.384043902736373
       625               3332.4   -0.384406747819034
       626               3332.5   -0.384341204581267
       627               3332.6    -0.38420384766461
       628               3332.7    -0.38435072042908
       629               3332.8   -0.384993650340679
       630               3332.9   -0.386150216778815
       631                 3333   -0.387678690409267
       632               3333.1   -0.389357280898192
       633               3333.2   -0.390967254108145
       634               3333.3   -0.392368979980162
       635               3333.4    -0.39357296827203
       636               3333.5   -0.394765515629865
       637               3333.6   -0.396222470651511
       638               3333.7   -0.398127114745996
       639               3333.8   -0.400423734721484
       640               3333.9   -0.402821249633758
       641                 3334   -0.404924316952652
       642               3334.1   -0.406397625330771
       643               3334.2   -0.407115789626823
       644               3334.3   -0.407265825579841
       645               3334.4   -0.407303444062529
       646               3334.5   -0.407701131586428
       647               3334.6   -0.408640285904065
       648               3334.7   -0.409927818185033
       649               3334.8   -0.411218140965785
       650               3334.9   -0.412298636346889
       651                 3335   -0.413159136760122
       652               3335.1   -0.413846657808293
       653               3335.2   -0.414332322742659
       654               3335.3   -0.414542535877923
       655               3335.4   -0.414489897590455
       656               3335.5   -0.414344847147992
       657               3335.6   -0.414359771118917
       658               3335.7   -0.414680187102265
       659               3335.8   -0.415173039756148
       660               3335.9   -0.415425282359372
       661                 3336    -0.41496285375794
       662               3336.1   -0.413550127171932
       663               3336.2   -0.411335725000903
       664               3336.3   -0.408735599395067
       665               3336.4   -0.406164184365011
       666               3336.5   -0.403818656745864
       667               3336.6   -0.401642363833834
       668               3336.7    -0.39945661561864
       669               3336.8   -0.397146221904471
       670               3336.9   -0.394748250825811
       671                 3337   -0.392367917282969
       672               3337.1   -0.390008290489535
       673               3337.2     -0.3874940999669
       674               3337.3   -0.384570595925301
       675               3337.4   -0.381075561809142
       676               3337.5   -0.377028881099684
       677               3337.6   -0.372587446950484
       678               3337.7   -0.367922470853861
       679               3337.8   -0.363104888295566
       680               3337.9   -0.358067731828012
       681                 3338    -0.35267059840692
       682               3338.1   -0.346814260821789
       683               3338.2    -0.34050391232795
       684               3338.3   -0.333806752701585
       685               3338.4   -0.326754836428409
       686               3338.5   -0.319303406517035
       687               3338.6   -0.311408623596482
       688               3338.7    -0.30316127261291
       689               3338.8   -0.294823403315103
       690               3338.9   -0.286695979445524
       691                 3339   -0.278942466065309
       692               3339.1   -0.271555364141079
       693               3339.2   -0.264475721713768
       694               3339.3   -0.257693364747537
       695               3339.4   -0.251212022605142
       696               3339.5   -0.244957704849483
       697               3339.6   -0.238767858232978
       698               3339.7   -0.232474088810472
       699               3339.8   -0.225975641188154
       700               3339.9   -0.219228921817027
       701                 3340   -0.212185460352017
       702               3340.1   -0.204766415487414
       703               3340.2   -0.196918979516393
       704               3340.3   -0.188713831408732
       705               3340.4   -0.180401683823708
       706               3340.5   -0.172379963240747
       707               3340.6   -0.165074643790108
       708               3340.7    -0.15877556682626
       709               3340.8   -0.153498542080143
       710               3340.9   -0.148975945821678
       711                 3341      -0.144820992445
       712               3341.1   -0.140766867929353
       713               3341.2   -0.136799061587989
       714               3341.3     -0.1330945779613
       715               3341.4    -0.12986182173619
       716               3341.5   -0.127240750521688
       717               3341.6   -0.125316469140259
       718               3341.7   -0.124165989925037
       719               3341.8   -0.123852780938859
       720               3341.9   -0.124381412873554
       721                 3342    -0.12567969395296
       722               3342.1   -0.127632147051819
       723               3342.2   -0.130131003339426
       724               3342.3   -0.133116347703306
       725               3342.4   -0.136612118823396
       726               3342.5   -0.140754208662717
       727               3342.6   -0.145759640427103
       728               3342.7   -0.151798443075755
       729               3342.8   -0.158837097703282
       730               3342.9   -0.166601158487117
       731                 3343   -0.174724316314073
       732               3343.1   -0.182976799630748
       733               3343.2   -0.191391143366431
       734               3343.3   -0.200205891141444
       735               3343.4   -0.209709020968115
       736               3343.5   -0.220115462739392
       737               3343.6   -0.231523074206657
       738               3343.7   -0.243894015605183
       739               3343.8   -0.257036213660531
       740               3343.9   -0.270644512424223
       741                 3344   -0.284427378578963
       742               3344.1   -0.298210917610579
       743               3344.2   -0.311897451732908
       744               3344.3   -0.325325467343377
       745               3344.4   -0.338206912732863
       746               3344.5   -0.350227871543352
       747               3344.6   -0.361215133412402
       748               3344.7   -0.371219822208338
       749               3344.8   -0.380473558247183
       750               3344.9   -0.389280655438652
       751                 3345   -0.397920160663915
       752               3345.1   -0.406578555652712
       753               3345.2   -0.415294774973588
       754               3345.3    -0.42390991779771
       755               3345.4   -0.432061773115853
       756               3345.5   -0.439290860156867
       757               3345.6   -0.445262505378824
       758               3345.7   -0.449981020208195
       759               3345.8   -0.453815530645784
       760               3345.9   -0.457276804456969
       761                 3346   -0.460697566367421
       762               3346.1   -0.464064434198623
       763               3346.2   -0.467114937311171
       764               3346.3   -0.469576565629809
       765               3346.4   -0.471332448756455
       766               3346.5   -0.472427566233545
       767               3346.6   -0.472996167323409
       768               3346.7     -0.4732048893828
       769               3346.8    -0.47321835642754
       770               3346.9   -0.473168955337711
       771                 3347   -0.473155414606252
       772               3347.1   -0.473286733830341
       773               3347.2   -0.473719317499407
       774               3347.3   -0.474618224419603
       775               3347.4   -0.476049175215965
       776               3347.5   -0.477889442039979
       777               3347.6    -0.47984727992504
       778               3347.7   -0.481601544170112
       779               3347.8   -0.482974059579684
       780               3347.9   -0.484005497926896
       781                 3348    -0.48487852482319
       782               3348.1   -0.485776289909502
       783               3348.2   -0.486826880568756
       784               3348.3    -0.48817053997561
       785               3348.4   -0.490020410712756
       786               3348.5   -0.492586295520631
       787               3348.6     -0.4959080262798
       788               3348.7   -0.499774773426134
       789               3348.8   -0.503826663628096
       790               3348.9   -0.507751018584506
       791                 3349   -0.511406013093433
       792               3349.1    -0.51478872427965
       793               3349.2   -0.517907097120965
       794               3349.3   -0.520689234647138
       795               3349.4   -0.523014972192168
       796               3349.5   -0.524831535926805
       797               3349.6   -0.526238977428201
       798               3349.7   -0.527476408227038
       799               3349.8   -0.528835008724312
       800               3349.9   -0.530553818659887
       801                 3350   -0.532729620304497
       802               3350.1   -0.535271518840574
       803               3350.2   -0.537938438061463
       804               3350.3   -0.540454045591562
       805               3350.4   -0.542634326769794
       806               3350.5   -0.544451879916359
       807               3350.6   -0.545987537243671
       808               3350.7   -0.547281625199525
       809               3350.8    -0.54820844355073
       810               3350.9   -0.548538106455954
       811                 3351   -0.548172608463939
       812               3351.1   -0.547304939157775
       813               3351.2   -0.546296281605506
       814               3351.3   -0.545389016143614
       815               3351.4   -0.544555140432529
       816               3351.5   -0.543598366455632
       817               3351.6    -0.54235584463116
       818               3351.7   -0.540803110269341
       819               3351.8   -0.539012473654794
       820               3351.9   -0.537040721599234
       821                 3352   -0.534856298655329
       822               3352.1   -0.532381327010411
       823               3352.2   -0.529621467528491
       824               3352.3   -0.526750396172053
       825               3352.4   -0.524037598931136
       826               3352.5   -0.521663874670856
       827               3352.6   -0.519586098100673
       828               3352.7   -0.517565825747732
       829               3352.8   -0.515335057852345
       830               3352.9   -0.512773962642326
       831                 3353   -0.509970151037982
       832               3353.1   -0.507105539959793
       833               3353.2   -0.504253689656431
       834               3353.3   -0.501281295772745
       835               3353.4   -0.497986104277221
       836               3353.5   -0.494363758782448
       837               3353.6   -0.490727579587517
       838               3353.7    -0.48754115410473
       839               3353.8   -0.485126482608505
       840               3353.9   -0.483510207510363
       841                 3354   -0.482467720989207
       842               3354.1   -0.481621372225099
       843               3354.2   -0.480504516162033
       844               3354.3   -0.478677716946039
       845               3354.4   -0.475967132212195
       846               3354.5   -0.472671329349869
       847               3354.6   -0.469473737397617
       848               3354.7   -0.467027831187419
       849               3354.8    -0.46553494381433
       850               3354.9   -0.464683521301145
       851                 3355   -0.463970279380729
       852               3355.1   -0.463065947138363
       853               3355.2   -0.461914930839943
       854               3355.3   -0.460587558826062
       855               3355.4   -0.459125524805432
       856               3355.5   -0.457531904939682
       857               3355.6   -0.455844452611922
       858               3355.7   -0.454155791755122
       859               3355.8   -0.452541707793414
       860               3355.9   -0.450982367738275
       861                 3356   -0.449375309222607
       862               3356.1   -0.447635881084456
       863               3356.2   -0.445782566172598
       864               3356.3   -0.443929768194204
       865               3356.4   -0.442216125302852
       866               3356.5   -0.440740318925793
       867               3356.6   -0.439534604497548
       868               3356.7   -0.438575172076652
       869               3356.8   -0.437827175656517
       870               3356.9   -0.437290553348745
       871                 3357   -0.436985048512982
       872               3357.1   -0.436876061552475
       873               3357.2   -0.436836706293371
       874               3357.3   -0.436715669142559
       875               3357.4   -0.436448536263967
       876               3357.5   -0.436090913390327
       877               3357.6   -0.435741796836469
       878               3357.7    -0.43543768608643
       879               3357.8    -0.43510641588611
       880               3357.9   -0.434609859972452
       881                 3358   -0.433853300962474
       882               3358.1    -0.43289032459713
       883               3358.2   -0.431918127491468
       884               3358.3   -0.431130804708281
       885               3358.4   -0.430559580296095
       886               3358.5    -0.43007215598626
       887               3358.6   -0.429527340678361
       888               3358.7   -0.428903169078337
       889               3358.8   -0.428276087735312
       890               3358.9   -0.427722964820663
       891                 3359   -0.427272924741855
       892               3359.1   -0.426924091290243
       893               3359.2   -0.426665191662228
       894               3359.3   -0.426482176394801
       895               3359.4   -0.426363282127098
       896               3359.5   -0.426286629275316
       897               3359.6   -0.426179234039727
       898               3359.7   -0.425903073963891
       899               3359.8   -0.425330106044027
       900               3359.9   -0.424460495978556
       901                 3360   -0.423454483145432
       902               3360.1   -0.422520211565021
       903               3360.2   -0.421755148843002
       904               3360.3   -0.421094272269386
       905               3360.4   -0.420409923677756
       906               3360.5   -0.419657036582019
       907               3360.6   -0.418922957943885
       908               3360.7   -0.418348587351089
       909               3360.8    -0.41801393741423
       910               3360.9   -0.417901351051253
       911                 3361   -0.417961745406891
       912               3361.1   -0.418206404049754
       913               3361.2   -0.418715187170817
       914               3361.3   -0.419522274797693
       915               3361.4   -0.420472058038694
       916               3361.5   -0.421207974126644
       917               3361.6    -0.42135280613256
       918               3361.7   -0.420732679760717
       919               3361.8   -0.419433447497811
       920               3361.9   -0.417665661904462
       921                 3362   -0.415625151607014
       922               3362.1   -0.413489963340663
       923               3362.2   -0.411469360260883
       924               3362.3   -0.409751872006316
       925               3362.4   -0.408381776184999
       926               3362.5   -0.407243433923559
       927               3362.6   -0.406217128929725
       928               3362.7   -0.405342805669095
       929               3362.8   -0.404800264338601
       930               3362.9   -0.404724885905937
       931                 3363   -0.405061025474666
       932               3363.1   -0.405597599664084
       933               3363.2   -0.406124374836398
       934               3363.3   -0.406544575028735
       935               3363.4   -0.406871432770417
       936               3363.5   -0.407170815586151
       937               3363.6   -0.407519972914804
       938               3363.7   -0.407966440208738
       939               3363.8   -0.408451147208886
       940               3363.9   -0.408748522744661
       941                 3364   -0.408534071964309
       942               3364.1   -0.407596330022068
       943               3364.2   -0.406044837561377
       944               3364.3   -0.404320183611292
       945               3364.4   -0.402961411419451
       946               3364.5   -0.402299165236416
       947               3364.6   -0.402308665067056
       948               3364.7   -0.402701468447223
       949               3364.8   -0.403125730173235
       950               3364.9   -0.403311598618925
       951                 3365   -0.403137324650197
       952               3365.1   -0.402670590103324
       953               3365.2   -0.402155652935236
       954               3365.3   -0.401862929717716
       955               3365.4   -0.401858974092499
       956               3365.5   -0.401917980446203
       957               3365.6   -0.401703446109796
       958               3365.7    -0.40106397989089
       959               3365.8   -0.400159888957741
       960               3365.9   -0.399316855255562
       961                 3366   -0.398762521157883
       962               3366.1   -0.398475888514837
       963               3366.2   -0.398254790226207
       964               3366.3    -0.39792859248981
       965               3366.4   -0.397533448025137
       966               3366.5    -0.39729459244819
       967               3366.6   -0.397426343160394
       968               3366.7   -0.397936632984045
       969               3366.8   -0.398620927809032
       970               3366.9   -0.399233180037498
       971                 3367   -0.399650676120285
       972               3367.1   -0.399896559186917
       973               3367.2   -0.400057187818586
       974               3367.3   -0.400205687349599
       975               3367.4   -0.400375106086127
       976               3367.5   -0.400555971595276
       977               3367.6   -0.400698690451558
       978               3367.7   -0.400724292158098
       979               3367.8    -0.40055008179895
       980               3367.9   -0.400139667953368
       981                 3368   -0.399572452790557
       982               3368.1   -0.399071710497786
       983               3368.2   -0.398906853875052
       984               3368.3   -0.399185648080552
       985               3368.4   -0.399701774740253
       986               3368.5   -0.400008889198208
       987               3368.6    -0.39970174067648
       988               3368.7   -0.398688693903088
       989               3368.8   -0.397251953117022
       990               3368.9   -0.395888658905683
       991                 3369   -0.395085729467567
       992               3369.1   -0.395162640132502
       993               3369.2   -0.396203649072188
       994               3369.3   -0.398046145869641
       995               3369.4   -0.400316766020944
       996               3369.5   -0.402530515293075
       997               3369.6   -0.404246432925198
       998               3369.7    -0.40523020345265
       999               3369.8   -0.405543623386147
      1000               3369.9    -0.40549123493557
      1001                 3370   -0.405430429655364
      1002               3370.1   -0.405560859192308
      1003               3370.2   -0.405844124498196
      1004               3370.3   -0.406101911983818
      1005               3370.4   -0.406194545098747
      1006               3370.5   -0.406139648933643
      1007               3370.6   -0.406101540372367
      1008               3370.7     -0.4062670097377
      1009               3370.8    -0.40668603217068
      1010               3370.9   -0.407205296624654
      1011                 3371   -0.407583284742232
      1012               3371.1   -0.407698968777204
      1013               3371.2   -0.407630202437273
      1014               3371.3   -0.407507292554448
      1015               3371.4   -0.407321990550249
      1016               3371.5   -0.406922780442941
      1017               3371.6   -0.406183078675458
      1018               3371.7   -0.405139169378128
      1019               3371.8   -0.403988783409367
      1020               3371.9   -0.403012258421033
      1021                 3372   -0.402478880446061
      1022               3372.1   -0.402529113778027
      1023               3372.2   -0.403073877648172
      1024               3372.3   -0.403833812266458
      1025               3372.4   -0.404537050927009
      1026               3372.5   -0.405084237836381
      1027               3372.6   -0.405496544734366
      1028               3372.7     -0.4057336978652
      1029               3372.8   -0.405638890407168
      1030               3372.9   -0.405092580803567
      1031                 3373   -0.404188885764588
      1032               3373.1   -0.403238189561286
      1033               3373.2   -0.402605942808898
      1034               3373.3   -0.402537637691043
      1035               3373.4   -0.403083847413891
      1036               3373.5   -0.404128675330187
      1037               3373.6   -0.405454185297628
      1038               3373.7   -0.406785579211452
      1039               3373.8   -0.407827077730231
      1040               3373.9   -0.408331933927297
      1041                 3374   -0.408206097752044
      1042               3374.1   -0.407579759252948
      1043               3374.2   -0.406775214331509
      1044               3374.3   -0.406165396347046
      1045               3374.4   -0.406000512696373
      1046               3374.5   -0.406309473915474
      1047               3374.6   -0.406927717548423
      1048               3374.7    -0.40761290430117
      1049               3374.8   -0.408168498439584
      1050               3374.9   -0.408522199382656
      1051                 3375   -0.408745211854445
      1052               3375.1   -0.409007628920245
      1053               3375.2   -0.409470765682104
      1054               3375.3   -0.410156346113472
      1055               3375.4   -0.410878294296101
      1056               3375.5    -0.41130614459292
      1057               3375.6   -0.411137393439006
      1058               3375.7   -0.410270312185733
      1059               3375.8   -0.408868794525507
      1060               3375.9   -0.407286753938734
      1061                 3376   -0.405908763359532
      1062               3376.1   -0.405012876792429
      1063               3376.2   -0.404728477932476
      1064               3376.3   -0.405059790112145
      1065               3376.4   -0.405895168407068
      1066               3376.5   -0.407005334689562
      1067               3376.6   -0.408116964847466
      1068               3376.7   -0.409065562717209
      1069               3376.8    -0.40989141267358
      1070               3376.9   -0.410777428654042
      1071                 3377   -0.411899840038933
      1072               3377.1   -0.413324402027036
      1073               3377.2   -0.414981415782336
      1074               3377.3   -0.416676000919939
      1075               3377.4   -0.418122948225414
      1076               3377.5   -0.419035863506418
      1077               3377.6   -0.419270549174774
      1078               3377.7   -0.418959212008108
      1079               3377.8   -0.418532614491272
      1080               3377.9   -0.418556941796636
      1081                 3378   -0.419435074267529
      1082               3378.1   -0.421157651345787
      1083               3378.2    -0.42328505627745
      1084               3378.3   -0.425174806173688
      1085               3378.4   -0.426298422350775
      1086               3378.5   -0.426455662376382
      1087               3378.6    -0.42578467256614
      1088               3378.7     -0.4246082070304
      1089               3378.8   -0.423258178561395
      1090               3378.9   -0.421993652892081
      1091                 3379   -0.420996397538913
      1092               3379.1   -0.420361229154867
      1093               3379.2    -0.42007499157289
      1094               3379.3    -0.42005216698241
      1095               3379.4   -0.420234426486765
      1096               3379.5   -0.420662280038764
      1097               3379.6   -0.421441752068405
      1098               3379.7    -0.42263461701388
      1099               3379.8   -0.424169297521108
      1100               3379.9    -0.42584439059435
      1101                 3380   -0.427417080588472
      1102               3380.1   -0.428705015815907
      1103               3380.2   -0.429630624314369
      1104               3380.3   -0.430194819918996
      1105               3380.4   -0.430431501828788
      1106               3380.5   -0.430407421794755
      1107               3380.6   -0.430272429864008
      1108               3380.7   -0.430289261622765
      1109               3380.8   -0.430772872564559
      1110               3380.9    -0.43195050879093
      1111                 3381   -0.433822305459563
      1112               3381.1   -0.436108502820752
      1113               3381.2   -0.438336898708493
      1114               3381.3   -0.440055120173804
      1115               3381.4   -0.441053202165726
      1116               3381.5   -0.441443290803868
      1117               3381.6   -0.441537598407164
      1118               3381.7   -0.441616426464017
      1119               3381.8   -0.441750000263548
      1120               3381.9   -0.441790059339202
      1121                 3382   -0.441526077770191
      1122               3382.1   -0.440881601092709
      1123               3382.2   -0.439997599959078
      1124               3382.3   -0.439148617997542
      1125               3382.4   -0.438577093095952
      1126               3382.5   -0.438383467260616
      1127               3382.6   -0.438543138651431
      1128               3382.7    -0.43900525229609
      1129               3382.8   -0.439756654458087
      1130               3382.9   -0.440774685389299
      1131                 3383   -0.441923542139142
      1132               3383.1   -0.442932877600878
      1133               3383.2   -0.443517828766021
      1134               3383.3   -0.443535746862977
      1135               3383.4   -0.443027141742431
      1136               3383.5   -0.442117989003339
      1137               3383.6   -0.440906125535907
      1138               3383.7   -0.439444392292459
      1139               3383.8   -0.437800642865716
      1140               3383.9   -0.436095174408018
      1141                 3384   -0.434470015554648
      1142               3384.1   -0.433033398897059
      1143               3384.2   -0.431831557946186
      1144               3384.3   -0.430846192446627
      1145               3384.4   -0.429990884934514
      1146               3384.5   -0.429114116547285
      1147               3384.6   -0.428052838268409
      1148               3384.7   -0.426748332905743
      1149               3384.8   -0.425344678419243
      1150               3384.9   -0.424149081477794
      1151                 3385   -0.423433866321774
      1152               3385.1    -0.42322646174769
      1153               3385.2   -0.423275706307107
      1154               3385.3   -0.423231365212473
      1155               3385.4   -0.422884755309633
      1156               3385.5   -0.422280669019626
      1157               3385.6   -0.421630563806923
      1158               3385.7   -0.421105357345483
      1159               3385.8   -0.420669542504518
      1160               3385.9   -0.420099746880047
      1161                 3386    -0.41919029668661
      1162               3386.1    -0.41796552554404
      1163               3386.2   -0.416689579299039
      1164               3386.3    -0.41566430894424
      1165               3386.4   -0.415021664426384
      1166               3386.5   -0.414693953332942
      1167               3386.6   -0.414532424760359
      1168               3386.7   -0.414417952556806
      1169               3386.8   -0.414284366838391
      1170               3386.9   -0.414096267225639
      1171                 3387    -0.41383749663203
      1172               3387.1   -0.413522582945262
      1173               3387.2   -0.413224629199177
      1174               3387.3   -0.413092821442618
      1175               3387.4   -0.413306675099778
      1176               3387.5   -0.413961451914809
      1177               3387.6    -0.41497716449349
      1178               3387.7    -0.41612192623953
      1179               3387.8   -0.417119424724348
      1180               3387.9   -0.417741817613358
      1181                 3388   -0.417856235629922
      1182               3388.1   -0.417461593407323
      1183               3388.2   -0.416708416065989
      1184               3388.3   -0.415831639410919
      1185               3388.4   -0.414992101960679
      1186               3388.5   -0.414164914542246
      1187               3388.6   -0.413214412280018
      1188               3388.7    -0.41209221578194
      1189               3388.8   -0.410933079083374
      1190               3388.9   -0.409940042249716
      1191                 3389   -0.409204085127724
      1192               3389.1   -0.408656827766667
      1193               3389.2   -0.408164400187202
      1194               3389.3   -0.407620659172399
      1195               3389.4   -0.406962766547212
      1196               3389.5   -0.406165769736496
      1197               3389.6   -0.405276721229701
      1198               3389.7   -0.404446287379079
      1199               3389.8    -0.40387408458349
      1200               3389.9   -0.403675991624728
      1201                 3390   -0.403801180962453
      1202               3390.1   -0.404109119772671
      1203               3390.2   -0.404536977530599
      1204               3390.3   -0.405144243522562
      1205               3390.4   -0.405937549850532
      1206               3390.5   -0.406670454070077
      1207               3390.6   -0.406908130084111
      1208               3390.7   -0.406368315418483
      1209               3390.8   -0.405213137935933
      1210               3390.9    -0.40399207800117
      1211                 3391   -0.403288349121631
      1212               3391.1   -0.403377936398416
      1213               3391.2   -0.404132022523275
      1214               3391.3   -0.405155935986387
      1215               3391.4   -0.406023183181187
      1216               3391.5   -0.406468989981137
      1217               3391.6   -0.406460637481328
      1218               3391.7   -0.406128533709298
      1219               3391.8     -0.4056225117246
      1220               3391.9   -0.405000953276349
      1221                 3392   -0.404222121470107
      1222               3392.1   -0.403225447381027
      1223               3392.2   -0.402031425364194
      1224               3392.3   -0.400777743950479
      1225               3392.4    -0.39965309967814
      1226               3392.5   -0.398781153718753
      1227               3392.6   -0.398166763979035
      1228               3392.7   -0.397750738483888
      1229               3392.8   -0.397486134012694
      1230               3392.9   -0.397330516489604
      1231                 3393   -0.397180816458399
      1232               3393.1   -0.396872957128808
      1233               3393.2   -0.396293211900311
      1234               3393.3   -0.395508927982825
      1235               3393.4   -0.394790717908398
      1236               3393.5   -0.394482043732708
      1237               3393.6   -0.394785286818275
      1238               3393.7   -0.395605816950198
      1239               3393.8   -0.396581787773395
      1240               3393.9   -0.397303017488465
      1241                 3394   -0.397560437466124
      1242               3394.1    -0.39742880510939
      1243               3394.2   -0.397133049445562
      1244               3394.3   -0.396835258053222
      1245               3394.4   -0.396519226498646
      1246               3394.5    -0.39604394732207
      1247               3394.6   -0.395313622066148
      1248               3394.7   -0.394430566927901
      1249               3394.8   -0.393680192912901
      1250               3394.9   -0.393316158831321
      1251                 3395   -0.393331405795484
      1252               3395.1   -0.393462842820799
      1253               3395.2   -0.393440176712492
      1254               3395.3   -0.393217166052507
      1255               3395.4   -0.392964075698279
      1256               3395.5   -0.392882333654152
      1257               3395.6   -0.393054899836624
      1258               3395.7   -0.393429079416889
      1259               3395.8   -0.393865528613844
      1260               3395.9   -0.394184312924899
      1261                 3396   -0.394223695485953
      1262               3396.1    -0.39393141605789
      1263               3396.2   -0.393436224104873
      1264               3396.3   -0.393031344030438
      1265               3396.4   -0.393070725034685
      1266               3396.5   -0.393830708393569
      1267               3396.6   -0.395377511217269
      1268               3396.7   -0.397477746157649
      1269               3396.8   -0.399623908181217
      1270               3396.9   -0.401224822143919
      1271                 3397    -0.40188675259695
      1272               3397.1   -0.401608725521955
      1273               3397.2   -0.400762475331887
      1274               3397.3   -0.399870873593415
      1275               3397.4   -0.399308876752272
      1276               3397.5   -0.399091506503187
      1277               3397.6   -0.398889559583083
      1278               3397.7   -0.398284842731509
      1279               3397.8   -0.397080734324651
      1280               3397.9   -0.395423040943364
      1281                 3398   -0.393675449140293
      1282               3398.1   -0.392220895299904
      1283               3398.2   -0.391346564798089
      1284               3398.3   -0.391194537988683
      1285               3398.4   -0.391717927930902
      1286               3398.5   -0.392690859731511
      1287               3398.6   -0.393829197999577
      1288               3398.7   -0.394943549592903
      1289               3398.8    -0.39599409961257
      1290               3398.9   -0.397029046448177
      1291                 3399   -0.398090162483822
      1292               3399.1   -0.399154914232543
      1293               3399.2   -0.400134408845452
      1294               3399.3   -0.400920917204611
      1295               3399.4   -0.401454660942242
      1296               3399.5   -0.401764861532827
      1297               3399.6   -0.401964454634224
      1298               3399.7    -0.40220896954757
      1299               3399.8   -0.402629154705847
      1300               3399.9   -0.403250250855936
      1301                 3400   -0.403951540598247
      1302               3400.1   -0.404532947481698
      1303               3400.2   -0.404869182285476
      1304               3400.3   -0.405015815009193
      1305               3400.4   -0.405143459670601
      1306               3400.5   -0.405347114615304
      1307               3400.6   -0.405529133974588
      1308               3400.7   -0.405492023375253
      1309               3400.8   -0.405147623509934
      1310               3400.9   -0.404613555041108
      1311                 3401   -0.404085343255689
      1312               3401.1   -0.403606872202497
      1313               3401.2   -0.402966360721793
      1314               3401.3   -0.401839085751876
      1315               3401.4   -0.400089012588532
      1316               3401.5   -0.397991241123663
      1317               3401.6   -0.396171092144677
      1318               3401.7   -0.395275113997436
      1319               3401.8   -0.395610285769907
      1320               3401.9   -0.396994128609282
      1321                 3402   -0.398866064768202
      1322               3402.1   -0.400544232887378
      1323               3402.2   -0.401495709057475
      1324               3402.3   -0.401528059258933
      1325               3402.4   -0.400823012394944
      1326               3402.5   -0.399780673259123
      1327               3402.6    -0.39876142835201
      1328               3402.7   -0.397895168507124
      1329               3402.8   -0.397073689825482
      1330               3402.9   -0.396101211457929
      1331                 3403   -0.394874751500238
      1332               3403.1    -0.39347051138179
      1333               3403.2   -0.392101847167829
      1334               3403.3   -0.391008151209496
      1335               3403.4   -0.390360402696595
      1336               3403.5   -0.390223943340478
      1337               3403.6   -0.390559111152297
      1338               3403.7   -0.391226970746105
      1339               3403.8   -0.392008857927849
      1340               3403.9   -0.392679953142516
      1341                 3404   -0.393129045143602
      1342               3404.1   -0.393431794476323
      1343               3404.2   -0.393792570314225
      1344               3404.3   -0.394392517940289
      1345               3404.4   -0.395272618756188
      1346               3404.5   -0.396332801039554
      1347               3404.6   -0.397418906004204
      1348               3404.7   -0.398417308758047
      1349               3404.8   -0.399291548143441
      1350               3404.9   -0.400042042506827
      1351                 3405   -0.400634411064786
      1352               3405.1    -0.40097149024581
      1353               3405.2   -0.400929255907165
      1354               3405.3   -0.400409120451586
      1355               3405.4    -0.39937664363772
      1356               3405.5   -0.397904570853012
      1357               3405.6   -0.396208689756032
      1358               3405.7   -0.394607838392488
      1359               3405.8   -0.393379686488641
      1360               3405.9   -0.392601453787763
      1361                 3406   -0.392114349393568
      1362               3406.1    -0.39165983965944
      1363               3406.2   -0.391087502284337
      1364               3406.3   -0.390468385290961
      1365               3406.4   -0.390020771065219
      1366               3406.5   -0.389901210360736
      1367               3406.6   -0.390025681813122
      1368               3406.7   -0.390084292073573
      1369               3406.8   -0.389767522757524
      1370               3406.9   -0.389019350401214
      1371                 3407   -0.388080530976789
      1372               3407.1   -0.387281621879591
      1373               3407.2   -0.386788999682896
      1374               3407.3   -0.386526192905209
      1375               3407.4   -0.386297352361137
      1376               3407.5   -0.385967859115064
      1377               3407.6   -0.385553500604283
      1378               3407.7   -0.385183455215754
      1379               3407.8   -0.385012752570788
      1380               3407.9   -0.385173583493418
      1381                 3408   -0.385769300174672
      1382               3408.1   -0.386847057283309
      1383               3408.2   -0.388335064113069
      1384               3408.3    -0.39002421841374
      1385               3408.4    -0.39166365117695
      1386               3408.5   -0.393120647866349
      1387               3408.6   -0.394462801819671
      1388               3408.7   -0.395861208303044
      1389               3408.8      -0.397373796727
      1390               3408.9   -0.398811949385636
      1391                 3409   -0.399847056715766
      1392               3409.1   -0.400271022115194
      1393               3409.2   -0.400146596392348
      1394               3409.3   -0.399707575120307
      1395               3409.4   -0.399155526238875
      1396               3409.5   -0.398584000292526
      1397               3409.6   -0.398053529834349
      1398               3409.7   -0.397642698360495
      1399               3409.8   -0.397373035349508
      1400               3409.9   -0.397122531667502
      1401                 3410   -0.396691519824571
      1402               3410.1   -0.395995577515073
      1403               3410.2   -0.395183324450729
      1404               3410.3    -0.39454127827824
      1405               3410.4   -0.394274184824239
      1406               3410.5   -0.394369944913586
      1407               3410.6   -0.394648218726934
      1408               3410.7   -0.394898637836742
      1409               3410.8   -0.394964936421321
      1410               3410.9   -0.394754418372563
      1411                 3411   -0.394255768570217
      1412               3411.1   -0.393591410094286
      1413               3411.2   -0.393020804207046
      1414               3411.3   -0.392827775478951
      1415               3411.4   -0.393147204662056
      1416               3411.5   -0.393850915058066
      1417               3411.6   -0.394566558749401
      1418               3411.7   -0.394829256956923
      1419               3411.8   -0.394308618157471
      1420               3411.9     -0.3929962607316
      1421                 3412    -0.39122145610302
      1422               3412.1   -0.389461429991568
      1423               3412.2   -0.388081748623517
      1424               3412.3   -0.387206046637235
      1425               3412.4   -0.386782609287767
      1426               3412.5   -0.386725605750859
      1427               3412.6   -0.386976018038378
      1428               3412.7    -0.38746982922854
      1429               3412.8   -0.388114872140381
      1430               3412.9   -0.388821950689581
      1431                 3413   -0.389530405541589
      1432               3413.1   -0.390192151467605
      1433               3413.2   -0.390773181161082
      1434               3413.3   -0.391307935919753
      1435               3413.4   -0.391922577146537
      1436               3413.5   -0.392741957974681
      1437               3413.6   -0.393747134233018
      1438               3413.7   -0.394736846111458
      1439               3413.8   -0.395440808829244
      1440               3413.9   -0.395677337404616
      1441                 3414    -0.39542287405282
      1442               3414.1   -0.394764213385663
      1443               3414.2   -0.393809428253125
      1444               3414.3    -0.39264420376699
      1445               3414.4   -0.391347069845043
      1446               3414.5   -0.390015704859687
      1447               3414.6   -0.388770961383971
      1448               3414.7    -0.38774440672667
      1449               3414.8   -0.387052004776316
      1450               3414.9   -0.386748974961124
      1451                 3415   -0.386797046143072
      1452               3415.1   -0.387088397942998
      1453               3415.2   -0.387505683187329
      1454               3415.3   -0.387954802215117
      1455               3415.4   -0.388369657786084
      1456               3415.5   -0.388740242724885
      1457               3415.6   -0.389146611661276
      1458               3415.7   -0.389714898985888
      1459               3415.8   -0.390493734729346
      1460               3415.9   -0.391374363041428
      1461                 3416   -0.392156677098943
      1462               3416.1   -0.392715847578417
      1463               3416.2   -0.393116467385516
      1464               3416.3   -0.393552306002059
      1465               3416.4   -0.394141133854494
      1466               3416.5   -0.394759763818581
      1467               3416.6    -0.39509912468156
      1468               3416.7   -0.394916081590284
      1469               3416.8   -0.394258742558079
      1470               3416.9   -0.393466055475294
      1471                 3417   -0.392949356115717
      1472               3417.1   -0.392927983747703
      1473               3417.2   -0.393299782508503
      1474               3417.3   -0.393734142954521
      1475               3417.4   -0.393934477464856
      1476               3417.5    -0.39387269702907
      1477               3417.6   -0.393789418786545
      1478               3417.7   -0.393969303979449
      1479               3417.8   -0.394535593535854
      1480               3417.9   -0.395452631275654
      1481                 3418   -0.396640784102473
      1482               3418.1   -0.397993284821712
      1483               3418.2   -0.399287414914787
      1484               3418.3   -0.400176842230679
      1485               3418.4   -0.400347157598446
      1486               3418.5   -0.399684875737621
      1487               3418.6   -0.398292081096384
      1488               3418.7   -0.396379282567075
      1489               3418.8   -0.394190034091791
      1490               3418.9    -0.39200486202724
      1491                 3419   -0.390128432272527
      1492               3419.1   -0.388795249495746
      1493               3419.2   -0.388063370774903
      1494               3419.3   -0.387798306275379
      1495               3419.4   -0.387760227331928
      1496               3419.5   -0.387730690536814
      1497               3419.6   -0.387604470138852
      1498               3419.7   -0.387399111068557
      1499               3419.8   -0.387193782178634
      1500               3419.9    -0.38705994088063
