     index            Field [G]         Intensity []

         1                 3270   -0.394685793518608
         2               3270.1   -0.395193691806666
         3               3270.2   -0.395552948256024
         4               3270.3   -0.395551675118261
         5               3270.4   -0.395028320727836
         6               3270.5   -0.393998969781372
         7               3270.6   -0.392709125581569
         8               3270.7   -0.391537760996798
         9               3270.8   -0.390812339128772
        10               3270.9   -0.390650659073163
        11                 3271   -0.390898333757508
        12               3271.1    -0.39118262043592
        13               3271.2   -0.391079827793485
        14               3271.3   -0.390348072291328
        15               3271.4   -0.389096434451192
        16               3271.5   -0.387732591791057
        17               3271.6   -0.386671328881009
        18               3271.7   -0.386026804164128
        19               3271.8   -0.385575006239131
        20               3271.9   -0.385025496868268
        21                 3272   -0.384331862485382
        22               3272.1   -0.383740600003504
        23               3272.2   -0.383545449079781
        24               3272.3   -0.383790444100423
        25               3272.4   -0.384197958361523
        26               3272.5   -0.384380690184349
        27               3272.6   -0.384135163565774
        28               3272.7   -0.383558975811608
        29               3272.8   -0.382937620541528
        30               3272.9   -0.382567881946823
        31                 3273    -0.38266175686917
        32               3273.1   -0.383288808353617
        33               3273.2   -0.384282645732348
        34               3273.3   -0.385214721310427
        35               3273.4   -0.385598525729296
        36               3273.5   -0.385237750272943
        37               3273.6   -0.384386287548339
        38               3273.7   -0.383534684756915
        39               3273.8   -0.383036269796937
        40               3273.9   -0.382939527391173
        41                 3274   -0.383131344603519
        42               3274.1   -0.383562037996173
        43               3274.2    -0.38429467067538
        44               3274.3   -0.385377660823182
        45               3274.4   -0.386744176417584
        46               3274.5   -0.388256269157901
        47               3274.6   -0.389785120497628
        48               3274.7   -0.391185658190923
        49               3274.8   -0.392220968450467
        50               3274.9   -0.392600876379559
        51                 3275   -0.392149547655658
        52               3275.1   -0.390945309768667
        53               3275.2   -0.389318083689643
        54               3275.3   -0.387729673236722
        55               3275.4   -0.386599948348191
        56               3275.5   -0.386124352220327
        57               3275.6   -0.386168804271147
        58               3275.7   -0.386344920573587
        59               3275.8   -0.386249043904855
        60               3275.9   -0.385697939004193
        61                 3276   -0.384796985676762
        62               3276.1   -0.383825616470528
        63               3276.2   -0.383052021240467
        64               3276.3   -0.382599925893903
        65               3276.4    -0.38243114885974
        66               3276.5   -0.382440034739811
        67               3276.6   -0.382587265732742
        68               3276.7   -0.382958789196543
        69               3276.8   -0.383688486732065
        70               3276.9   -0.384813932824623
        71                 3277   -0.386202916536271
        72               3277.1   -0.387609840221944
        73               3277.2   -0.388793190691202
        74               3277.3    -0.38958876412823
        75               3277.4   -0.389902093229615
        76               3277.5    -0.38967522839963
        77               3277.6   -0.388911772788265
        78               3277.7   -0.387761876733664
        79               3277.8   -0.386544275184754
        80               3277.9   -0.385597657524985
        81                 3278   -0.385053621788367
        82               3278.1   -0.384762280417692
        83               3278.2   -0.384459426108557
        84               3278.3    -0.38400289594996
        85               3278.4   -0.383456775260974
        86               3278.5   -0.382997094337268
        87               3278.6   -0.382779959516138
        88               3278.7   -0.382883417243725
        89               3278.8   -0.383315198984097
        90               3278.9   -0.384028769685571
        91                 3279   -0.384921843943538
        92               3279.1   -0.385834083222883
        93               3279.2   -0.386573744575146
        94               3279.3   -0.386980607976488
        95               3279.4   -0.386992014422461
        96               3279.5   -0.386662950607269
        97               3279.6   -0.386120924068776
        98               3279.7   -0.385482330998945
        99               3279.8   -0.384783439915467
       100               3279.9    -0.38397486156448
       101                 3280   -0.382992546737674
       102               3280.1   -0.381863391254942
       103               3280.2   -0.380764655021121
       104               3280.3   -0.379971307762387
       105               3280.4   -0.379704501692763
       106               3280.5   -0.379990021108425
       107               3280.6   -0.380647788588456
       108               3280.7   -0.381420041242545
       109               3280.8   -0.382118565151969
       110               3280.9   -0.382675499919362
       111                 3281   -0.383096777715779
       112               3281.1   -0.383399147393677
       113               3281.2   -0.383596757347155
       114               3281.3   -0.383739315194039
       115               3281.4    -0.38394772215204
       116               3281.5   -0.384383969499127
       117               3281.6   -0.385151136779325
       118               3281.7   -0.386198489741112
       119               3281.8   -0.387317540176887
       120               3281.9   -0.388244818737078
       121                 3282   -0.388809148748904
       122               3282.1   -0.389031725629907
       123               3282.2   -0.389110615694005
       124               3282.3   -0.389288993471339
       125               3282.4   -0.389689659405016
       126               3282.5   -0.390229534801221
       127               3282.6   -0.390667458569462
       128               3282.7   -0.390741217172928
       129               3282.8   -0.390304603494294
       130               3282.9   -0.389401052011839
       131                 3283   -0.388254881834371
       132               3283.1   -0.387186498224785
       133               3283.2   -0.386477879987572
       134               3283.3   -0.386247615906056
       135               3283.4   -0.386414434849575
       136               3283.5   -0.386785463502536
       137               3283.6   -0.387204143039539
       138               3283.7   -0.387628483675334
       139               3283.8   -0.388079343938447
       140               3283.9   -0.388541863576009
       141                 3284   -0.388938389602707
       142               3284.1   -0.389174066003827
       143               3284.2   -0.389173228598427
       144               3284.3   -0.388893111808778
       145               3284.4   -0.388363732629199
       146               3284.5   -0.387720135581502
       147               3284.6   -0.387128978912406
       148               3284.7   -0.386643506642835
       149               3284.8   -0.386167163879611
       150               3284.9   -0.385592749884736
       151                 3285   -0.384944718481669
       152               3285.1   -0.384351536638915
       153               3285.2   -0.383908943395492
       154               3285.3   -0.383605015793616
       155               3285.4   -0.383347339235955
       156               3285.5   -0.383021660787428
       157               3285.6   -0.382561332499821
       158               3285.7   -0.382040211964905
       159               3285.8   -0.381713320072461
       160               3285.9   -0.381897924894271
       161                 3286   -0.382741973456724
       162               3286.1   -0.384085741826857
       163               3286.2    -0.38555633841247
       164               3286.3   -0.386810150743673
       165               3286.4   -0.387713473858788
       166               3286.5   -0.388330697139509
       167               3286.6   -0.388757843507475
       168               3286.7   -0.388958617046232
       169               3286.8   -0.388759693619102
       170               3286.9   -0.388022516762291
       171                 3287   -0.386827973211123
       172               3287.1   -0.385485981353203
       173               3287.2   -0.384364746654319
       174               3287.3   -0.383710438698633
       175               3287.4   -0.383597014873252
       176               3287.5   -0.383982831068635
       177               3287.6   -0.384762378738113
       178               3287.7   -0.385755114591136
       179               3287.8   -0.386675153986728
       180               3287.9   -0.387165957112808
       181                 3288   -0.386929544393237
       182               3288.1   -0.385884060509831
       183               3288.2   -0.384240147742233
       184               3288.3   -0.382436806550538
       185               3288.4    -0.38096816429079
       186               3288.5   -0.380187748874782
       187               3288.6      -0.380181828772
       188               3288.7    -0.38077961797671
       189               3288.8   -0.381703393836479
       190               3288.9   -0.382752073259075
       191                 3289   -0.383857200094942
       192               3289.1   -0.384967549262498
       193               3289.2   -0.385921841339806
       194               3289.3   -0.386499708488562
       195               3289.4   -0.386620693248934
       196               3289.5   -0.386458093621883
       197               3289.6   -0.386320369939973
       198               3289.7   -0.386417810608278
       199               3289.8   -0.386739125588183
       200               3289.9   -0.387110536362979
       201                 3290   -0.387329444412357
       202               3290.1   -0.387258920315272
       203               3290.2   -0.386866971177295
       204               3290.3   -0.386230128677107
       205               3290.4   -0.385490729750563
       206               3290.5   -0.384769603658207
       207               3290.6   -0.384099071900357
       208               3290.7   -0.383446207357004
       209               3290.8   -0.382800488065682
       210               3290.9   -0.382216844032974
       211                 3291   -0.381758009905522
       212               3291.1   -0.381417094760847
       213               3291.2   -0.381141082504416
       214               3291.3   -0.380950019627886
       215               3291.4   -0.381007409347234
       216               3291.5   -0.381526218705532
       217               3291.6   -0.382566425864009
       218               3291.7   -0.383899403464647
       219               3291.8   -0.385061952396321
       220               3291.9   -0.385574079411898
       221                 3292   -0.385190395732182
       222               3292.1   -0.384043973620817
       223               3292.2   -0.382598005355834
       224               3292.3   -0.381423128550653
       225               3292.4   -0.380927273720128
       226               3292.5   -0.381197056642808
       227               3292.6   -0.382023161777023
       228               3292.7   -0.383049759234593
       229               3292.8   -0.383929897051912
       230               3292.9   -0.384422282008097
       231                 3293   -0.384444217916292
       232               3293.1   -0.384098250537594
       233               3293.2    -0.38363827476381
       234               3293.3   -0.383351905932991
       235               3293.4   -0.383428159845977
       236               3293.5   -0.383913766196909
       237               3293.6   -0.384755393241063
       238               3293.7   -0.385818511653304
       239               3293.8    -0.38684162067298
       240               3293.9   -0.387444926083672
       241                 3294   -0.387305387620324
       242               3294.1   -0.386392868486755
       243               3294.2   -0.385024320207099
       244               3294.3    -0.38365700283461
       245               3294.4   -0.382620669031301
       246               3294.5   -0.382029152452499
       247               3294.6   -0.381878338362406
       248               3294.7   -0.382143796560454
       249               3294.8   -0.382764457503616
       250               3294.9   -0.383598802932556
       251                 3295   -0.384484940672123
       252               3295.1   -0.385380412084314
       253               3295.2   -0.386422733893176
       254               3295.3   -0.387814881089979
       255               3295.4   -0.389622742409355
       256               3295.5   -0.391664786243222
       257               3295.6   -0.393587172778832
       258               3295.7   -0.395051813964302
       259               3295.8   -0.395882393402254
       260               3295.9   -0.396077054077138
       261                 3296   -0.395727328482403
       262               3296.1   -0.394948713460549
       263               3296.2   -0.393875619274336
       264               3296.3   -0.392677031007958
       265               3296.4   -0.391525188932155
       266               3296.5   -0.390522276607028
       267               3296.6   -0.389664143392255
       268               3296.7   -0.388894180408456
       269               3296.8   -0.388194233657085
       270               3296.9    -0.38760249472761
       271                 3297   -0.387127172032363
       272               3297.1   -0.386656921409341
       273               3297.2   -0.385986448743481
       274               3297.3   -0.384948849126432
       275               3297.4   -0.383534325045753
       276               3297.5   -0.381903242644859
       277               3297.6     -0.3803041154749
       278               3297.7   -0.378963759305631
       279               3297.8   -0.378013862667647
       280               3297.9   -0.377490162055257
       281                 3298   -0.377387907042664
       282               3298.1   -0.377704627862454
       283               3298.2   -0.378414538687254
       284               3298.3   -0.379400737428108
       285               3298.4   -0.380431005191602
       286               3298.5   -0.381231918960642
       287               3298.6    -0.38162542016941
       288               3298.7   -0.381624523692316
       289               3298.8   -0.381399980841165
       290               3298.9   -0.381128393094078
       291                 3299   -0.380843690232304
       292               3299.1   -0.380428451003599
       293               3299.2   -0.379758451863801
       294               3299.3   -0.378861263140001
       295               3299.4   -0.377933497622355
       296               3299.5   -0.377207938192809
       297               3299.6   -0.376810914526797
       298               3299.7    -0.37674146148642
       299               3299.8   -0.376960960923221
       300               3299.9   -0.377469957302631
       301                 3300    -0.37828134298886
       302               3300.1   -0.379328617181341
       303               3300.2   -0.380429531325457
       304               3300.3   -0.381370223975009
       305               3300.4   -0.382043438021203
       306               3300.5   -0.382510786367163
       307               3300.6   -0.382929448922948
       308               3300.7   -0.383407951817726
       309               3300.8   -0.383911517793133
       310               3300.9   -0.384290644628913
       311                 3301    -0.38440915979276
       312               3301.1   -0.384264735226418
       313               3301.2   -0.383987850940385
       314               3301.3   -0.383714892159027
       315               3301.4   -0.383475927195375
       316               3301.5   -0.383233259053012
       317               3301.6   -0.383022226856252
       318               3301.7   -0.383015243327938
       319               3301.8   -0.383432143967637
       320               3301.9   -0.384397017782418
       321                 3302   -0.385855294903859
       322               3302.1   -0.387562328077239
       323               3302.2   -0.389128266905776
       324               3302.3   -0.390142458467814
       325               3302.4   -0.390358662971709
       326               3302.5   -0.389823681482394
       327               3302.6   -0.388840795971791
       328               3302.7   -0.387799743486158
       329               3302.8   -0.387010545417825
       330               3302.9   -0.386631333655801
       331                 3303   -0.386667163264815
       332               3303.1   -0.386988866405882
       333               3303.2   -0.387373909536388
       334               3303.3   -0.387582129060044
       335               3303.4    -0.38743059706485
       336               3303.5   -0.386827285752146
       337               3303.6   -0.385775339980354
       338               3303.7   -0.384367622517918
       339               3303.8   -0.382753363536543
       340               3303.9   -0.381080755219228
       341                 3304   -0.379478408704683
       342               3304.1   -0.378097219471388
       343               3304.2   -0.377124270756164
       344               3304.3   -0.376693924013128
       345               3304.4   -0.376770362818911
       346               3304.5   -0.377143799408821
       347               3304.6   -0.377566030362019
       348               3304.7   -0.377902637308547
       349               3304.8   -0.378168403217569
       350               3304.9   -0.378432930324997
       351                 3305   -0.378706839995678
       352               3305.1   -0.378926383723591
       353               3305.2   -0.379039061316603
       354               3305.3   -0.379081294712077
       355               3305.4   -0.379155178915318
       356               3305.5   -0.379325369583067
       357               3305.6    -0.37953975571015
       358               3305.7   -0.379658142817646
       359               3305.8   -0.379576019432348
       360               3305.9    -0.37932931689697
       361                 3306   -0.379064949504024
       362               3306.1   -0.378902194476087
       363               3306.2   -0.378842386005923
       364               3306.3    -0.37881422556125
       365               3306.4   -0.378755466984497
       366               3306.5   -0.378616615146691
       367               3306.6   -0.378342349871104
       368               3306.7    -0.37793263104835
       369               3306.8   -0.377516167181624
       370               3306.9   -0.377289701606843
       371                 3307   -0.377352784765488
       372               3307.1   -0.377624267540044
       373               3307.2   -0.377919403142783
       374               3307.3    -0.37807691573883
       375               3307.4   -0.378021763698897
       376               3307.5   -0.377767673836405
       377               3307.6   -0.377399229827968
       378               3307.7   -0.377034555067069
       379               3307.8   -0.376776185387824
       380               3307.9   -0.376686225574799
       381                 3308   -0.376793222589247
       382               3308.1   -0.377099893617899
       383               3308.2   -0.377580394007043
       384               3308.3   -0.378180385546099
       385               3308.4    -0.37881646286135
       386               3308.5   -0.379375234020601
       387               3308.6   -0.379749593053613
       388               3308.7    -0.37992006618327
       389               3308.8   -0.379992351876469
       390               3308.9   -0.380103989643731
       391                 3309   -0.380266118202418
       392               3309.1    -0.38031204024958
       393               3309.2   -0.380020602621127
       394               3309.3   -0.379295554025901
       395               3309.4   -0.378239656159471
       396               3309.5   -0.377083908987508
       397               3309.6   -0.376053612174239
       398               3309.7   -0.375268789699264
       399               3309.8   -0.374721198446484
       400               3309.9   -0.374311662886911
       401                 3310   -0.373904240960296
       402               3310.1   -0.373369149777822
       403               3310.2    -0.37261959448332
       404               3310.3   -0.371644073133512
       405               3310.4   -0.370500074270451
       406               3310.5   -0.369252103813905
       407               3310.6   -0.367920693051343
       408               3310.7   -0.366525232486057
       409               3310.8   -0.365176438298916
       410               3310.9   -0.364070936824713
       411                 3311   -0.363348059208231
       412               3311.1   -0.362963041564952
       413               3311.2   -0.362723995858604
       414               3311.3   -0.362433709543252
       415               3311.4   -0.361971636965248
       416               3311.5   -0.361277599033153
       417               3311.6   -0.360338811776675
       418               3311.7   -0.359235204965312
       419               3311.8   -0.358166936102482
       420               3311.9   -0.357377992945913
       421                 3312   -0.357010013799522
       422               3312.1   -0.357010641610753
       423               3312.2     -0.3571758336467
       424               3312.3    -0.35728118416713
       425               3312.4   -0.357188737620087
       426               3312.5    -0.35686849573003
       427               3312.6   -0.356368367376218
       428               3312.7    -0.35577966733644
       429               3312.8   -0.355188492736955
       430               3312.9   -0.354600855144661
       431                 3313   -0.353900879414991
       432               3313.1    -0.35291527239185
       433               3313.2   -0.351555854854475
       434               3313.3   -0.349917167733782
       435               3313.4   -0.348237470974129
       436               3313.5   -0.346754597397424
       437               3313.6   -0.345579140382635
       438               3313.7   -0.344676812074196
       439               3313.8   -0.343928125125163
       440               3313.9   -0.343162455665929
       441                 3314    -0.34213915973411
       442               3314.1    -0.34055998900142
       443               3314.2   -0.338179680926436
       444               3314.3   -0.334965253071793
       445               3314.4   -0.331195287552803
       446               3314.5   -0.327427972281206
       447               3314.6    -0.32432493848176
       448               3314.7   -0.322374978664294
       449               3314.8   -0.321644267908763
       450               3314.9   -0.321726628097504
       451                 3315   -0.321963408136729
       452               3315.1   -0.321782936149685
       453               3315.2   -0.320900417969074
       454               3315.3   -0.319269413642309
       455               3315.4   -0.316926860731377
       456               3315.5   -0.313934595490268
       457               3315.6   -0.310441222141686
       458               3315.7   -0.306714568253715
       459               3315.8   -0.303042515838088
       460               3315.9   -0.299587250207249
       461                 3316   -0.296348471193608
       462               3316.1   -0.293255537391981
       463               3316.2   -0.290258461259327
       464               3316.3   -0.287322498789083
       465               3316.4   -0.284380565271337
       466               3316.5   -0.281342846113138
       467               3316.6   -0.278161215390275
       468               3316.7   -0.274868201280011
       469               3316.8     -0.2715626325012
       470               3316.9   -0.268391159005627
       471                 3317   -0.265547329614129
       472               3317.1   -0.263233603411994
       473               3317.2   -0.261553802865253
       474               3317.3    -0.26041896748745
       475               3317.4   -0.259586423410946
       476               3317.5    -0.25882355327534
       477               3317.6   -0.258044604218976
       478               3317.7   -0.257303553211368
       479               3317.8   -0.256692847030138
       480               3317.9   -0.256273884821669
       481                 3318   -0.256079580832687
       482               3318.1   -0.256142189865658
       483               3318.2   -0.256515680787146
       484               3318.3    -0.25728881022309
       485               3318.4   -0.258558041421951
       486               3318.5   -0.260344035928661
       487               3318.6   -0.262529167528255
       488               3318.7   -0.264916155899576
       489               3318.8   -0.267371274864882
       490               3318.9   -0.269892815133209
       491                 3319   -0.272530764330345
       492               3319.1   -0.275273212272491
       493               3319.2    -0.27803906952689
       494               3319.3   -0.280746819841246
       495               3319.4   -0.283329739062549
       496               3319.5   -0.285688537193502
       497               3319.6   -0.287707036526191
       498               3319.7   -0.289375435347309
       499               3319.8   -0.290891481780019
       500               3319.9     -0.2926104987824
       501                 3320   -0.294875315156799
       502               3320.1   -0.297851144664645
       503               3320.2   -0.301455153834226
       504               3320.3   -0.305413588640306
       505               3320.4   -0.309432709114704
       506               3320.5   -0.313394313211165
       507               3320.6   -0.317432581772275
       508               3320.7   -0.321812100639446
       509               3320.8   -0.326687515761259
       510               3320.9   -0.331936230321493
       511                 3321   -0.337192447043272
       512               3321.1   -0.342025409221849
       513               3321.2   -0.346097669237347
       514               3321.3   -0.349220740535599
       515               3321.4   -0.351360441640943
       516               3321.5   -0.352646232779334
       517               3321.6   -0.353344280493684
       518               3321.7   -0.353746709061605
       519               3321.8   -0.354040759666825
       520               3321.9    -0.35428131386836
       521                 3322   -0.354489903564455
       522               3322.1   -0.354760706546127
       523               3322.2   -0.355251526507145
       524               3322.3   -0.356079633592783
       525               3322.4   -0.357252716937709
       526               3322.5   -0.358711481882444
       527               3322.6   -0.360416840510535
       528               3322.7   -0.362364458996956
       529               3322.8   -0.364508036235702
       530               3322.9   -0.366685311934043
       531                 3323   -0.368635928175024
       532               3323.1   -0.370109210918635
       533               3323.2   -0.370990738698944
       534               3323.3   -0.371367961629754
       535               3323.4   -0.371487497198419
       536               3323.5   -0.371619932461202
       537               3323.6    -0.37191865416169
       538               3323.7   -0.372372708678369
       539               3323.8   -0.372877234848028
       540               3323.9   -0.373348613265349
       541                 3324   -0.373793040515493
       542               3324.1   -0.374293865262462
       543               3324.2   -0.374937366466421
       544               3324.3   -0.375725778185067
       545               3324.4   -0.376547982738581
       546               3324.5   -0.377249697375444
       547               3324.6   -0.377742006021872
       548               3324.7   -0.378032397112938
       549               3324.8   -0.378165050820418
       550               3324.9   -0.378182248475744
       551                 3325   -0.378163963617773
       552               3325.1   -0.378247459121307
       553               3325.2   -0.378532219249707
       554               3325.3   -0.378952966188722
       555               3325.4   -0.379289728919366
       556               3325.5   -0.379341381111329
       557               3325.6   -0.379100543950517
       558               3325.7   -0.378761460704425
       559               3325.8   -0.378559733532626
       560               3325.9   -0.378596967420848
       561                 3326   -0.378800183490327
       562               3326.1   -0.379021083307723
       563               3326.2   -0.379144495951943
       564               3326.3   -0.379097666640342
       565               3326.4   -0.378802851175362
       566               3326.5   -0.378190162185456
       567               3326.6   -0.377278370962825
       568               3326.7   -0.376207568843388
       569               3326.8   -0.375167765238649
       570               3326.9     -0.3743178475959
       571                 3327   -0.373789381411625
       572               3327.1   -0.373722052350539
       573               3327.2   -0.374217315759591
       574               3327.3   -0.375216666573942
       575               3327.4   -0.376436316531355
       576               3327.5   -0.377454385187493
       577               3327.6   -0.377903417935908
       578               3327.7   -0.377630904647989
       579               3327.8   -0.376726104955812
       580               3327.9   -0.375423336474105
       581                 3328   -0.373979409378205
       582               3328.1   -0.372607875576735
       583               3328.2   -0.371458709466546
       584               3328.3    -0.37058800487883
       585               3328.4    -0.36993225531069
       586               3328.5    -0.36935939134908
       587               3328.6   -0.368787261540422
       588               3328.7   -0.368248008642465
       589               3328.8   -0.367823208811081
       590               3328.9   -0.367534481106134
       591                 3329   -0.367326017334931
       592               3329.1   -0.367153557317173
       593               3329.2   -0.367066101586289
       594               3329.3   -0.367183349987922
       595               3329.4   -0.367591365114563
       596               3329.5   -0.368258560826083
       597               3329.6   -0.369044113686451
       598               3329.7   -0.369780404626385
       599               3329.8   -0.370351862199301
       600               3329.9   -0.370711171718661
       601                 3330   -0.370840364936801
       602               3330.1   -0.370711168497765
       603               3330.2   -0.370291618689337
       604               3330.3   -0.369603310453939
       605               3330.4    -0.36878472257002
       606               3330.5   -0.368086612051964
       607               3330.6   -0.367759964497564
       608               3330.7   -0.367900703078251
       609               3330.8   -0.368382297341697
       610               3330.9   -0.368935609561796
       611                 3331   -0.369301824480647
       612               3331.1   -0.369349994162637
       613               3331.2    -0.36911793206728
       614               3331.3   -0.368777859022331
       615               3331.4   -0.368525589774744
       616               3331.5   -0.368433396390682
       617               3331.6    -0.36838115812981
       618               3331.7   -0.368157817279345
       619               3331.8   -0.367672949082158
       620               3331.9   -0.367090496647847
       621                 3332   -0.366749592762099
       622               3332.1   -0.366931929501199
       623               3332.2   -0.367675856280017
       624               3332.3   -0.368786130536448
       625               3332.4   -0.370006969720715
       626               3332.5   -0.371197511289743
       627               3332.6   -0.372378251283096
       628               3332.7   -0.373646753077479
       629               3332.8   -0.375063997970071
       630               3332.9    -0.37661464052461
       631                 3333   -0.378256360565119
       632               3333.1   -0.379974387091612
       633               3333.2   -0.381749630342552
       634               3333.3   -0.383460174559557
       635               3333.4   -0.384849157500698
       636               3333.5   -0.385653906581419
       637               3333.6   -0.385817709820085
       638               3333.7   -0.385595581915349
       639               3333.8   -0.385454632892881
       640               3333.9   -0.385851567911558
       641                 3334   -0.387042613078589
       642               3334.1   -0.389008342677933
       643               3334.2   -0.391489372562474
       644               3334.3   -0.394108290101398
       645               3334.4   -0.396539064501893
       646               3334.5   -0.398633554873674
       647               3334.6    -0.40040749144707
       648               3334.7   -0.401898878577259
       649               3334.8   -0.403041671568193
       650               3334.9   -0.403679859796163
       651                 3335   -0.403692253231634
       652               3335.1   -0.403095027707235
       653               3335.2   -0.402042856805123
       654               3335.3   -0.400760496467712
       655               3335.4   -0.399473802348863
       656               3335.5   -0.398370769652856
       657               3335.6   -0.397580614013179
       658               3335.7   -0.397151834111709
       659               3335.8   -0.397036118782954
       660               3335.9   -0.397109835406138
       661                 3336   -0.397238143749412
       662               3336.1   -0.397318953462569
       663               3336.2   -0.397238603069674
       664               3336.3   -0.396784544380115
       665               3336.4   -0.395665402865711
       666               3336.5   -0.393709458454691
       667               3336.6   -0.391093181713571
       668               3336.7   -0.388352339501517
       669               3336.8   -0.386099940760116
       670               3336.9   -0.384649692409721
       671                 3337   -0.383832399634972
       672               3337.1   -0.383120702915158
       673               3337.2   -0.381933342792197
       674               3337.3   -0.379892225268307
       675               3337.4    -0.37689775672121
       676               3337.5   -0.373050204053034
       677               3337.6    -0.36853666919278
       678               3337.7   -0.363574636385116
       679               3337.8   -0.358406221374938
       680               3337.9   -0.353273555996525
       681                 3338   -0.348342125564192
       682               3338.1    -0.34362985687057
       683               3338.2   -0.339018543496024
       684               3338.3   -0.334330302969028
       685               3338.4   -0.329375619855805
       686               3338.5   -0.323943917867128
       687               3338.6   -0.317823411172277
       688               3338.7   -0.310917361034545
       689               3338.8   -0.303374062736432
       690               3338.9   -0.295578577674511
       691                 3339   -0.287975841112728
       692               3339.1   -0.280853258579421
       693               3339.2   -0.274220415926812
       694               3339.3    -0.26782698646568
       695               3339.4   -0.261304340114033
       696               3339.5    -0.25439065403773
       697               3339.6   -0.247117722008814
       698               3339.7   -0.239791148484963
       699               3339.8   -0.232742816588529
       700               3339.9   -0.226073033919473
       701                 3340   -0.219628086992157
       702               3340.1   -0.213207395320644
       703               3340.2   -0.206760043029009
       704               3340.3     -0.2003854071193
       705               3340.4   -0.194191111092387
       706               3340.5    -0.18817937643947
       707               3340.6   -0.182243622329688
       708               3340.7   -0.176239228597901
       709               3340.8    -0.17007451636199
       710               3340.9   -0.163790357685155
       711                 3341    -0.15759450214075
       712               3341.1   -0.151827299850682
       713               3341.2   -0.146875906846882
       714               3341.3   -0.143069223324462
       715               3341.4   -0.140568337020009
       716               3341.5   -0.139278236483579
       717               3341.6   -0.138843121194495
       718               3341.7   -0.138767853108176
       719               3341.8   -0.138619487644276
       720               3341.9   -0.138198857873437
       721                 3342   -0.137592810098101
       722               3342.1   -0.137087249606096
       723               3342.2   -0.136993481022157
       724               3342.3    -0.13749208128474
       725               3342.4   -0.138590843480396
       726               3342.5   -0.140212276084888
       727               3342.6   -0.142335735375801
       728               3342.7   -0.145090870616805
       729               3342.8   -0.148736670406566
       730               3342.9   -0.153536161388606
       731                 3343   -0.159617643188187
       732               3343.1   -0.166934689106935
       733               3343.2   -0.175351277168087
       734               3343.3   -0.184751543666786
       735               3343.4   -0.195049104287461
       736               3343.5   -0.206094208346537
       737               3343.6   -0.217610407600879
       738               3343.7   -0.229268813716961
       739               3343.8   -0.240848775358176
       740               3343.9   -0.252327867086423
       741                 3344   -0.263811428800072
       742               3344.1   -0.275373931286574
       743               3344.2   -0.286968705592321
       744               3344.3   -0.298478123152753
       745               3344.4    -0.30981137467887
       746               3344.5   -0.320911978334333
       747               3344.6   -0.331681969681695
       748               3344.7   -0.341966264169132
       749               3344.8   -0.351659465728569
       750               3344.9   -0.360810787241843
       751                 3345   -0.369592281704989
       752               3345.1   -0.378170514819933
       753               3345.2   -0.386615121167252
       754               3345.3   -0.394884152280981
       755               3345.4   -0.402836827165713
       756               3345.5   -0.410265198608735
       757               3345.6   -0.416974317547448
       758               3345.7   -0.422871039720974
       759               3345.8    -0.42797703857757
       760               3345.9   -0.432375510540529
       761                 3346   -0.436190391258133
       762               3346.1   -0.439619033806246
       763               3346.2   -0.442913127536206
       764               3346.3   -0.446246960874616
       765               3346.4   -0.449579627627288
       766               3346.5   -0.452661625822484
       767               3346.6   -0.455190678000752
       768               3346.7   -0.456985455152877
       769               3346.8   -0.458074669367049
       770               3346.9   -0.458701778942997
       771                 3347   -0.459264952386284
       772               3347.1   -0.460173704042539
       773               3347.2   -0.461647006707612
       774               3347.3   -0.463589553279733
       775               3347.4   -0.465680056562038
       776               3347.5   -0.467622607222046
       777               3347.6   -0.469343909171816
       778               3347.7   -0.470974940846503
       779               3347.8    -0.47267720941462
       780               3347.9   -0.474509996335341
       781                 3348   -0.476449568615517
       782               3348.1   -0.478488146676732
       783               3348.2    -0.48067698133856
       784               3348.3   -0.483084717806851
       785               3348.4   -0.485757287333701
       786               3348.5   -0.488737499406593
       787               3348.6   -0.492090340683594
       788               3348.7   -0.495855808762554
       789               3348.8   -0.499952361540623
       790               3348.9   -0.504140499687652
       791                 3349    -0.50810717347995
       792               3349.1   -0.511600730856052
       793               3349.2   -0.514492861885299
       794               3349.3     -0.5167411539268
       795               3349.4   -0.518354274056175
       796               3349.5   -0.519443487474044
       797               3349.6   -0.520290465642432
       798               3349.7    -0.52128852748299
       799               3349.8   -0.522747021132024
       800               3349.9   -0.524723314482869
       801                 3350   -0.527033360352147
       802               3350.1    -0.52941162673128
       803               3350.2   -0.531668718957029
       804               3350.3   -0.533743963038394
       805               3350.4   -0.535663299635822
       806               3350.5   -0.537460960460004
       807               3350.6   -0.539116493425428
       808               3350.7   -0.540550423006403
       809               3350.8   -0.541687786849383
       810               3350.9   -0.542525996051939
       811                 3351   -0.543125740137162
       812               3351.1   -0.543534961422637
       813               3351.2   -0.543735260401835
       814               3351.3   -0.543650182028589
       815               3351.4   -0.543166840422354
       816               3351.5   -0.542144759539078
       817               3351.6   -0.540467591879386
       818               3351.7   -0.538166321807196
       819               3351.8   -0.535508014214992
       820               3351.9   -0.532899888013832
       821                 3352    -0.53061915534114
       822               3352.1   -0.528590847246405
       823               3352.2   -0.526440808842396
       824               3352.3   -0.523802588908104
       825               3352.4   -0.520603596673181
       826               3352.5   -0.517074397643066
       827               3352.6   -0.513500279965129
       828               3352.7   -0.509973198182275
       829               3352.8   -0.506370733111248
       830               3352.9   -0.502554491195587
       831                 3353   -0.498590786256422
       832               3353.1   -0.494802370605314
       833               3353.2   -0.491617119972916
       834               3353.3   -0.489340862765051
       835               3353.4    -0.48801705783992
       836               3353.5   -0.487429212999108
       837               3353.6   -0.487179751800202
       838               3353.7   -0.486778535371804
       839               3353.8   -0.485759077964051
       840               3353.9   -0.483848620884781
       841                 3354   -0.481112586705763
       842               3354.1   -0.477938242794988
       843               3354.2   -0.474837940316679
       844               3354.3   -0.472213398467805
       845               3354.4   -0.470225556338894
       846               3354.5   -0.468780740563162
       847               3354.6   -0.467574536559117
       848               3354.7   -0.466188194284784
       849               3354.8   -0.464259237398181
       850               3354.9   -0.461669775485053
       851                 3355   -0.458630710881709
       852               3355.1   -0.455592259121189
       853               3355.2   -0.453025500482657
       854               3355.3   -0.451197756386847
       855               3355.4   -0.450071935023205
       856               3355.5   -0.449386329574462
       857               3355.6   -0.448839298322275
       858               3355.7   -0.448226718485777
       859               3355.8    -0.44745322449027
       860               3355.9   -0.446471989882929
       861                 3356   -0.445240273484783
       862               3356.1   -0.443712689961012
       863               3356.2   -0.441856037064644
       864               3356.3   -0.439682067189021
       865               3356.4   -0.437285515101176
       866               3356.5   -0.434845993227358
       867               3356.6   -0.432572808889034
       868               3356.7   -0.430634080637927
       869               3356.8   -0.429128504706013
       870               3356.9   -0.428096447174909
       871                 3357   -0.427509819887569
       872               3357.1    -0.42722257730218
       873               3357.2   -0.426960075115883
       874               3357.3   -0.426421811370224
       875               3357.4   -0.425440725601525
       876               3357.5    -0.42406089613876
       877               3357.6   -0.422484149594963
       878               3357.7   -0.420966339559909
       879               3357.8   -0.419747065672945
       880               3357.9   -0.419009026687494
       881                 3358   -0.418827082247938
       882               3358.1   -0.419113007621628
       883               3358.2     -0.4196075842584
       884               3358.3    -0.41995571394156
       885               3358.4   -0.419842522819151
       886               3358.5   -0.419127500387838
       887               3358.6   -0.417915571536228
       888               3358.7   -0.416525691056043
       889               3358.8   -0.415347541333772
       890               3358.9   -0.414640192436848
       891                 3359   -0.414400805680968
       892               3359.1   -0.414411446526516
       893               3359.2   -0.414419479328577
       894               3359.3   -0.414274680933477
       895               3359.4   -0.413911729170156
       896               3359.5    -0.41326283130119
       897               3359.6   -0.412254437415906
       898               3359.7   -0.410894378862134
       899               3359.8   -0.409313196727354
       900               3359.9   -0.407696910651782
       901                 3360   -0.406212799754896
       902               3360.1   -0.405018663695657
       903               3360.2   -0.404282496087033
       904               3360.3   -0.404100333100857
       905               3360.4   -0.404363667333774
       906               3360.5    -0.40474773005112
       907               3360.6   -0.404883961221979
       908               3360.7   -0.404585600998523
       909               3360.8   -0.403949869793605
       910               3360.9   -0.403278794540649
       911                 3361   -0.402884099988139
       912               3361.1   -0.402883220550703
       913               3361.2   -0.403094657743112
       914               3361.3   -0.403117969449899
       915               3361.4   -0.402581835859837
       916               3361.5   -0.401390725354659
       917               3361.6   -0.399766079520446
       918               3361.7   -0.398056291350403
       919               3361.8   -0.396509607727564
       920               3361.9   -0.395208720608716
       921                 3362   -0.394161145535154
       922               3362.1   -0.393393526952339
       923               3362.2   -0.392965207752035
       924               3362.3   -0.392943944631762
       925               3362.4   -0.393386787057739
       926               3362.5   -0.394301499538959
       927               3362.6   -0.395581993342252
       928               3362.7   -0.396980572186347
       929               3362.8   -0.398163645041682
       930               3362.9   -0.398817554891097
       931                 3363   -0.398754375036364
       932               3363.1    -0.39800400269278
       933               3363.2   -0.396860498762584
       934               3363.3   -0.395805551429731
       935               3363.4   -0.395290225869855
       936               3363.5   -0.395498553108221
       937               3363.6   -0.396270274293067
       938               3363.7   -0.397246525272037
       939               3363.8   -0.398126348473196
       940               3363.9   -0.398834067204184
       941                 3364   -0.399471881110073
       942               3364.1   -0.400119774155406
       943               3364.2   -0.400683033463654
       944               3364.3   -0.400937293080451
       945               3364.4   -0.400727026130131
       946               3364.5   -0.400122147544293
       947               3364.6   -0.399368420025863
       948               3364.7   -0.398659473271075
       949               3364.8   -0.397944292746712
       950               3364.9   -0.396974494310315
       951                 3365   -0.395570854942694
       952               3365.1   -0.393861613632925
       953               3365.2   -0.392256149736805
       954               3365.3   -0.391168793462634
       955               3365.4   -0.390747755884511
       956               3365.5   -0.390843925561353
       957               3365.6   -0.391196678487497
       958               3365.7   -0.391611166338837
       959               3365.8   -0.391979259623208
       960               3365.9   -0.392220598309526
       961                 3366   -0.392281825538003
       962               3366.1   -0.392187197711182
       963               3366.2   -0.392038052722631
       964               3366.3   -0.391947268311142
       965               3366.4   -0.391993692555385
       966               3366.5   -0.392226326311702
       967               3366.6   -0.392648854466114
       968               3366.7   -0.393152917597845
       969               3366.8   -0.393495064740995
       970               3366.9   -0.393421008874256
       971                 3367   -0.392874981329247
       972               3367.1   -0.392089072502596
       973               3367.2   -0.391434915194293
       974               3367.3   -0.391164924776322
       975               3367.4   -0.391281561435614
       976               3367.5   -0.391620489326523
       977               3367.6   -0.392021312169972
       978               3367.7   -0.392429801831602
       979               3367.8   -0.392893723267961
       980               3367.9   -0.393495523993795
       981                 3368    -0.39426583101487
       982               3368.1   -0.395122353172587
       983               3368.2   -0.395885192979001
       984               3368.3   -0.396372601629906
       985               3368.4   -0.396506057812881
       986               3368.5   -0.396343495190389
       987               3368.6   -0.396031659575698
       988               3368.7   -0.395736243843808
       989               3368.8   -0.395597381371549
       990               3368.9   -0.395699635469177
       991                 3369   -0.396032621565939
       992               3369.1   -0.396472657733626
       993               3369.2   -0.396842806082561
       994               3369.3   -0.397033258577283
       995               3369.4   -0.397068942951716
       996               3369.5   -0.397041390114318
       997               3369.6   -0.396965888576543
       998               3369.7   -0.396712858581096
       999               3369.8   -0.396094009029859
      1000               3369.9   -0.395041013798103
      1001                 3370   -0.393731545887688
      1002               3370.1   -0.392549504564885
      1003               3370.2   -0.391885610703694
      1004               3370.3   -0.391908511465674
      1005               3370.4   -0.392465608078885
      1006               3370.5   -0.393178051958677
      1007               3370.6   -0.393656168015993
      1008               3370.7   -0.393689411185712
      1009               3370.8   -0.393302663794669
      1010               3370.9   -0.392678220716053
      1011                 3371   -0.392030892561841
      1012               3371.1   -0.391522287063839
      1013               3371.2   -0.391232217560031
      1014               3371.3   -0.391161452055262
      1015               3371.4   -0.391255131308322
      1016               3371.5   -0.391449461127964
      1017               3371.6   -0.391720469907677
      1018               3371.7    -0.39210440308908
      1019               3371.8   -0.392687622957198
      1020               3371.9   -0.393569671386207
      1021                 3372   -0.394780487846133
      1022               3372.1   -0.396171351217381
      1023               3372.2   -0.397392619191491
      1024               3372.3   -0.398056827559532
      1025               3372.4   -0.398003642788848
      1026               3372.5   -0.397434726180848
      1027               3372.6    -0.39677890249674
      1028               3372.7      -0.396400795757
      1029               3372.8   -0.396410771098911
      1030               3372.9   -0.396729950523751
      1031                 3373   -0.397316373216835
      1032               3373.1   -0.398290300471986
      1033               3373.2   -0.399777764754516
      1034               3373.3    -0.40159386814182
      1035               3373.4    -0.40312760559338
      1036               3373.5   -0.403654626781073
      1037               3373.6   -0.402863696506093
      1038               3373.7   -0.401114970462869
      1039               3373.8   -0.399179790960635
      1040               3373.9   -0.397696829989746
      1041                 3374   -0.396812207036224
      1042               3374.1   -0.396259865099492
      1043               3374.2   -0.395731105044779
      1044               3374.3    -0.39516475878353
      1045               3374.4   -0.394739168920497
      1046               3374.5   -0.394672440087528
      1047               3374.6   -0.395071811516318
      1048               3374.7   -0.395913149770196
      1049               3374.8   -0.397056924457464
      1050               3374.9   -0.398253837802805
      1051                 3375    -0.39921967872396
      1052               3375.1   -0.399814118506303
      1053               3375.2   -0.400186373719883
      1054               3375.3   -0.400707444774195
      1055               3375.4   -0.401687274455374
      1056               3375.5    -0.40309278839568
      1057               3375.6   -0.404505163439038
      1058               3375.7   -0.405354205279218
      1059               3375.8   -0.405249356301312
      1060               3375.9   -0.404191548131553
      1061                 3376   -0.402573888680324
      1062               3376.1   -0.401002067593291
      1063               3376.2   -0.400024452353533
      1064               3376.3   -0.399897262239433
      1065               3376.4   -0.400511490715097
      1066               3376.5   -0.401520772784623
      1067               3376.6   -0.402568470173491
      1068               3376.7   -0.403446089919662
      1069               3376.8   -0.404097247774534
      1070               3376.9    -0.40452931281195
      1071                 3377   -0.404751050355409
      1072               3377.1   -0.404775915772196
      1073               3377.2   -0.404641750608275
      1074               3377.3   -0.404406588519424
      1075               3377.4    -0.40413038844173
      1076               3377.5   -0.403852077405133
      1077               3377.6   -0.403560183916956
      1078               3377.7   -0.403196603926146
      1079               3377.8   -0.402746796312875
      1080               3377.9   -0.402366191636165
      1081                 3378   -0.402387122799902
      1082               3378.1   -0.403127488679216
      1083               3378.2   -0.404630548608338
      1084               3378.3   -0.406561367777242
      1085               3378.4   -0.408361685372397
      1086               3378.5   -0.409557420781909
      1087               3378.6    -0.41000364248543
      1088               3378.7   -0.409905485256206
      1089               3378.8   -0.409621260715244
      1090               3378.9   -0.409415166023476
      1091                 3379   -0.409350663919591
      1092               3379.1   -0.409376841197931
      1093               3379.2   -0.409487957843989
      1094               3379.3   -0.409790392062053
      1095               3379.4   -0.410418738425493
      1096               3379.5   -0.411390326471196
      1097               3379.6   -0.412546017917688
      1098               3379.7   -0.413651334149177
      1099               3379.8   -0.414582235622625
      1100               3379.9   -0.415421370827608
      1101                 3380   -0.416355657441812
      1102               3380.1   -0.417458275888662
      1103               3380.2    -0.41856317401835
      1104               3380.3   -0.419356151364965
      1105               3380.4   -0.419605324332979
      1106               3380.5   -0.419345514344519
      1107               3380.6   -0.418891125818129
      1108               3380.7   -0.418679277419469
      1109               3380.8   -0.419035513674362
      1110               3380.9   -0.419991626894662
      1111                 3381   -0.421264007810381
      1112               3381.1   -0.422407402380692
      1113               3381.2   -0.423048313084398
      1114               3381.3   -0.423067291839648
      1115               3381.4   -0.422645463599307
      1116               3381.5   -0.422157936840585
      1117               3381.6   -0.421969189781593
      1118               3381.7   -0.422253759097077
      1119               3381.8   -0.422957949737378
      1120               3381.9   -0.423904802440203
      1121                 3382   -0.424931694899758
      1122               3382.1   -0.425953609055574
      1123               3382.2   -0.426937946460375
      1124               3382.3   -0.427848474319436
      1125               3382.4   -0.428618097032973
      1126               3382.5   -0.429171898789602
      1127               3382.6   -0.429481210477333
      1128               3382.7   -0.429607385841966
      1129               3382.8   -0.429696453214617
      1130               3382.9   -0.429904271264297
      1131                 3383   -0.430272861990315
      1132               3383.1   -0.430651569385954
      1133               3383.2   -0.430783366706264
      1134               3383.3   -0.430541708614901
      1135               3383.4   -0.430096268248223
      1136               3383.5   -0.429795435902952
      1137               3383.6   -0.429849229439693
      1138               3383.7   -0.430133263723971
      1139               3383.8   -0.430300898256363
      1140               3383.9   -0.430057892702767
      1141                 3384    -0.42932911983381
      1142               3384.1   -0.428223206865118
      1143               3384.2   -0.426906142048886
      1144               3384.3   -0.425510915142983
      1145               3384.4   -0.424108589479257
      1146               3384.5   -0.422715291336895
      1147               3384.6   -0.421329645118452
      1148               3384.7   -0.419993477925055
      1149               3384.8   -0.418826353415873
      1150               3384.9   -0.417982388543238
      1151                 3385   -0.417545266693421
      1152               3385.1   -0.417436255063041
      1153               3385.2   -0.417400729671662
      1154               3385.3   -0.417094351844816
      1155               3385.4    -0.41624656251103
      1156               3385.5   -0.414825378606215
      1157               3385.6    -0.41309030674565
      1158               3385.7   -0.411474476778213
      1159               3385.8   -0.410369269343126
      1160               3385.9   -0.409959255836034
      1161                 3386   -0.410190748886006
      1162               3386.1   -0.410843064196396
      1163               3386.2   -0.411634112213785
      1164               3386.3   -0.412322667216896
      1165               3386.4   -0.412778896506121
      1166               3386.5   -0.412979914695627
      1167               3386.6   -0.412926121612191
      1168               3386.7   -0.412561817888786
      1169               3386.8   -0.411802005425708
      1170               3386.9   -0.410655869689208
      1171                 3387   -0.409306108580095
      1172               3387.1   -0.408018378119037
      1173               3387.2   -0.406934102059772
      1174               3387.3   -0.405954951981796
      1175               3387.4   -0.404859022132796
      1176               3387.5      -0.403547699048
      1177               3387.6   -0.402185309455048
      1178               3387.7    -0.40111593751602
      1179               3387.8   -0.400654078022051
      1180               3387.9   -0.400908032207666
      1181                 3388   -0.401713023261591
      1182               3388.1   -0.402683710046776
      1183               3388.2   -0.403377298515478
      1184               3388.3   -0.403508496403086
      1185               3388.4   -0.403086352943208
      1186               3388.5   -0.402360813672364
      1187               3388.6   -0.401606625234562
      1188               3388.7    -0.40091777052794
      1189               3388.8    -0.40018792357472
      1190               3388.9   -0.399288719651757
      1191                 3389   -0.398273405547693
      1192               3389.1   -0.397408643136287
      1193               3389.2   -0.396997984794809
      1194               3389.3   -0.397149727804297
      1195               3389.4    -0.39768381590055
      1196               3389.5   -0.398242130305824
      1197               3389.6   -0.398497965588197
      1198               3389.7   -0.398307754914994
      1199               3389.8   -0.397735778706725
      1200               3389.9    -0.39699321692932
      1201                 3390   -0.396353430453525
      1202               3390.1   -0.396061852393636
      1203               3390.2   -0.396252143400894
      1204               3390.3   -0.396910961233193
      1205               3390.4   -0.397909052712255
      1206               3390.5   -0.399045515355611
      1207               3390.6   -0.400063164286939
      1208               3390.7   -0.400688906897175
      1209               3390.8   -0.400756501696753
      1210               3390.9   -0.400328941443836
      1211                 3391   -0.399668225566407
      1212               3391.1   -0.399047477410996
      1213               3391.2   -0.398579802764031
      1214               3391.3   -0.398208373768659
      1215               3391.4   -0.397823889550673
      1216               3391.5   -0.397383506726309
      1217               3391.6   -0.396955643877471
      1218               3391.7   -0.396681568744582
      1219               3391.8   -0.396674587624081
      1220               3391.9   -0.396924356376557
      1221                 3392   -0.397307574411962
      1222               3392.1   -0.397719096137692
      1223               3392.2   -0.398179007936816
      1224               3392.3   -0.398767153062583
      1225               3392.4   -0.399449389057728
      1226               3392.5   -0.400018386080055
      1227               3392.6   -0.400237354493886
      1228               3392.7   -0.400023520602128
      1229               3392.8   -0.399482595344381
      1230               3392.9   -0.398804899275858
      1231                 3393   -0.398158337998322
      1232               3393.1   -0.397643297626845
      1233               3393.2    -0.39727990011203
      1234               3393.3   -0.397006635961163
      1235               3393.4   -0.396714236019784
      1236               3393.5   -0.396330522689805
      1237               3393.6   -0.395916275988232
      1238               3393.7   -0.395686007200351
      1239               3393.8   -0.395892939436181
      1240               3393.9   -0.396628472777207
      1241                 3394   -0.397692194054791
      1242               3394.1   -0.398664317403721
      1243               3394.2   -0.399152396810086
      1244               3394.3   -0.399026115545396
      1245               3394.4    -0.39845035330503
      1246               3394.5     -0.3977007947497
      1247               3394.6   -0.396943751408714
      1248               3394.7   -0.396178923735619
      1249               3394.8   -0.395362577579256
      1250               3394.9   -0.394555223740628
      1251                 3395   -0.393944770492585
      1252               3395.1    -0.39373116128821
      1253               3395.2   -0.393971073535588
      1254               3395.3   -0.394505496062169
      1255               3395.4   -0.395038207238788
      1256               3395.5   -0.395322807788504
      1257               3395.6   -0.395316130314999
      1258               3395.7   -0.395166612444981
      1259               3395.8   -0.395045345459544
      1260               3395.9   -0.394973771060516
      1261                 3396   -0.394810389637062
      1262               3396.1   -0.394414507991787
      1263               3396.2   -0.393839788802834
      1264               3396.3   -0.393374513216827
      1265               3396.4   -0.393367577393222
      1266               3396.5   -0.393949780579926
      1267               3396.6   -0.394847592571661
      1268               3396.7   -0.395444576188351
      1269               3396.8   -0.395103416113761
      1270               3396.9   -0.393579526771039
      1271                 3397    -0.39123845197344
      1272               3397.1   -0.388867615884724
      1273               3397.2   -0.387173022490573
      1274               3397.3   -0.386349401963646
      1275               3397.4   -0.386079128275993
      1276               3397.5   -0.385916960631002
      1277               3397.6   -0.385660640109293
      1278               3397.7    -0.38539138533129
      1279               3397.8   -0.385262983452353
      1280               3397.9   -0.385328538731508
      1281                 3398   -0.385527285356541
      1282               3398.1   -0.385729490051798
      1283               3398.2    -0.38576228291349
      1284               3398.3   -0.385477589874126
      1285               3398.4   -0.384887909256714
      1286               3398.5   -0.384234857190386
      1287               3398.6   -0.383857773673609
      1288               3398.7   -0.383945586679944
      1289               3398.8   -0.384408253639468
      1290               3398.9    -0.38499060210448
      1291                 3399    -0.38550540235346
      1292               3399.1   -0.385961204156331
      1293               3399.2   -0.386493852859507
      1294               3399.3   -0.387210637333743
      1295               3399.4    -0.38810654683634
      1296               3399.5   -0.389086134191258
      1297               3399.6   -0.389998957006905
      1298               3399.7   -0.390629595782667
      1299               3399.8   -0.390712092981879
      1300               3399.9   -0.390058798499646
      1301                 3400   -0.388742818533424
      1302               3400.1   -0.387144445382475
      1303               3400.2   -0.385763032702412
      1304               3400.3   -0.384924896926027
      1305               3400.4   -0.384622407468133
      1306               3400.5   -0.384596697888341
      1307               3400.6   -0.384576133368389
      1308               3400.7   -0.384482330710957
      1309               3400.8   -0.384455134375224
      1310               3400.9   -0.384682867381415
      1311                 3401   -0.385182702040642
      1312               3401.1   -0.385736391697005
      1313               3401.2   -0.386054530628679
      1314               3401.3   -0.386017492223653
      1315               3401.4   -0.385766138215373
      1316               3401.5   -0.385577465180497
      1317               3401.6   -0.385666752939634
      1318               3401.7   -0.386087607333544
      1319               3401.8   -0.386764049366907
      1320               3401.9   -0.387564104806579
      1321                 3402   -0.388337211861809
      1322               3402.1   -0.388938379711563
      1323               3402.2    -0.38929367866663
      1324               3402.3   -0.389467031678986
      1325               3402.4   -0.389619240997611
      1326               3402.5   -0.389852626536904
      1327               3402.6   -0.390086409522073
      1328               3402.7   -0.390085673917653
      1329               3402.8    -0.38960880030008
      1330               3402.9   -0.388566286903063
      1331                 3403   -0.387126679458454
      1332               3403.1   -0.385716917447817
      1333               3403.2   -0.384857509142152
      1334               3403.3   -0.384884869420416
      1335               3403.4   -0.385765863079334
      1336               3403.5   -0.387162472444704
      1337               3403.6   -0.388667164247319
      1338               3403.7   -0.389993850203816
      1339               3403.8   -0.391018664572978
      1340               3403.9   -0.391733978756748
      1341                 3404   -0.392206588250645
      1342               3404.1   -0.392552236098092
      1343               3404.2    -0.39289377778272
      1344               3404.3   -0.393298936266803
      1345               3404.4   -0.393737242029187
      1346               3404.5   -0.394096719744562
      1347               3404.6   -0.394251799735487
      1348               3404.7   -0.394126385513747
      1349               3404.8   -0.393715452186561
      1350               3404.9   -0.393093421718044
      1351                 3405   -0.392439015310875
      1352               3405.1   -0.392022573779062
      1353               3405.2   -0.392080000444855
      1354               3405.3    -0.39262975644484
      1355               3405.4   -0.393410200677133
      1356               3405.5    -0.39402032527073
      1357               3405.6    -0.39413814836661
      1358               3405.7   -0.393644607537458
      1359               3405.8   -0.392625342843119
      1360               3405.9   -0.391322179236512
      1361                 3406   -0.390058510929222
      1362               3406.1   -0.389122258313612
      1363               3406.2   -0.388651970823409
      1364               3406.3   -0.388612203726459
      1365               3406.4   -0.388864014826542
      1366               3406.5   -0.389243727981995
      1367               3406.6    -0.38959350512039
      1368               3406.7   -0.389784524923248
      1369               3406.8   -0.389781596552815
      1370               3406.9   -0.389701471368793
      1371                 3407   -0.389765895412058
      1372               3407.1   -0.390141129914297
      1373               3407.2    -0.39078874003216
      1374               3407.3   -0.391466009070542
      1375               3407.4   -0.391891622740122
      1376               3407.5   -0.391955582333321
      1377               3407.6   -0.391808254966367
      1378               3407.7   -0.391741165623187
      1379               3407.8   -0.391938214067317
      1380               3407.9   -0.392308882797762
      1381                 3408   -0.392561535346334
      1382               3408.1   -0.392450802436716
      1383               3408.2   -0.391969268227513
      1384               3408.3   -0.391329485953206
      1385               3408.4   -0.390798300541515
      1386               3408.5   -0.390558575081105
      1387               3408.6    -0.39069188844846
      1388               3408.7   -0.391229788363705
      1389               3408.8   -0.392171354478123
      1390               3408.9   -0.393431580616126
      1391                 3409   -0.394782027333491
      1392               3409.1     -0.3958860825047
      1393               3409.2    -0.39646497855364
      1394               3409.3   -0.396483119501023
      1395               3409.4   -0.396164818835699
      1396               3409.5   -0.395791088819444
      1397               3409.6   -0.395464489490272
      1398               3409.7    -0.39507903152421
      1399               3409.8   -0.394504754313284
      1400               3409.9   -0.393764933873514
      1401                 3410   -0.393024059600895
      1402               3410.1   -0.392435100950305
      1403               3410.2    -0.39201915002205
      1404               3410.3   -0.391665801001566
      1405               3410.4   -0.391214839709312
      1406               3410.5   -0.390552811854355
      1407               3410.6   -0.389686672189272
      1408               3410.7   -0.388762566695477
      1409               3410.8   -0.388007740643673
      1410               3410.9   -0.387623422480002
      1411                 3411   -0.387694592197693
      1412               3411.1   -0.388158816957148
      1413               3411.2   -0.388830682931788
      1414               3411.3   -0.389465834581965
      1415               3411.4   -0.389853170887995
      1416               3411.5   -0.389905392385433
      1417               3411.6   -0.389691539598306
      1418               3411.7   -0.389373587382363
      1419               3411.8    -0.38908464421695
      1420               3411.9   -0.388847237881587
      1421                 3412   -0.388592671233018
      1422               3412.1   -0.388242069634234
      1423               3412.2   -0.387776889337477
      1424               3412.3   -0.387280583582385
      1425               3412.4   -0.386947433406016
      1426               3412.5   -0.387007368337646
      1427               3412.6   -0.387556833694009
      1428               3412.7   -0.388431165346934
      1429               3412.8   -0.389276736542732
      1430               3412.9   -0.389782646337951
      1431                 3413   -0.389855889622792
      1432               3413.1   -0.389602370381526
      1433               3413.2   -0.389187831973308
      1434               3413.3   -0.388731985704933
      1435               3413.4   -0.388292653756725
      1436               3413.5   -0.387892434259314
      1437               3413.6   -0.387541586466398
      1438               3413.7   -0.387260381104984
      1439               3413.8    -0.38709954928771
      1440               3413.9   -0.387115354064313
      1441                 3414   -0.387287207191305
      1442               3414.1   -0.387472160769543
      1443               3414.2   -0.387503275338606
      1444               3414.3   -0.387373705639095
      1445               3414.4   -0.387300146364898
      1446               3414.5   -0.387556807549798
      1447               3414.6   -0.388222782831043
      1448               3414.7   -0.389084066615347
      1449               3414.8   -0.389771835695057
      1450               3414.9   -0.390003913680288
      1451                 3415    -0.38973590629035
      1452               3415.1   -0.389127366856104
      1453               3415.2   -0.388378407528348
      1454               3415.3   -0.387591062256999
      1455               3415.4   -0.386777940175691
      1456               3415.5   -0.385982575840226
      1457               3415.6   -0.385343444943957
      1458               3415.7   -0.384993677896312
      1459               3415.8   -0.384894866443241
      1460               3415.9   -0.384812478289436
      1461                 3416   -0.384504456315343
      1462               3416.1   -0.383957047008073
      1463               3416.2   -0.383431691067717
      1464               3416.3   -0.383264541251774
      1465               3416.4   -0.383598727091872
      1466               3416.5   -0.384288959646126
      1467               3416.6   -0.385049088820694
      1468               3416.7   -0.385688104163007
      1469               3416.8   -0.386212895841675
      1470               3416.9   -0.386720774577359
      1471                 3417   -0.387213223424885
      1472               3417.1   -0.387529069419054
      1473               3417.2   -0.387461042820751
      1474               3417.3   -0.386937190768194
      1475               3417.4   -0.386107883537362
      1476               3417.5   -0.385286506153266
      1477               3417.6    -0.38480272067787
      1478               3417.7   -0.384859662359537
      1479               3417.8   -0.385470800518074
      1480               3417.9   -0.386505742140967
      1481                 3418   -0.387792271893302
      1482               3418.1   -0.389173366393194
      1483               3418.2   -0.390485452312072
      1484               3418.3   -0.391542388714153
      1485               3418.4   -0.392210429209458
      1486               3418.5   -0.392519379449052
      1487               3418.6   -0.392667817173834
      1488               3418.7    -0.39288773379819
      1489               3418.8   -0.393298227018691
      1490               3418.9      -0.393876010813
      1491                 3419   -0.394528761508273
      1492               3419.1   -0.395179480688317
      1493               3419.2    -0.39580689173869
      1494               3419.3   -0.396427074294073
      1495               3419.4   -0.397024339766336
      1496               3419.5   -0.397497804857376
      1497               3419.6   -0.397705713340277
      1498               3419.7   -0.397574670595367
      1499               3419.8   -0.397150274292223
      1500               3419.9   -0.396549924790605
