     index            Field [G]         Intensity []

         1                 3270   -0.396861611287998
         2               3270.1   -0.395259241243844
         3               3270.2   -0.393674641090951
         4               3270.3   -0.392278269475848
         5               3270.4   -0.391217327472908
         6               3270.5   -0.390534216652971
         7               3270.6   -0.390139763041001
         8               3270.7   -0.389886916680361
         9               3270.8   -0.389688453794404
        10               3270.9   -0.389573945402856
        11                 3271   -0.389643784270201
        12               3271.1   -0.389974697014911
        13               3271.2   -0.390565501356045
        14               3271.3   -0.391357589965883
        15               3271.4   -0.392287218774038
        16               3271.5   -0.393304449574752
        17               3271.6   -0.394335204151835
        18               3271.7    -0.39522691209792
        19               3271.8   -0.395753226436063
        20               3271.9   -0.395714527361644
        21                 3272   -0.395073343120236
        22               3272.1   -0.394007291518324
        23               3272.2   -0.392826363913085
        24               3272.3   -0.391827053158142
        25               3272.4   -0.391202238000306
        26               3272.5   -0.391043810282212
        27               3272.6   -0.391366733732778
        28               3272.7   -0.392078951344966
        29               3272.8   -0.392927990305225
        30               3272.9   -0.393539593190253
        31                 3273   -0.393600053743561
        32               3273.1   -0.393067411960329
        33               3273.2   -0.392221266050589
        34               3273.3   -0.391490367011702
        35               3273.4   -0.391202217224798
        36               3273.5    -0.39144988303259
        37               3273.6   -0.392125797892564
        38               3273.7   -0.393024358126404
        39               3273.8   -0.393925031966616
        40               3273.9   -0.394654332903949
        41                 3274   -0.395130372246935
        42               3274.1   -0.395350245635453
        43               3274.2   -0.395323897982834
        44               3274.3   -0.395043663869829
        45               3274.4   -0.394540073613071
        46               3274.5   -0.393942613717869
        47               3274.6   -0.393445119348003
        48               3274.7   -0.393200968898119
        49               3274.8   -0.393252203171984
        50               3274.9   -0.393539412452808
        51                 3275   -0.393964877380872
        52               3275.1   -0.394472979509733
        53               3275.2   -0.395109202831074
        54               3275.3    -0.39600053164596
        55               3275.4   -0.397245677833284
        56               3275.5   -0.398805425659652
        57               3275.6   -0.400495927898404
        58               3275.7    -0.40206793913483
        59               3275.8   -0.403270489668485
        60               3275.9   -0.403870337899417
        61                 3276   -0.403701709677756
        62               3276.1   -0.402779860732942
        63               3276.2     -0.4013804207885
        64               3276.3   -0.399960646158906
        65               3276.4   -0.398933413859595
        66               3276.5   -0.398451828978976
        67               3276.6   -0.398364674560626
        68               3276.7   -0.398362152403002
        69               3276.8   -0.398187416897707
        70               3276.9   -0.397769997903275
        71                 3277   -0.397230010847979
        72               3277.1   -0.396790711721805
        73               3277.2   -0.396656828849793
        74               3277.3   -0.396907202689345
        75               3277.4   -0.397448382957307
        76               3277.5    -0.39805249682734
        77               3277.6   -0.398449913171731
        78               3277.7   -0.398422737824677
        79               3277.8    -0.39787611471238
        80               3277.9   -0.396886535827083
        81                 3278   -0.395693528154273
        82               3278.1   -0.394588511473922
        83               3278.2   -0.393743851771398
        84               3278.3   -0.393124717590156
        85               3278.4   -0.392570516272773
        86               3278.5   -0.391961185686955
        87               3278.6   -0.391316781010747
        88               3278.7   -0.390777962638578
        89               3278.8   -0.390511674902048
        90               3278.9   -0.390595516524067
        91                 3279   -0.390947737560939
        92               3279.1   -0.391386616239318
        93               3279.2   -0.391802329985151
        94               3279.3   -0.392271327157137
        95               3279.4   -0.392974822870959
        96               3279.5   -0.394007431864866
        97               3279.6   -0.395287825718326
        98               3279.7   -0.396644436343546
        99               3279.8   -0.397940817759471
       100               3279.9   -0.399092388125982
       101                 3280    -0.39999462654723
       102               3280.1   -0.400497264274729
       103               3280.2   -0.400485588590975
       104               3280.3   -0.399980626876449
       105               3280.4   -0.399128761073993
       106               3280.5   -0.398059112116261
       107               3280.6   -0.396733859592309
       108               3280.7    -0.39495986709731
       109               3280.8   -0.392600519441218
       110               3280.9   -0.389817050560964
       111                 3281   -0.387101466002662
       112               3281.1   -0.385046043191874
       113               3281.2   -0.384039857442987
       114               3281.3   -0.384118474274598
       115               3281.4   -0.385013808430385
       116               3281.5   -0.386300161166899
       117               3281.6   -0.387548374534533
       118               3281.7   -0.388466570367815
       119               3281.8   -0.388991714299923
       120               3281.9   -0.389264594247086
       121                 3282   -0.389487320272841
       122               3282.1   -0.389775559714544
       123               3282.2   -0.390126570603481
       124               3282.3   -0.390504074254461
       125               3282.4   -0.390929841146764
       126               3282.5   -0.391486826217474
       127               3282.6   -0.392240022402407
       128               3282.7   -0.393151529582484
       129               3282.8   -0.394063605650091
       130               3282.9   -0.394778878063854
       131                 3283   -0.395195343564575
       132               3283.1   -0.395386289529791
       133               3283.2   -0.395542907850922
       134               3283.3   -0.395831999300498
       135               3283.4   -0.396306619566177
       136               3283.5   -0.396929073861315
       137               3283.6   -0.397636217911714
       138               3283.7   -0.398363084654613
       139               3283.8   -0.399025236677306
       140               3283.9   -0.399513127243241
       141                 3284   -0.399725086739112
       142               3284.1   -0.399611055849348
       143               3284.2   -0.399179517066366
       144               3284.3     -0.3984600908887
       145               3284.4    -0.39747773404874
       146               3284.5   -0.396299153939418
       147               3284.6   -0.395123387496747
       148               3284.7   -0.394293792803719
       149               3284.8   -0.394144530335001
       150               3284.9   -0.394770296533251
       151                 3285   -0.395935316951951
       152               3285.1     -0.3972290674643
       153               3285.2   -0.398324538931617
       154               3285.3   -0.399105123353287
       155               3285.4   -0.399605578033122
       156               3285.5   -0.399908835751718
       157               3285.6    -0.40010989403086
       158               3285.7    -0.40030578759796
       159               3285.8   -0.400544268130305
       160               3285.9   -0.400767765206291
       161                 3286   -0.400831061807128
       162               3286.1   -0.400590613220507
       163               3286.2   -0.399989576244213
       164               3286.3   -0.399084487495244
       165               3286.4   -0.398020750514048
       166               3286.5   -0.396982396634525
       167               3286.6    -0.39612153266669
       168               3286.7   -0.395478558132217
       169               3286.8   -0.394949839186809
       170               3286.9   -0.394362556988609
       171                 3287   -0.393618739733964
       172               3287.1   -0.392774905806168
       173               3287.2   -0.391978267250916
       174               3287.3   -0.391336704914697
       175               3287.4   -0.390856292743268
       176               3287.5    -0.39047724723751
       177               3287.6   -0.390134583269504
       178               3287.7   -0.389788646534202
       179               3287.8   -0.389440939677852
       180               3287.9   -0.389150091819635
       181                 3288   -0.389011408320605
       182               3288.1   -0.389075226182366
       183               3288.2   -0.389269600031078
       184               3288.3   -0.389432405512865
       185               3288.4   -0.389454913463216
       186               3288.5   -0.389398875261554
       187               3288.6   -0.389458001624587
       188               3288.7   -0.389797879261404
       189               3288.8   -0.390428499150388
       190               3288.9    -0.39120657457294
       191                 3289   -0.391925462960785
       192               3289.1   -0.392394109533994
       193               3289.2   -0.392459095379778
       194               3289.3   -0.391996676656148
       195               3289.4   -0.390928302540174
       196               3289.5   -0.389283711211627
       197               3289.6   -0.387270790011107
       198               3289.7    -0.38527020440918
       199               3289.8   -0.383719430263045
       200               3289.9   -0.382954485975281
       201                 3290   -0.383117127032564
       202               3290.1   -0.384157648586666
       203               3290.2   -0.385869786221514
       204               3290.3   -0.387906207720229
       205               3290.4   -0.389815762072794
       206               3290.5   -0.391175862818388
       207               3290.6   -0.391794846450926
       208               3290.7    -0.39183468284072
       209               3290.8   -0.391716182650836
       210               3290.9   -0.391836384343949
       211                 3291   -0.392297512522057
       212               3291.1    -0.39285525810517
       213               3291.2   -0.393123114196464
       214               3291.3   -0.392862017352175
       215               3291.4   -0.392127532369116
       216               3291.5   -0.391192927253058
       217               3291.6   -0.390363441838786
       218               3291.7   -0.389849205554736
       219               3291.8   -0.389751919880415
       220               3291.9    -0.39009720269843
       221                 3292   -0.390837770173323
       222               3292.1   -0.391833139919198
       223               3292.2   -0.392861786636899
       224               3292.3   -0.393686420847007
       225               3292.4   -0.394132353341955
       226               3292.5   -0.394134776611764
       227               3292.6   -0.393754379986143
       228               3292.7   -0.393175711993243
       229               3292.8   -0.392672894744579
       230               3292.9   -0.392524140740167
       231                 3293    -0.39290823310458
       232               3293.1   -0.393843636814295
       233               3293.2   -0.395184334357433
       234               3293.3   -0.396644306953215
       235               3293.4   -0.397854277969429
       236               3293.5   -0.398483905992742
       237               3293.6   -0.398396741888327
       238               3293.7   -0.397717174503544
       239               3293.8    -0.39672886999129
       240               3293.9   -0.395684471648965
       241                 3294   -0.394702923622666
       242               3294.1   -0.393835590166402
       243               3294.2   -0.393190826275996
       244               3294.3   -0.392940171567964
       245               3294.4   -0.393177439980783
       246               3294.5   -0.393793487934261
       247               3294.6   -0.394523955918239
       248               3294.7   -0.395129474243997
       249               3294.8   -0.395529708740172
       250               3294.9   -0.395789177186168
       251                 3295   -0.396011924261143
       252               3295.1   -0.396254338552868
       253               3295.2   -0.396512962252636
       254               3295.3   -0.396784233450505
       255               3295.4    -0.39713902217146
       256               3295.5   -0.397710539896871
       257               3295.6   -0.398551388188933
       258               3295.7   -0.399483303737497
       259               3295.8   -0.400137746068453
       260               3295.9   -0.400211818032328
       261                 3296   -0.399718531037743
       262               3296.1   -0.398992909459559
       263               3296.2   -0.398443198623185
       264               3296.3   -0.398255539373193
       265               3296.4   -0.398281412334621
       266               3296.5   -0.398180273401317
       267               3296.6   -0.397688433675147
       268               3296.7    -0.39679651775862
       269               3296.8   -0.395725288433025
       270               3296.9   -0.394777652558227
       271                 3297   -0.394198511897786
       272               3297.1   -0.394079910756133
       273               3297.2   -0.394306017136966
       274               3297.3   -0.394598573820032
       275               3297.4   -0.394706807742527
       276               3297.5   -0.394612506002329
       277               3297.6   -0.394530761860631
       278               3297.7   -0.394670412708738
       279               3297.8   -0.394984106092358
       280               3297.9   -0.395160261861265
       281                 3298   -0.394866040110892
       282               3298.1   -0.394021572025737
       283               3298.2   -0.392886218234708
       284               3298.3   -0.391912810121374
       285               3298.4   -0.391489724493378
       286               3298.5   -0.391738039828654
       287               3298.6   -0.392477833564151
       288               3298.7   -0.393375549953759
       289               3298.8   -0.394174120976781
       290               3298.9   -0.394845668512809
       291                 3299   -0.395559213827658
       292               3299.1   -0.396509237493737
       293               3299.2   -0.397766451056394
       294               3299.3   -0.399259309271756
       295               3299.4   -0.400836147998778
       296               3299.5   -0.402296661001682
       297               3299.6   -0.403385766800071
       298               3299.7   -0.403843771684085
       299               3299.8   -0.403548168773893
       300               3299.9   -0.402643062049386
       301                 3300   -0.401513722213346
       302               3300.1   -0.400576292504828
       303               3300.2   -0.400019331626093
       304               3300.3   -0.399713103048189
       305               3300.4   -0.399386036826797
       306               3300.5   -0.398908290381732
       307               3300.6   -0.398389163641401
       308               3300.7   -0.397996007167214
       309               3300.8   -0.397735097250684
       310               3300.9   -0.397471381316992
       311                 3301   -0.397141660517859
       312               3301.1   -0.396867610286254
       313               3301.2   -0.396828663289417
       314               3301.3   -0.397071226061498
       315               3301.4   -0.397474243165866
       316               3301.5   -0.397855987861449
       317               3301.6   -0.398065922120006
       318               3301.7   -0.398019570195828
       319               3301.8   -0.397753727563402
       320               3301.9   -0.397492226789059
       321                 3302   -0.397588017350128
       322               3302.1   -0.398298501338117
       323               3302.2   -0.399566792450958
       324               3302.3   -0.401018575192313
       325               3302.4   -0.402183486744297
       326               3302.5   -0.402758065175271
       327               3302.6   -0.402733031727788
       328               3302.7   -0.402343224405912
       329               3302.8   -0.401908611318197
       330               3302.9   -0.401662902410876
       331                 3303   -0.401643632556837
       332               3303.1   -0.401684125814023
       333               3303.2   -0.401515706291807
       334               3303.3   -0.400942542556233
       335               3303.4   -0.399990458859894
       336               3303.5   -0.398914511601677
       337               3303.6   -0.398043639475663
       338               3303.7   -0.397588101590416
       339               3303.8   -0.397571071244615
       340               3303.9   -0.397907481898178
       341                 3304   -0.398503854873302
       342               3304.1   -0.399276164040556
       343               3304.2   -0.400122447141384
       344               3304.3   -0.400934697443358
       345               3304.4   -0.401643776713676
       346               3304.5   -0.402229497858719
       347               3304.6   -0.402695431811036
       348               3304.7   -0.403074063737878
       349               3304.8   -0.403459755105517
       350               3304.9    -0.40397642058912
       351                 3305   -0.404657196573083
       352               3305.1    -0.40536394694233
       353               3305.2   -0.405857171926491
       354               3305.3   -0.405941346135675
       355               3305.4   -0.405530165408325
       356               3305.5   -0.404610929097898
       357               3305.6   -0.403216156018238
       358               3305.7   -0.401451016119621
       359               3305.8   -0.399504211270843
       360               3305.9   -0.397582860988171
       361                 3306   -0.395823028140482
       362               3306.1   -0.394266174617227
       363               3306.2   -0.392911708288482
       364               3306.3   -0.391768947931787
       365               3306.4   -0.390846212664549
       366               3306.5   -0.390109520768453
       367               3306.6   -0.389495066387565
       368               3306.7   -0.388988943151205
       369               3306.8   -0.388678677735757
       370               3306.9   -0.388695059597149
       371                 3307   -0.389104417692316
       372               3307.1   -0.389883512790638
       373               3307.2   -0.390989076376166
       374               3307.3   -0.392388744744514
       375               3307.4   -0.393978066555026
       376               3307.5   -0.395498606453153
       377               3307.6   -0.396613898462076
       378               3307.7   -0.397119619036688
       379               3307.8   -0.397094959927952
       380               3307.9   -0.396847422688399
       381                 3308   -0.396694032392728
       382               3308.1   -0.396753303740462
       383               3308.2   -0.396895187409291
       384               3308.3   -0.396866524600029
       385               3308.4   -0.396486019264039
       386               3308.5   -0.395764794857655
       387               3308.6   -0.394877103256884
       388               3308.7   -0.394025947360089
       389               3308.8   -0.393319435533751
       390               3308.9   -0.392743146783927
       391                 3309   -0.392226232795735
       392               3309.1   -0.391732235632525
       393               3309.2   -0.391299224022893
       394               3309.3   -0.391005946119426
       395               3309.4   -0.390912334505131
       396               3309.5   -0.391041361052441
       397               3309.6   -0.391401773814737
       398               3309.7   -0.391979300820913
       399               3309.8   -0.392661859478933
       400               3309.9   -0.393184502063345
       401                 3310   -0.393215143607509
       402               3310.1   -0.392568894490384
       403               3310.2   -0.391373679253749
       404               3310.3   -0.390015070855699
       405               3310.4   -0.388883384257351
       406               3310.5   -0.388134737168845
       407               3310.6   -0.387664191422971
       408               3310.7   -0.387292015931007
       409               3310.8   -0.386984016332586
       410               3310.9   -0.386920036873077
       411                 3311   -0.387366855486946
       412               3311.1   -0.388467392256109
       413               3311.2   -0.390108535655971
       414               3311.3   -0.391947899413239
       415               3311.4   -0.393552252175122
       416               3311.5   -0.394549904078685
       417               3311.6   -0.394741151548298
       418               3311.7   -0.394149844874664
       419               3311.8   -0.392994940131661
       420               3311.9   -0.391581197337546
       421                 3312    -0.39017463248603
       422               3312.1   -0.388948418098052
       423               3312.2   -0.388008988229525
       424               3312.3   -0.387432584685298
       425               3312.4   -0.387257911073071
       426               3312.5   -0.387457324068339
       427               3312.6   -0.387942824333768
       428               3312.7   -0.388616190742592
       429               3312.8   -0.389410102719044
       430               3312.9   -0.390275062382837
       431                 3313   -0.391139255027334
       432               3313.1    -0.39190361522876
       433               3313.2   -0.392479233409875
       434               3313.3   -0.392813638749762
       435               3313.4   -0.392881551659886
       436               3313.5   -0.392683437836868
       437               3313.6   -0.392280896185018
       438               3313.7   -0.391812114963019
       439               3313.8    -0.39141539969419
       440               3313.9   -0.391097884053677
       441                 3314   -0.390683959821547
       442               3314.1   -0.389921268381436
       443               3314.2   -0.388662245366227
       444               3314.3   -0.386958929949996
       445               3314.4    -0.38499965849757
       446               3314.5   -0.382973439887193
       447               3314.6    -0.38099415697948
       448               3314.7   -0.379116827600959
       449               3314.8   -0.377378036395203
       450               3314.9   -0.375812594318509
       451                 3315   -0.374467250820095
       452               3315.1   -0.373420299989828
       453               3315.2   -0.372756041371905
       454               3315.3   -0.372472554102377
       455               3315.4   -0.372411865587068
       456               3315.5   -0.372318406934667
       457               3315.6   -0.371989875586663
       458               3315.7   -0.371368091747362
       459               3315.8   -0.370497183961227
       460               3315.9   -0.369437466979607
       461                 3316   -0.368236114999625
       462               3316.1   -0.366934694727329
       463               3316.2   -0.365552654249827
       464               3316.3   -0.364071664364752
       465               3316.4   -0.362479237995702
       466               3316.5   -0.360837611159681
       467               3316.6   -0.359284240167182
       468               3316.7   -0.357951870684057
       469               3316.8   -0.356895584627688
       470               3316.9   -0.356088683217063
       471                 3317   -0.355452719222704
       472               3317.1   -0.354859993836586
       473               3317.2   -0.354112939365697
       474               3317.3   -0.352968456843144
       475               3317.4   -0.351249786627564
       476               3317.5   -0.348984677148521
       477               3317.6   -0.346438574563544
       478               3317.7   -0.343981841590902
       479               3317.8   -0.341887319342969
       480               3317.9   -0.340211971448834
       481                 3318   -0.338801600111202
       482               3318.1   -0.337335989576339
       483               3318.2   -0.335374976179762
       484               3318.3   -0.332484899051977
       485               3318.4   -0.328487428617979
       486               3318.5   -0.323668536971545
       487               3318.6   -0.318698876014995
       488               3318.7   -0.314244748058115
       489               3318.8   -0.310575714165808
       490               3318.9   -0.307505798643625
       491                 3319   -0.304678248546343
       492               3319.1    -0.30188233983403
       493               3319.2   -0.299115176301275
       494               3319.3   -0.296401299692292
       495               3319.4   -0.293611210675026
       496               3319.5   -0.290469599599917
       497               3319.6   -0.286725602385173
       498               3319.7   -0.282309449302584
       499               3319.8   -0.277337103238871
       500               3319.9   -0.271976649630408
       501                 3320   -0.266306001483536
       502               3320.1   -0.260277841986917
       503               3320.2   -0.253803044119398
       504               3320.3   -0.246876831464708
       505               3320.4   -0.239654458893541
       506               3320.5   -0.232411696275323
       507               3320.6   -0.225388535109731
       508               3320.7   -0.218612969147489
       509               3320.8   -0.211859339974393
       510               3320.9    -0.20480897510921
       511                 3321   -0.197296095220641
       512               3321.1    -0.18943270705498
       513               3321.2    -0.18151521896497
       514               3321.3   -0.173805891618196
       515               3321.4   -0.166369595839891
       516               3321.5   -0.159073635603846
       517               3321.6   -0.151714617953063
       518               3321.7   -0.144150640544368
       519               3321.8   -0.136350881656529
       520               3321.9   -0.128376532270277
       521                 3322   -0.120362210911103
       522               3322.1   -0.112517368926117
       523               3322.2   -0.105089037772614
       524               3322.3  -0.0982490364754928
       525               3322.4  -0.0919857085861184
       526               3322.5  -0.0861279098937322
       527               3322.6  -0.0805111456299312
       528               3322.7  -0.0751451045777701
       529               3322.8  -0.0702424837170703
       530               3322.9  -0.0661060286693538
       531                 3323  -0.0629806216257147
       532               3323.1  -0.0609733946193336
       533               3323.2  -0.0600713566243441
       534               3323.3  -0.0602104329911475
       535               3323.4  -0.0613170026906396
       536               3323.5  -0.0632859819262121
       537               3323.6  -0.0659494642329593
       538               3323.7   -0.069117376274869
       539               3323.8   -0.072681014531704
       540               3323.9  -0.0766731524032755
       541                 3324  -0.0812162340940596
       542               3324.1  -0.0864199746953501
       543               3324.2  -0.0923369965722384
       544               3324.3  -0.0989953981137301
       545               3324.4    -0.10643113811999
       546               3324.5   -0.114659160854775
       547               3324.6   -0.123606841017703
       548               3324.7   -0.133073257336696
       549               3324.8   -0.142749107617729
       550               3324.9   -0.152293579287257
       551                 3325   -0.161440940245267
       552               3325.1   -0.170082551731608
       553               3325.2   -0.178264474279698
       554               3325.3   -0.186102320559734
       555               3325.4   -0.193694495268166
       556               3325.5   -0.201101862553033
       557               3325.6   -0.208362434586178
       558               3325.7   -0.215468259717253
       559               3325.8    -0.22231409393569
       560               3325.9   -0.228704399840541
       561                 3326   -0.234448687306327
       562               3326.1   -0.239464223517717
       563               3326.2   -0.243803939566591
       564               3326.3   -0.247626313544083
       565               3326.4   -0.251158414136964
       566               3326.5    -0.25462874182699
       567               3326.6   -0.258127767892645
       568               3326.7   -0.261484570440313
       569               3326.8   -0.264335100562837
       570               3326.9   -0.266392456142144
       571                 3327   -0.267671342666215
       572               3327.1   -0.268428504026667
       573               3327.2   -0.268887617796185
       574               3327.3   -0.269046815305968
       575               3327.4   -0.268752684973588
       576               3327.5   -0.267930343951943
       577               3327.6    -0.26671534377584
       578               3327.7   -0.265355763955543
       579               3327.8   -0.263994895026707
       580               3327.9   -0.262570383242756
       581                 3328   -0.260942256279893
       582               3328.1   -0.259104824897997
       583               3328.2   -0.257235474883622
       584               3328.3   -0.255519102587834
       585               3328.4   -0.253942980061472
       586               3328.5   -0.252281681058934
       587               3328.6   -0.250278530338496
       588               3328.7   -0.247837922586195
       589               3328.8   -0.245057551796061
       590               3328.9   -0.242098261252852
       591                 3329   -0.239041356846745
       592               3329.1   -0.235886471415072
       593               3329.2   -0.232690066474392
       594               3329.3   -0.229683370217042
       595               3329.4   -0.227217026363089
       596               3329.5    -0.22555258621309
       597               3329.6   -0.224672638968966
       598               3329.7   -0.224273163634648
       599               3329.8   -0.223959552323437
       600               3329.9    -0.22351071212602
       601                 3330   -0.223029867648767
       602               3330.1   -0.222909039260792
       603               3330.2   -0.223679935942581
       604               3330.3   -0.225854356940685
       605               3330.4   -0.229795951749236
       606               3330.5   -0.235645286479859
       607               3330.6   -0.243341417361737
       608               3330.7   -0.252744030662598
       609               3330.8   -0.263778712405047
       610               3330.9   -0.276513208744925
       611                 3331   -0.291133211107132
       612               3331.1   -0.307850498320991
       613               3331.2   -0.326817746380855
       614               3331.3   -0.348126221905203
       615               3331.4   -0.371883922955505
       616               3331.5   -0.398262214172591
       617               3331.6   -0.427400628985477
       618               3331.7   -0.459204468689377
       619               3331.8   -0.493207462475999
       620               3331.9   -0.528647971390802
       621                 3332   -0.564729929230693
       622               3332.1   -0.600869263523602
       623               3332.2   -0.636737506911942
       624               3332.3   -0.672110458034181
       625               3332.4   -0.706704700471917
       626               3332.5   -0.740153728707462
       627               3332.6    -0.77210048383139
       628               3332.7   -0.802271654533021
       629               3332.8   -0.830446665577487
       630               3332.9   -0.856360598441985
       631                 3333   -0.879652938956849
       632               3333.1   -0.899926578356735
       633               3333.2    -0.91686494047762
       634               3333.3   -0.930300161277635
       635               3333.4   -0.940196331255691
       636               3333.5   -0.946611121102471
       637               3333.6   -0.949693749183894
       638               3333.7   -0.949690704534744
       639               3333.8   -0.946903757173245
       640               3333.9   -0.941622418211103
       641                 3334   -0.934115594273817
       642               3334.1   -0.924701347760208
       643               3334.2   -0.913788789162277
       644               3334.3    -0.90178712199968
       645               3334.4   -0.888940552680592
       646               3334.5   -0.875267502301553
       647               3334.6   -0.860683993588567
       648               3334.7   -0.845197308886742
       649               3334.8   -0.829007293400776
       650               3334.9   -0.812463642097456
       651                 3335   -0.795929650706069
       652               3335.1   -0.779632648646457
       653               3335.2   -0.763593565973163
       654               3335.3   -0.747701168380324
       655               3335.4   -0.731875421846679
       656               3335.5   -0.716155151824336
       657               3335.6   -0.700615501260367
       658               3335.7   -0.685215814806256
       659               3335.8    -0.66975946994872
       660               3335.9   -0.654021700800217
       661                 3336   -0.637929740099377
       662               3336.1   -0.621640000463194
       663               3336.2   -0.605455878240327
       664               3336.3   -0.589655436037858
       665               3336.4    -0.57435545882074
       666               3336.5     -0.5595030666597
       667               3336.6   -0.544989191328829
       668               3336.7   -0.530783081744291
       669               3336.8   -0.516967703969053
       670               3336.9   -0.503641292987892
       671                 3337   -0.490772270262299
       672               3337.1   -0.478139867296359
       673               3337.2   -0.465421534162562
       674               3337.3   -0.452368796637056
       675               3337.4   -0.438944425961851
       676               3337.5   -0.425323942038583
       677               3337.6   -0.411764738662044
       678               3337.7   -0.398436904187057
       679               3337.8   -0.385328511439917
       680               3337.9   -0.372283898765997
       681                 3338   -0.359142991349696
       682               3338.1   -0.345870496437601
       683               3338.2   -0.332559078360069
       684               3338.3   -0.319293444127586
       685               3338.4   -0.305996581181937
       686               3338.5   -0.292408053897015
       687               3338.6   -0.278230350113839
       688               3338.7   -0.263334502280542
       689               3338.8   -0.247870053847801
       690               3338.9   -0.232199154859212
       691                 3339   -0.216694893309882
       692               3339.1   -0.201522436030223
       693               3339.2   -0.186523719413182
       694               3339.3   -0.171273102529022
       695               3339.4   -0.155290972826468
       696               3339.5   -0.138309230389936
       697               3339.6    -0.12041952267826
       698               3339.7   -0.101979479199468
       699               3339.8  -0.0833174565190658
       700               3339.9  -0.0644426535376213
       701                 3340  -0.0449789764799102
       702               3340.1  -0.0243686670577283
       703               3340.2 -0.00217659151691542
       704               3340.3   0.0217405836642279
       705               3340.4   0.0472989681793927
       706               3340.5   0.0743899354394289
       707               3340.6    0.103053475247511
       708               3340.7    0.133520612446045
       709               3340.8    0.166121441180772
       710               3340.9    0.201138635361998
       711                 3341    0.238735308117792
       712               3341.1    0.279020783892341
       713               3341.2    0.322143499921475
       714               3341.3    0.368231278194535
       715               3341.4    0.417182868768678
       716               3341.5      0.4685351027963
       717               3341.6    0.521571998953625
       718               3341.7    0.575567280073752
       719               3341.8    0.629916925126238
       720               3341.9    0.684066449082353
       721                 3342     0.73734502585031
       722               3342.1    0.788849951339177
       723               3342.2    0.837411875346345
       724               3342.3    0.881592545807629
       725               3342.4     0.91969879667823
       726               3342.5    0.949855291876819
       727               3342.6    0.970161229257002
       728               3342.7    0.978879838172262
       729               3342.8    0.974579573333782
       730               3342.9    0.956200012967499
       731                 3343    0.923067467069708
       732               3343.1     0.87486836020583
       733               3343.2    0.811576415369177
       734               3343.3    0.733406067476577
       735               3343.4    0.640925184999736
       736               3343.5    0.535330289949224
       737               3343.6    0.418647750039937
       738               3343.7    0.293593484869982
       739               3343.8    0.163114866165668
       740               3343.9   0.0299416041697389
       741                 3344   -0.103562965578437
       742               3344.1   -0.235273339273982
       743               3344.2   -0.363148952888924
       744               3344.3   -0.485248539130988
       745               3344.4   -0.599890667319022
       746               3344.5    -0.70581909234112
       747               3344.6   -0.802272463086903
       748               3344.7   -0.888951106554732
       749               3344.8   -0.965911617301654
       750               3344.9    -1.03341196417405
       751                 3345    -1.09174866788929
       752               3345.1    -1.14117495707098
       753               3345.2    -1.18196609199404
       754               3345.3    -1.21456693674277
       755               3345.4    -1.23966209141422
       756               3345.5    -1.25809753077933
       757               3345.6    -1.27074808689519
       758               3345.7    -1.27843905707573
       759               3345.8    -1.28190521456264
       760               3345.9    -1.28173244712748
       761                 3346    -1.27832531844035
       762               3346.1    -1.27197764318287
       763               3346.2    -1.26300481411707
       764               3346.3    -1.25180604226068
       765               3346.4    -1.23881080141778
       766               3346.5    -1.22440768813603
       767               3346.6    -1.20895020105908
       768               3346.7    -1.19279037850559
       769               3346.8    -1.17622369242077
       770               3346.9    -1.15935488544734
       771                 3347    -1.14203978232785
       772               3347.1    -1.12399427864153
       773               3347.2    -1.10496939787626
       774               3347.3    -1.08484797044547
       775               3347.4    -1.06365434592021
       776               3347.5    -1.04154491343812
       777               3347.6    -1.01878250359408
       778               3347.7   -0.995665313820303
       779               3347.8   -0.972447603396167
       780               3347.9   -0.949307752354023
       781                 3348   -0.926340176529532
       782               3348.1    -0.90352001446255
       783               3348.2   -0.880674858976911
       784               3348.3   -0.857551836240786
       785               3348.4   -0.833987302543823
       786               3348.5   -0.810064721024848
       787               3348.6    -0.78612280995988
       788               3348.7    -0.76257414912903
       789               3348.8   -0.739642891046173
       790               3348.9   -0.717220494723799
       791                 3349    -0.69497137062937
       792               3349.1   -0.672617299366392
       793               3349.2   -0.650170845529676
       794               3349.3   -0.627932851591207
       795               3349.4   -0.606270260685266
       796               3349.5   -0.585363113235898
       797               3349.6   -0.565121471405061
       798               3349.7   -0.545322082272303
       799               3349.8   -0.525817554459739
       800               3349.9   -0.506610261526838
       801                 3350   -0.487740901406093
       802               3350.1    -0.46915426965798
       803               3350.2   -0.450716687604427
       804               3350.3   -0.432351590218236
       805               3350.4   -0.414098534219314
       806               3350.5   -0.396002357432332
       807               3350.6   -0.377978218426403
       808               3350.7   -0.359855324098122
       809               3350.8   -0.341585557799371
       810               3350.9   -0.323388852667524
       811                 3351   -0.305671306299535
       812               3351.1   -0.288800304230534
       813               3351.2   -0.272946180140794
       814               3351.3   -0.258094726216432
       815               3351.4   -0.244160116826962
       816               3351.5   -0.231064839334145
       817               3351.6   -0.218740522269748
       818               3351.7   -0.207134208235331
       819               3351.8   -0.196308762472946
       820               3351.9   -0.186565877646753
       821                 3352   -0.178402968762422
       822               3352.1   -0.172248967956691
       823               3352.2    -0.16818628139086
       824               3352.3   -0.165925185871887
       825               3352.4   -0.165060450508282
       826               3352.5   -0.165378655733347
       827               3352.6   -0.166971671793205
       828               3352.7   -0.170114210641844
       829               3352.8    -0.17505507422354
       830               3352.9   -0.181904250164664
       831                 3353   -0.190680043766057
       832               3353.1   -0.201416197807497
       833               3353.2   -0.214164539823509
       834               3353.3   -0.228846484631649
       835               3353.4    -0.24509619290555
       836               3353.5    -0.26227962399357
       837               3353.6   -0.279709790707582
       838               3353.7   -0.296893130905398
       839               3353.8   -0.313624666246083
       840               3353.9   -0.329891688778919
       841                 3354   -0.345700326660621
       842               3354.1    -0.36098049939038
       843               3354.2   -0.375629653054006
       844               3354.3   -0.389617385965143
       845               3354.4   -0.403028193878197
       846               3354.5   -0.416003645605772
       847               3354.6   -0.428651853728616
       848               3354.7   -0.441007392857557
       849               3354.8   -0.453051865736786
       850               3354.9   -0.464737410807815
       851                 3355     -0.4759688232519
       852               3355.1   -0.486573444801034
       853               3355.2   -0.496322159224723
       854               3355.3   -0.505008435012632
       855               3355.4   -0.512522193613106
       856               3355.5   -0.518870175093999
       857               3355.6   -0.524166600649814
       858               3355.7   -0.528633170598244
       859               3355.8   -0.532580374902929
       860               3355.9   -0.536306109270261
       861                 3356   -0.539932649594822
       862               3356.1    -0.54331900845733
       863               3356.2   -0.546158807599749
       864               3356.3    -0.54819756347441
       865               3356.4   -0.549377948502422
       866               3356.5   -0.549796857319745
       867               3356.6   -0.549543770827162
       868               3356.7   -0.548589974815118
       869               3356.8   -0.546839065473265
       870               3356.9   -0.544303758007439
       871                 3357    -0.54125325618286
       872               3357.1   -0.538174127429361
       873               3357.2    -0.53553710138396
       874               3357.3   -0.533546492848953
       875               3357.4   -0.532071450209953
       876               3357.5   -0.530784590169787
       877               3357.6   -0.529361938717712
       878               3357.7   -0.527603823250781
       879               3357.8   -0.525459168789408
       880               3357.9   -0.523005617888088
       881                 3358   -0.520411969863101
       882               3358.1   -0.517879646301131
       883               3358.2   -0.515577914828345
       884               3358.3   -0.513598501994272
       885               3358.4   -0.511925991528637
       886               3358.5   -0.510416004316797
       887               3358.6   -0.508821587112551
       888               3358.7   -0.506909250065631
       889               3358.8   -0.504603074150173
       890               3358.9   -0.502019589675142
       891                 3359   -0.499344883604112
       892               3359.1   -0.496674772272241
       893               3359.2   -0.493984306012528
       894               3359.3   -0.491252719794729
       895               3359.4   -0.488594350086051
       896               3359.5   -0.486230641632749
       897               3359.6   -0.484311546252035
       898               3359.7   -0.482766418213414
       899               3359.8   -0.481335487626463
       900               3359.9   -0.479745463400897
       901                 3360   -0.477871324538559
       902               3360.1   -0.475778996388548
       903               3360.2   -0.473663102717818
       904               3360.3   -0.471753211071468
       905               3360.4   -0.470249607905862
       906               3360.5   -0.469300558374542
       907               3360.6   -0.468979050986339
       908               3360.7   -0.469218991804524
       909               3360.8   -0.469754170188621
       910               3360.9   -0.470165731472401
       911                 3361   -0.470070263805358
       912               3361.1   -0.469329667540986
       913               3361.2   -0.468106949559741
       914               3361.3   -0.466700641105446
       915               3361.4   -0.465278251781678
       916               3361.5    -0.46373779463354
       917               3361.6    -0.46183423412006
       918               3361.7   -0.459462830742334
       919               3361.8   -0.456831959386325
       920               3361.9   -0.454364172704411
       921                 3362   -0.452420521224648
       922               3362.1   -0.451078206396752
       923               3362.2   -0.450106222316337
       924               3362.3   -0.449117928341162
       925               3362.4    -0.44779388356317
       926               3362.5   -0.446070718055841
       927               3362.6   -0.444205621316321
       928               3362.7   -0.442653165930627
       929               3362.8   -0.441800607142531
       930               3362.9   -0.441748861121541
       931                 3363   -0.442311024562825
       932               3363.1   -0.443185725167897
       933               3363.2   -0.444096510207812
       934               3363.3   -0.444788017500289
       935               3363.4   -0.444988306211766
       936               3363.5   -0.444482207483457
       937               3363.6   -0.443266695744789
       938               3363.7   -0.441620835459568
       939               3363.8   -0.439978914708932
       940               3363.9   -0.438669649194497
       941                 3364   -0.437711540491467
       942               3364.1   -0.436829209407647
       943               3364.2   -0.435691004933304
       944               3364.3   -0.434194603930375
       945               3364.4   -0.432586001615773
       946               3364.5   -0.431314898160478
       947               3364.6   -0.430722667486426
       948               3364.7   -0.430801014581656
       949               3364.8    -0.43122098071131
       950               3364.9   -0.431598607768536
       951                 3365   -0.431747044589975
       952               3365.1   -0.431711768319951
       953               3365.2   -0.431633059893895
       954               3365.3    -0.43161733690489
       955               3365.4   -0.431705242377534
       956               3365.5   -0.431891139151136
       957               3365.6   -0.432134817425126
       958               3365.7   -0.432352069775322
       959               3365.8   -0.432401567538574
       960               3365.9   -0.432114245918361
       961                 3366   -0.431399069775677
       962               3366.1   -0.430353782165124
       963               3366.2   -0.429237516608295
       964               3366.3   -0.428287277085056
       965               3366.4   -0.427560797611222
       966               3366.5   -0.426982040825955
       967               3366.6   -0.426539400374956
       968               3366.7   -0.426416843824275
       969               3366.8   -0.426903907245456
       970               3366.9   -0.428140851070068
       971                 3367   -0.429917133680513
       972               3367.1   -0.431721421243256
       973               3367.2   -0.433037907672879
       974               3367.3   -0.433665230470926
       975               3367.4   -0.433813942596702
       976               3367.5   -0.433929257944172
       977               3367.6   -0.434385545507401
       978               3367.7   -0.435252129407231
       979               3367.8   -0.436265624516922
       980               3367.9   -0.437036727443025
       981                 3368    -0.43738243742968
       982               3368.1   -0.437554568133674
       983               3368.2   -0.438160756756669
       984               3368.3   -0.439795533379255
       985               3368.4   -0.442647401118169
       986               3368.5   -0.446372341398934
       987               3368.6   -0.450286931182611
       988               3368.7   -0.453684381297944
       989               3368.8   -0.456063851153092
       990               3368.9   -0.457235284474005
       991                 3369   -0.457360670608234
       992               3369.1   -0.456924264413448
       993               3369.2   -0.456566061452234
       994               3369.3    -0.45680865706994
       995               3369.4   -0.457840613169267
       996               3369.5     -0.4595007404111
       997               3369.6   -0.461451526202294
       998               3369.7   -0.463406473625776
       999               3369.8    -0.46527807928796
      1000               3369.9   -0.467188538615335
      1001                 3370   -0.469358359702839
      1002               3370.1   -0.471944313323006
      1003               3370.2   -0.474933888764553
      1004               3370.3   -0.478170424613322
      1005               3370.4   -0.481466417105152
      1006               3370.5   -0.484676967579025
      1007               3370.6   -0.487677031945463
      1008               3370.7   -0.490333542594135
      1009               3370.8   -0.492569865703436
      1010               3370.9   -0.494462925819712
      1011                 3371   -0.496225387660599
      1012               3371.1   -0.498048633167864
      1013               3371.2   -0.499951773480392
      1014               3371.3   -0.501773635655279
      1015               3371.4   -0.503290260431597
      1016               3371.5   -0.504343966177244
      1017               3371.6   -0.504906214110448
      1018               3371.7   -0.505062575915764
      1019               3371.8   -0.504935710511806
      1020               3371.9   -0.504593163748226
      1021                 3372   -0.504023865131893
      1022               3372.1   -0.503227136191629
      1023               3372.2   -0.502332266847909
      1024               3372.3   -0.501596413091989
      1025               3372.4   -0.501235417295664
      1026               3372.5    -0.50123903538403
      1027               3372.6   -0.501375288438656
      1028               3372.7   -0.501404046723145
      1029               3372.8   -0.501297567973488
      1030               3372.9   -0.501260780743151
      1031                 3373   -0.501538910267659
      1032               3373.1   -0.502168746875145
      1033               3373.2   -0.502850954660029
      1034               3373.3   -0.503042714006035
      1035               3373.4   -0.502248583719151
      1036               3373.5   -0.500350144946665
      1037               3373.6   -0.497745199285844
      1038               3373.7   -0.495166885091636
      1039               3373.8   -0.493289217974496
      1040               3373.9   -0.492396399418796
      1041                 3374   -0.492325697961474
      1042               3374.1    -0.49265917390309
      1043               3374.2   -0.492978299560971
      1044               3374.3    -0.49302765253835
      1045               3374.4   -0.492754642248515
      1046               3374.5   -0.492259061654548
      1047               3374.6    -0.49168787324585
      1048               3374.7   -0.491113714918892
      1049               3374.8   -0.490455568836517
      1050               3374.9   -0.489494888412867
      1051                 3375   -0.487992899993548
      1052               3375.1   -0.485850929036333
      1053               3375.2   -0.483207585825967
      1054               3375.3   -0.480379291088637
      1055               3375.4   -0.477665490568597
      1056               3375.5   -0.475184663504719
      1057               3375.6   -0.472898871323341
      1058               3375.7   -0.470779402740562
      1059               3375.8   -0.468900748519935
      1060               3375.9   -0.467352551004798
      1061                 3376   -0.466101474390583
      1062               3376.1   -0.464990614577406
      1063               3376.2    -0.46387366985904
      1064               3376.3   -0.462722172375196
      1065               3376.4   -0.461610383755455
      1066               3376.5   -0.460635090049282
      1067               3376.6    -0.45985606714081
      1068               3376.7   -0.459264366221386
      1069               3376.8   -0.458752038574905
      1070               3376.9   -0.458108497953815
      1071                 3377   -0.457102206073137
      1072               3377.1   -0.455636640049855
      1073               3377.2   -0.453856068917263
      1074               3377.3   -0.452073955390024
      1075               3377.4   -0.450556554348477
      1076               3377.5    -0.44935352790387
      1077               3377.6   -0.448324815077398
      1078               3377.7   -0.447303981596108
      1079               3377.8    -0.44621319612017
      1080               3377.9   -0.445044235832419
      1081                 3378   -0.443792490765749
      1082               3378.1   -0.442454288716988
      1083               3378.2   -0.441075568812744
      1084               3378.3   -0.439760123476924
      1085               3378.4   -0.438606201804773
      1086               3378.5   -0.437643135101778
      1087               3378.6   -0.436844580350016
      1088               3378.7   -0.436193992366465
      1089               3378.8   -0.435699694988703
      1090               3378.9    -0.43531211380326
      1091                 3379   -0.434832796839743
      1092               3379.1   -0.433957034406306
      1093               3379.2   -0.432475853225242
      1094               3379.3   -0.430487876454938
      1095               3379.4   -0.428425017820116
      1096               3379.5   -0.426839527061914
      1097               3379.6   -0.426100076023649
      1098               3379.7   -0.426216025210769
      1099               3379.8   -0.426896906310205
      1100               3379.9   -0.427764471988049
      1101                 3380   -0.428529851755596
      1102               3380.1   -0.429018227120602
      1103               3380.2   -0.429095732177589
      1104               3380.3   -0.428643083138979
      1105               3380.4   -0.427636082944815
      1106               3380.5   -0.426248063378523
      1107               3380.6   -0.424844853801515
      1108               3380.7   -0.423825316728759
      1109               3380.8   -0.423390982088083
      1110               3380.9   -0.423415459082035
      1111                 3381   -0.423542226523588
      1112               3381.1   -0.423456393783886
      1113               3381.2   -0.423107275026664
      1114               3381.3   -0.422700169495429
      1115               3381.4   -0.422497885873214
      1116               3381.5   -0.422625556818442
      1117               3381.6   -0.423012693987726
      1118               3381.7   -0.423461450916023
      1119               3381.8   -0.423765721944122
      1120               3381.9   -0.423812328506659
      1121                 3382   -0.423608923563126
      1122               3382.1    -0.42322747157866
      1123               3382.2   -0.422729881694603
      1124               3382.3   -0.422156692911075
      1125               3382.4   -0.421571517311831
      1126               3382.5   -0.421075506161022
      1127               3382.6   -0.420743177392841
      1128               3382.7   -0.420537028346054
      1129               3382.8   -0.420304788921555
      1130               3382.9   -0.419891329988663
      1131                 3383   -0.419276707607298
      1132               3383.1   -0.418608610120046
      1133               3383.2   -0.418082415763755
      1134               3383.3   -0.417758976171025
      1135               3383.4   -0.417479573661501
      1136               3383.5   -0.416976182676388
      1137               3383.6   -0.416110848945508
      1138               3383.7   -0.415037618323976
      1139               3383.8   -0.414122147071206
      1140               3383.9   -0.413677995080615
      1141                 3384    -0.41375899495444
      1142               3384.1   -0.414181105912033
      1143               3384.2   -0.414713428520834
      1144               3384.3   -0.415234396257305
      1145               3384.4    -0.41572761442267
      1146               3384.5   -0.416179215995353
      1147               3384.6   -0.416525783797567
      1148               3384.7    -0.41670995774482
      1149               3384.8   -0.416756969578639
      1150               3384.9   -0.416762307311561
      1151                 3385   -0.416791352419415
      1152               3385.1   -0.416797521218113
      1153               3385.2    -0.41665300309514
      1154               3385.3   -0.416273258857914
      1155               3385.4   -0.415716222967409
      1156               3385.5   -0.415156730778049
      1157               3385.6   -0.414764026387521
      1158               3385.7   -0.414603025956011
      1159               3385.8   -0.414634038238157
      1160               3385.9    -0.41477395133457
      1161                 3386   -0.414941793523295
      1162               3386.1   -0.415061904311393
      1163               3386.2   -0.415057256832535
      1164               3386.3   -0.414873747522684
      1165               3386.4   -0.414532862508309
      1166               3386.5   -0.414159249212238
      1167               3386.6   -0.413931273727729
      1168               3386.7   -0.413967286521311
      1169               3386.8   -0.414226803047008
      1170               3386.9   -0.414507642041575
      1171                 3387   -0.414550789197922
      1172               3387.1   -0.414182846631836
      1173               3387.2     -0.4134054567338
      1174               3387.3   -0.412390861873717
      1175               3387.4   -0.411397605964515
      1176               3387.5   -0.410643528210981
      1177               3387.6   -0.410194170097614
      1178               3387.7   -0.409939579046498
      1179               3387.8   -0.409683472415464
      1180               3387.9   -0.409274993882968
      1181                 3388   -0.408687580190532
      1182               3388.1   -0.408019686159488
      1183               3388.2   -0.407447020120957
      1184               3388.3   -0.407139302727449
      1185               3388.4   -0.407154250437546
      1186               3388.5   -0.407376700607151
      1187               3388.6   -0.407571817889288
      1188               3388.7   -0.407517272038946
      1189               3388.8   -0.407102142027602
      1190               3388.9   -0.406334094806598
      1191                 3389     -0.4052934686674
      1192               3389.1   -0.404093777684859
      1193               3389.2   -0.402867662373669
      1194               3389.3   -0.401764455366976
      1195               3389.4   -0.400936250629331
      1196               3389.5   -0.400497796797089
      1197               3389.6   -0.400473909564443
      1198               3389.7   -0.400775689733262
      1199               3389.8   -0.401238703570831
      1200               3389.9   -0.401709404314237
      1201                 3390   -0.402119167494865
      1202               3390.1   -0.402488331510507
      1203               3390.2       -0.40286510451
      1204               3390.3   -0.403266880404268
      1205               3390.4   -0.403684752475057
      1206               3390.5   -0.404140090551383
      1207               3390.6   -0.404715378790252
      1208               3390.7   -0.405490698538349
      1209               3390.8   -0.406420609805707
      1210               3390.9   -0.407294374269115
      1211                 3391   -0.407874883252967
      1212               3391.1   -0.408101206624228
      1213               3391.2   -0.408122702942033
      1214               3391.3   -0.408109992580643
      1215               3391.4   -0.408062667378431
      1216               3391.5   -0.407840302371963
      1217               3391.6   -0.407365316650369
      1218               3391.7   -0.406742688814022
      1219               3391.8   -0.406157925265712
      1220               3391.9   -0.405681467213525
      1221                 3392   -0.405196817555559
      1222               3392.1    -0.40451122562685
      1223               3392.2   -0.403526683016272
      1224               3392.3   -0.402335674564895
      1225               3392.4     -0.4012031714882
      1226               3392.5   -0.400455202389861
      1227               3392.6   -0.400306635449704
      1228               3392.7   -0.400709452065773
      1229               3392.8    -0.40135481947214
      1230               3392.9   -0.401882273532581
      1231                 3393   -0.402147403938191
      1232               3393.1   -0.402304198152277
      1233               3393.2   -0.402626692410421
      1234               3393.3   -0.403256332823198
      1235               3393.4   -0.404110816276794
      1236               3393.5   -0.404987406680405
      1237               3393.6   -0.405704380723496
      1238               3393.7    -0.40615233363328
      1239               3393.8   -0.406275036445359
      1240               3393.9   -0.406057750970022
      1241                 3394   -0.405539117377591
      1242               3394.1   -0.404814546434712
      1243               3394.2   -0.404027755803825
      1244               3394.3   -0.403370875586761
      1245               3394.4   -0.403073974353988
      1246               3394.5   -0.403337428113356
      1247               3394.6   -0.404219997051704
      1248               3394.7   -0.405570791996426
      1249               3394.8    -0.40707216819588
      1250               3394.9   -0.408367661929777
      1251                 3395   -0.409195391822989
      1252               3395.1   -0.409461785877784
      1253               3395.2   -0.409226578188601
      1254               3395.3   -0.408617266437842
      1255               3395.4   -0.407750333931776
      1256               3395.5   -0.406740828317329
      1257               3395.6    -0.40578054873703
      1258               3395.7   -0.405155258072355
      1259               3395.8   -0.405111295623736
      1260               3395.9   -0.405659345582178
      1261                 3396   -0.406509101795405
      1262               3396.1    -0.40721944386754
      1263               3396.2   -0.407443940318152
      1264               3396.3   -0.407083223102253
      1265               3396.4    -0.40627289743576
      1266               3396.5   -0.405269870267257
      1267               3396.6   -0.404321209946009
      1268               3396.7   -0.403566902231873
      1269               3396.8   -0.403025449046248
      1270               3396.9   -0.402685113198325
      1271                 3397   -0.402620393395342
      1272               3397.1   -0.402992254668972
      1273               3397.2   -0.403900368353264
      1274               3397.3   -0.405229258473368
      1275               3397.4    -0.40665059865131
      1276               3397.5   -0.407791861299293
      1277               3397.6   -0.408436671855317
      1278               3397.7   -0.408612576773669
      1279               3397.8   -0.408521006712809
      1280               3397.9   -0.408378705974693
      1281                 3398   -0.408290470730723
      1282               3398.1    -0.40823192734282
      1283               3398.2   -0.408129023137995
      1284               3398.3   -0.407951883569454
      1285               3398.4   -0.407745718548949
      1286               3398.5   -0.407594481154707
      1287               3398.6   -0.407579965892611
      1288               3398.7   -0.407778777116974
      1289               3398.8   -0.408260366150249
      1290               3398.9   -0.409037373662806
      1291                 3399   -0.410009817054071
      1292               3399.1   -0.410994900516781
      1293               3399.2   -0.411835728969935
      1294               3399.3   -0.412466308282623
      1295               3399.4   -0.412867307990241
      1296               3399.5   -0.413003148985172
      1297               3399.6   -0.412844045119837
      1298               3399.7    -0.41243073810056
      1299               3399.8   -0.411868886010516
      1300               3399.9   -0.411245386021576
      1301                 3400   -0.410570522439633
      1302               3400.1   -0.409816416526221
      1303               3400.2   -0.409008682729069
      1304               3400.3   -0.408269306013284
      1305               3400.4   -0.407746286854499
      1306               3400.5   -0.407471528514975
      1307               3400.6    -0.40729093203675
      1308               3400.7   -0.406981190589415
      1309               3400.8   -0.406468085148115
      1310               3400.9   -0.405906791638315
      1311                 3401   -0.405519650186258
      1312               3401.1   -0.405378908255495
      1313               3401.2   -0.405381544042069
      1314               3401.3   -0.405408524598598
      1315               3401.4   -0.405444374939142
      1316               3401.5   -0.405526044269897
      1317               3401.6   -0.405629544540541
      1318               3401.7   -0.405664574016683
      1319               3401.8   -0.405577638289995
      1320               3401.9   -0.405411944242725
      1321                 3402   -0.405244073608401
      1322               3402.1   -0.405100725268153
      1323               3402.2   -0.404981386037467
      1324               3402.3   -0.404944443240984
      1325               3402.4   -0.405115250158369
      1326               3402.5   -0.405589514389485
      1327               3402.6   -0.406347365856425
      1328               3402.7   -0.407261822699844
      1329               3402.8   -0.408161851107708
      1330               3402.9   -0.408874328138774
      1331                 3403   -0.409226843514798
      1332               3403.1   -0.409046772173118
      1333               3403.2   -0.408201093442169
      1334               3403.3   -0.406683116463224
      1335               3403.4   -0.404682729972625
      1336               3403.5   -0.402557154320306
      1337               3403.6   -0.400702357328086
      1338               3403.7   -0.399415250295101
      1339               3403.8   -0.398818406180177
      1340               3403.9   -0.398844134087345
      1341                 3404   -0.399260831551944
      1342               3404.1   -0.399755251655596
      1343               3404.2   -0.400066384761816
      1344               3404.3   -0.400107700630417
      1345               3404.4   -0.400002351160225
      1346               3404.5   -0.400010452115046
      1347               3404.6   -0.400386643658233
      1348               3404.7   -0.401232532227929
      1349               3404.8   -0.402416936196389
      1350               3404.9   -0.403622340352616
      1351                 3405   -0.404506835173281
      1352               3405.1   -0.404873454385459
      1353               3405.2   -0.404715875677474
      1354               3405.3   -0.404120530059294
      1355               3405.4   -0.403154849081519
      1356               3405.5   -0.401877857369722
      1357               3405.6   -0.400435208624061
      1358               3405.7   -0.399065407846194
      1359               3405.8   -0.397960948517729
      1360               3405.9   -0.397152933412465
      1361                 3406   -0.396576054882189
      1362               3406.1    -0.39621692235961
      1363               3406.2   -0.396131610014877
      1364               3406.3   -0.396311555329995
      1365               3406.4   -0.396585514530222
      1366               3406.5   -0.396689366236926
      1367               3406.6   -0.396438984772819
      1368               3406.7   -0.395855699613431
      1369               3406.8   -0.395151047103458
      1370               3406.9   -0.394582643446062
      1371                 3407   -0.394290560901352
      1372               3407.1   -0.394247874014467
      1373               3407.2   -0.394352798084574
      1374               3407.3   -0.394547253298988
      1375               3407.4   -0.394837649581098
      1376               3407.5   -0.395220493581421
      1377               3407.6   -0.395615424540249
      1378               3407.7   -0.395884031716711
      1379               3407.8   -0.395917767230704
      1380               3407.9   -0.395710011623625
      1381                 3408   -0.395342099978506
      1382               3408.1   -0.394901202787428
      1383               3408.2    -0.39442398710924
      1384               3408.3   -0.393929476386705
      1385               3408.4   -0.393489524038497
      1386               3408.5   -0.393227314363809
      1387               3408.6   -0.393218640705646
      1388               3408.7   -0.393398380778826
      1389               3408.8   -0.393582345443596
      1390               3408.9   -0.393592060030635
      1391                 3409   -0.393368278763648
      1392               3409.1   -0.392987354431896
      1393               3409.2   -0.392593844743128
      1394               3409.3   -0.392310125591677
      1395               3409.4   -0.392161190111656
      1396               3409.5   -0.392041966419332
      1397               3409.6    -0.39177329757551
      1398               3409.7   -0.391249113383056
      1399               3409.8   -0.390559754450323
      1400               3409.9   -0.389952453365684
      1401                 3410   -0.389654055453449
      1402               3410.1   -0.389739383221814
      1403               3410.2   -0.390157941423867
      1404               3410.3   -0.390835602970325
      1405               3410.4   -0.391721474852273
      1406               3410.5   -0.392776544544646
      1407               3410.6   -0.393973300515799
      1408               3410.7   -0.395303448557449
      1409               3410.8   -0.396736299468834
      1410               3410.9    -0.39814705045426
      1411                 3411   -0.399317776364711
      1412               3411.1   -0.400053868238464
      1413               3411.2   -0.400319125428512
      1414               3411.3   -0.400256623149086
      1415               3411.4   -0.400078594518328
      1416               3411.5   -0.399940674924726
      1417               3411.6   -0.399914403958512
      1418               3411.7   -0.400041230500825
      1419               3411.8   -0.400351031868378
      1420               3411.9   -0.400795267073207
      1421                 3412   -0.401200186466998
      1422               3412.1   -0.401360891598568
      1423               3412.2   -0.401216721105817
      1424               3412.3   -0.400912793143859
      1425               3412.4   -0.400668170659575
      1426               3412.5   -0.400591601034064
      1427               3412.6   -0.400619484732465
      1428               3412.7   -0.400586971160438
      1429               3412.8   -0.400330935511953
      1430               3412.9   -0.399771000484462
      1431                 3413   -0.398970562722336
      1432               3413.1   -0.398142082127279
      1433               3413.2   -0.397546076792817
      1434               3413.3   -0.397332630271519
      1435               3413.4    -0.39745922920773
      1436               3413.5   -0.397748712836682
      1437               3413.6   -0.398014479845915
      1438               3413.7   -0.398151340696606
      1439               3413.8   -0.398164354165519
      1440               3413.9    -0.39815354617007
      1441                 3414   -0.398260045555391
      1442               3414.1   -0.398582240777457
      1443               3414.2   -0.399102738973265
      1444               3414.3    -0.39967345469267
      1445               3414.4    -0.40007710007037
      1446               3414.5    -0.40015001661752
      1447               3414.6   -0.399911326311503
      1448               3414.7   -0.399600947077812
      1449               3414.8   -0.399555768558276
      1450               3414.9   -0.399984308843481
      1451                 3415   -0.400816969010422
      1452               3415.1   -0.401760849676642
      1453               3415.2   -0.402506109133133
      1454               3415.3   -0.402904896887671
      1455               3415.4   -0.402992949407653
      1456               3415.5   -0.402873997977453
      1457               3415.6   -0.402583215055018
      1458               3415.7   -0.402028333780775
      1459               3415.8   -0.401041521753426
      1460               3415.9   -0.399524200344971
      1461                 3416   -0.397610186546441
      1462               3416.1   -0.395710054756573
      1463               3416.2   -0.394338021221295
      1464               3416.3   -0.393811833901022
      1465               3416.4   -0.394072863145556
      1466               3416.5   -0.394774429050569
      1467               3416.6   -0.395519557191019
      1468               3416.7    -0.39602369431394
      1469               3416.8   -0.396142986997242
      1470               3416.9   -0.395879219640356
      1471                 3417   -0.395412271478522
      1472               3417.1   -0.395057247800146
      1473               3417.2   -0.395074162290521
      1474               3417.3   -0.395460132887094
      1475               3417.4   -0.395940762983075
      1476               3417.5   -0.396201698939817
      1477               3417.6   -0.396159576354441
      1478               3417.7   -0.396037225988816
      1479               3417.8   -0.396194773418718
      1480               3417.9   -0.396862108668848
      1481                 3418   -0.397962220783714
      1482               3418.1   -0.399131683280905
      1483               3418.2   -0.399919615526682
      1484               3418.3   -0.400036108630337
      1485               3418.4   -0.399483681628907
      1486               3418.5   -0.398493812616179
      1487               3418.6   -0.397355133618358
      1488               3418.7    -0.39629846200618
      1489               3418.8   -0.395501633522156
      1490               3418.9   -0.395120312906115
      1491                 3419    -0.39524570766233
      1492               3419.1   -0.395832338935571
      1493               3419.2   -0.396712974619759
      1494               3419.3   -0.397713210979415
      1495               3419.4   -0.398746164174919
      1496               3419.5    -0.39979284579584
      1497               3419.6   -0.400818602442566
      1498               3419.7   -0.401741098690255
      1499               3419.8    -0.40247366085309
      1500               3419.9   -0.402974062394267
