     index            Field [G]         Intensity []

         1                 3270   -0.394251375950619
         2               3270.1   -0.394505840134014
         3               3270.2   -0.394665743475658
         4               3270.3   -0.394645604142255
         5               3270.4   -0.394368969892039
         6               3270.5    -0.39385339414977
         7               3270.6    -0.39327071353449
         8               3270.7   -0.392887799581823
         9               3270.8   -0.392898928205887
        10               3270.9   -0.393286318511933
        11                 3271   -0.393831668465889
        12               3271.1   -0.394268307895165
        13               3271.2   -0.394446940147749
        14               3271.3   -0.394388252231068
        15               3271.4    -0.39420148357776
        16               3271.5   -0.393957498118594
        17               3271.6   -0.393626097963431
        18               3271.7   -0.393119719088495
        19               3271.8   -0.392400651745308
        20               3271.9   -0.391567866297404
        21                 3272   -0.390853696750269
        22               3272.1   -0.390516262244851
        23               3272.2   -0.390687790142937
        24               3272.3   -0.391283592229247
        25               3272.4   -0.392041610468488
        26               3272.5   -0.392668505783864
        27               3272.6   -0.393001263873065
        28               3272.7   -0.393097912230884
        29               3272.8   -0.393209627390295
        30               3272.9   -0.393631988282015
        31                 3273   -0.394506317060743
        32               3273.1    -0.39571040939081
        33               3273.2   -0.396936505014375
        34               3273.3   -0.397896403850574
        35               3273.4   -0.398484803048167
        36               3273.5   -0.398796724493525
        37               3273.6   -0.399033426321613
        38               3273.7   -0.399379404251279
        39               3273.8   -0.399899859574773
        40               3273.9   -0.400498263481923
        41                 3274   -0.400976227429003
        42               3274.1   -0.401173523187367
        43               3274.2   -0.401079925335621
        44               3274.3   -0.400828757720278
        45               3274.4   -0.400597817667781
        46               3274.5   -0.400511689634498
        47               3274.6   -0.400595412325431
        48               3274.7   -0.400767113316031
        49               3274.8   -0.400858505103217
        50               3274.9   -0.400672244750118
        51                 3275   -0.400063661798611
        52               3275.1   -0.399002331883457
        53               3275.2   -0.397580869197939
        54               3275.3   -0.395981184072463
        55               3275.4   -0.394427857927445
        56               3275.5   -0.393134465779545
        57               3275.6    -0.39222799296427
        58               3275.7   -0.391673979565206
        59               3275.8   -0.391281229222652
        60               3275.9   -0.390830744724961
        61                 3276   -0.390247645451222
        62               3276.1   -0.389666690150555
        63               3276.2   -0.389326905562981
        64               3276.3   -0.389378350131239
        65               3276.4   -0.389751120503899
        66               3276.5   -0.390181107246385
        67               3276.6   -0.390364277116043
        68               3276.7   -0.390119292396958
        69               3276.8     -0.3894535247903
        70               3276.9   -0.388520557233261
        71                 3277   -0.387522157833908
        72               3277.1   -0.386610920359871
        73               3277.2   -0.385844167931724
        74               3277.3   -0.385223754393491
        75               3277.4   -0.384783578164404
        76               3277.5   -0.384620458605786
        77               3277.6   -0.384822963202235
        78               3277.7   -0.385383778390093
        79               3277.8   -0.386199418119723
        80               3277.9   -0.387141009381792
        81                 3278   -0.388098937348133
        82               3278.1   -0.388963006057907
        83               3278.2   -0.389593958789117
        84               3278.3   -0.389849805326362
        85               3278.4   -0.389664805578388
        86               3278.5   -0.389120161169815
        87               3278.6   -0.388441124883291
        88               3278.7   -0.387906614733947
        89               3278.8   -0.387723297292557
        90               3278.9   -0.387940156295321
        91                 3279   -0.388453637585788
        92               3279.1   -0.389108507036376
        93               3279.2   -0.389837075299719
        94               3279.3   -0.390714410592505
        95               3279.4   -0.391843021379119
        96               3279.5   -0.393162349203493
        97               3279.6   -0.394410905884202
        98               3279.7   -0.395328056690298
        99               3279.8   -0.395895199384374
       100               3279.9   -0.396349018938453
       101                 3280   -0.396949162367567
       102               3280.1   -0.397742202623566
       103               3280.2   -0.398541592125978
       104               3280.3   -0.399100423053047
       105               3280.4   -0.399274239757165
       106               3280.5   -0.399032709488949
       107               3280.6   -0.398383113267937
       108               3280.7   -0.397357210659366
       109               3280.8    -0.39608049663991
       110               3280.9   -0.394788831938681
       111                 3281   -0.393713503055327
       112               3281.1   -0.392940783279616
       113               3281.2   -0.392396981617124
       114               3281.3   -0.391962519069687
       115               3281.4   -0.391589669448848
       116               3281.5   -0.391328653471952
       117               3281.6   -0.391268622497217
       118               3281.7   -0.391450098664237
       119               3281.8   -0.391802746259677
       120               3281.9   -0.392149531489662
       121                 3282   -0.392287532766522
       122               3282.1   -0.392100330899378
       123               3282.2   -0.391622807855249
       124               3282.3   -0.391007261089183
       125               3282.4   -0.390412765848004
       126               3282.5   -0.389903326086353
       127               3282.6   -0.389439205351551
       128               3282.7   -0.388966008517214
       129               3282.8   -0.388516107551061
       130               3282.9   -0.388230487995936
       131                 3283   -0.388285970325112
       132               3283.1   -0.388787570828936
       133               3283.2   -0.389702711855341
       134               3283.3   -0.390876457634636
       135               3283.4   -0.392100693261747
       136               3283.5   -0.393171609998235
       137               3283.6   -0.393911506700608
       138               3283.7   -0.394199871381623
       139               3283.8   -0.394040029114895
       140               3283.9    -0.39359557492995
       141                 3284   -0.393117992390058
       142               3284.1   -0.392802905767305
       143               3284.2   -0.392703034784408
       144               3284.3   -0.392763849185969
       145               3284.4   -0.392923110071718
       146               3284.5   -0.393178793806197
       147               3284.6   -0.393581135257953
       148               3284.7     -0.3941632379854
       149               3284.8   -0.394870610397006
       150               3284.9   -0.395565789585628
       151                 3285   -0.396117556324272
       152               3285.1   -0.396483879868707
       153               3285.2   -0.396706596836931
       154               3285.3   -0.396851286609732
       155               3285.4   -0.396973710829583
       156               3285.5   -0.397118432561334
       157               3285.6   -0.397301136018571
       158               3285.7   -0.397472312036846
       159               3285.8   -0.397509106980261
       160               3285.9   -0.397266231992216
       161                 3286   -0.396678350161102
       162               3286.1   -0.395863390195847
       163               3286.2   -0.395127890988224
       164               3286.3   -0.394806680019703
       165               3286.4   -0.395025503540198
       166               3286.5   -0.395594789493395
       167               3286.6   -0.396141098628637
       168               3286.7   -0.396351015148847
       169               3286.8   -0.396111231706974
       170               3286.9   -0.395468181165437
       171                 3287   -0.394513985672838
       172               3287.1   -0.393330404444328
       173               3287.2   -0.392003612997149
       174               3287.3   -0.390633575452239
       175               3287.4    -0.38930509060514
       176               3287.5   -0.388077275366408
       177               3287.6   -0.387037140159009
       178               3287.7   -0.386353260764748
       179               3287.8   -0.386220609598919
       180               3287.9   -0.386705441405164
       181                 3288   -0.387646686523302
       182               3288.1   -0.388738389877199
       183               3288.2   -0.389720561875919
       184               3288.3   -0.390490631315257
       185               3288.4   -0.391057303099637
       186               3288.5    -0.39143141096268
       187               3288.6   -0.391568165469364
       188               3288.7   -0.391377058974352
       189               3288.8   -0.390770393530619
       190               3288.9    -0.38974042430116
       191                 3289   -0.388431385923726
       192               3289.1   -0.387128538957302
       193               3289.2   -0.386138321216783
       194               3289.3   -0.385650147980891
       195               3289.4   -0.385692137926401
       196               3289.5   -0.386186790745789
       197               3289.6   -0.387017806894149
       198               3289.7   -0.388041322044888
       199               3289.8   -0.389068136792629
       200               3289.9   -0.389892476406536
       201                 3290   -0.390385197123249
       202               3290.1   -0.390567388493335
       203               3290.2   -0.390574008100569
       204               3290.3   -0.390539666590419
       205               3290.4   -0.390533159744174
       206               3290.5   -0.390598021034921
       207               3290.6   -0.390817564076866
       208               3290.7   -0.391301802368972
       209               3290.8   -0.392103145195948
       210               3290.9    -0.39315274060854
       211                 3291    -0.39427540111447
       212               3291.1   -0.395258674138901
       213               3291.2   -0.395926005228194
       214               3291.3   -0.396192064042971
       215               3291.4   -0.396091467631669
       216               3291.5   -0.395761794980002
       217               3291.6   -0.395374995746302
       218               3291.7    -0.39504967500707
       219               3291.8   -0.394792860162085
       220               3291.9   -0.394501598561231
       221                 3292   -0.394030586252954
       222               3292.1   -0.393305969347491
       223               3292.2   -0.392424235048644
       224               3292.3   -0.391649325579786
       225               3292.4   -0.391267303546335
       226               3292.5   -0.391372907119022
       227               3292.6   -0.391754931458895
       228               3292.7   -0.392010070820228
       229               3292.8   -0.391836447863463
       230               3292.9   -0.391278427990778
       231                 3293   -0.390705326201677
       232               3293.1   -0.390535991000222
       233               3293.2    -0.39094756549677
       234               3293.3   -0.391790466211111
       235               3293.4   -0.392717291869471
       236               3293.5   -0.393383409990469
       237               3293.6   -0.393606923563402
       238               3293.7   -0.393449365018472
       239               3293.8   -0.393190460295629
       240               3293.9   -0.393191340184214
       241                 3294   -0.393714226269915
       242               3294.1    -0.39480222749217
       243               3294.2   -0.396271689426386
       244               3294.3   -0.397802015787706
       245               3294.4   -0.399069796861909
       246               3294.5   -0.399850302095209
       247               3294.6   -0.400029057307593
       248               3294.7   -0.399557260408504
       249               3294.8   -0.398450362672817
       250               3294.9   -0.396856730585837
       251                 3295    -0.39509030231448
       252               3295.1   -0.393517506851627
       253               3295.2   -0.392344132273036
       254               3295.3   -0.391480599281264
       255               3295.4   -0.390616049637087
       256               3295.5    -0.38945405675377
       257               3295.6   -0.387936782565452
       258               3295.7   -0.386312873564808
       259               3295.8   -0.385026786247233
       260               3295.9   -0.384505000788117
       261                 3296   -0.384945425128506
       262               3296.1   -0.386211200569948
       263               3296.2   -0.387896658086075
       264               3296.3   -0.389541845382589
       265               3296.4   -0.390858172572384
       266               3296.5   -0.391813680277367
       267               3296.6   -0.392555041983145
       268               3296.7   -0.393270246554284
       269               3296.8   -0.394080161332573
       270               3296.9   -0.394966404089231
       271                 3297   -0.395745817387845
       272               3297.1   -0.396144287846614
       273               3297.2    -0.39596665768525
       274               3297.3   -0.395246260991459
       275               3297.4   -0.394251048430003
       276               3297.5   -0.393342405113795
       277               3297.6   -0.392790411400445
       278               3297.7   -0.392658459290594
       279               3297.8   -0.392810995604151
       280               3297.9   -0.393025504122167
       281                 3298   -0.393134310492772
       282               3298.1   -0.393104940208267
       283               3298.2    -0.39300375112222
       284               3298.3   -0.392871883907459
       285               3298.4   -0.392630440822129
       286               3298.5   -0.392130415085308
       287               3298.6   -0.391324759717226
       288               3298.7   -0.390385976577409
       289               3298.8    -0.38961964392907
       290               3298.9   -0.389235620296477
       291                 3299   -0.389195917999713
       292               3299.1    -0.38927799444274
       293               3299.2    -0.38927641894428
       294               3299.3   -0.389154505277082
       295               3299.4   -0.389037989415857
       296               3299.5   -0.389091743426898
       297               3299.6   -0.389388043291291
       298               3299.7   -0.389844319366777
       299               3299.8   -0.390259571371927
       300               3299.9   -0.390446490198489
       301                 3300    -0.39039812597375
       302               3300.1   -0.390351624227771
       303               3300.2   -0.390637361529022
       304               3300.3   -0.391389249112875
       305               3300.4   -0.392371159123186
       306               3300.5   -0.393109061814417
       307               3300.6   -0.393234442667518
       308               3300.7    -0.39274107371263
       309               3300.8   -0.391946134017459
       310               3300.9   -0.391212451174315
       311                 3301   -0.390669148117931
       312               3301.1   -0.390143812289044
       313               3301.2    -0.38934541450103
       314               3301.3   -0.388135643400428
       315               3301.4   -0.386651235476456
       316               3301.5   -0.385190471938899
       317               3301.6   -0.384021044092855
       318               3301.7    -0.38331265075437
       319               3301.8    -0.38318402134986
       320               3301.9    -0.38368867836274
       321                 3302   -0.384694108427401
       322               3302.1   -0.385831857585308
       323               3302.2   -0.386657789277648
       324               3302.3   -0.386902317744341
       325               3302.4   -0.386571007722556
       326               3302.5   -0.385822217483029
       327               3302.6   -0.384773153605953
       328               3302.7   -0.383424340163463
       329               3302.8   -0.381752767269459
       330               3302.9   -0.379870242285806
       331                 3303   -0.378097367796083
       332               3303.1   -0.376873563415463
       333               3303.2   -0.376546110095308
       334               3303.3   -0.377176480445436
       335               3303.4   -0.378504371645258
       336               3303.5    -0.38010156212526
       337               3303.6   -0.381599576075897
       338               3303.7   -0.382815530700093
       339               3303.8   -0.383698590532275
       340               3303.9   -0.384195802936228
       341                 3304   -0.384215615847738
       342               3304.1   -0.383752112984859
       343               3304.2   -0.383032795578886
       344               3304.3   -0.382495986303791
       345               3304.4   -0.382571351551066
       346               3304.5   -0.383440146957608
       347               3304.6   -0.384960422700802
       348               3304.7   -0.386776039507324
       349               3304.8   -0.388497334088212
       350               3304.9    -0.38984859415501
       351                 3305   -0.390739934323539
       352               3305.1   -0.391257995936885
       353               3305.2    -0.39159273894408
       354               3305.3   -0.391936751691244
       355               3305.4   -0.392390934455821
       356               3305.5   -0.392903149734476
       357               3305.6   -0.393276367255332
       358               3305.7   -0.393268919036568
       359               3305.8   -0.392735829862348
       360               3305.9   -0.391698033422539
       361                 3306   -0.390282028460803
       362               3306.1   -0.388616216956952
       363               3306.2   -0.386827393297081
       364               3306.3   -0.385150015171324
       365               3306.4   -0.383986087289297
       366               3306.5   -0.383771748575536
       367               3306.6   -0.384721019354313
       368               3306.7     -0.3866656606063
       369               3306.8   -0.389115144586469
       370               3306.9   -0.391460023193137
       371                 3307    -0.39317401921146
       372               3307.1   -0.393954937721731
       373               3307.2   -0.393809226881806
       374               3307.3   -0.393046494026991
       375               3307.4   -0.392125583396183
       376               3307.5   -0.391395438571722
       377               3307.6   -0.390907600739535
       378               3307.7   -0.390454900809749
       379               3307.8   -0.389800207914366
       380               3307.9   -0.388895197243357
       381                 3308     -0.3879172664576
       382               3308.1   -0.387131017171774
       383               3308.2   -0.386725837154049
       384               3308.3   -0.386756875718058
       385               3308.4   -0.387169685189971
       386               3308.5   -0.387807942996162
       387               3308.6   -0.388391033332703
       388               3308.7   -0.388562132612357
       389               3308.8   -0.388056158478825
       390               3308.9   -0.386877969377849
       391                 3309   -0.385336233838146
       392               3309.1   -0.383895440304446
       393               3309.2   -0.382935334356593
       394               3309.3   -0.382555446588562
       395               3309.4   -0.382554294248023
       396               3309.5   -0.382621662423704
       397               3309.6   -0.382598026035858
       398               3309.7   -0.382555908566146
       399               3309.8   -0.382626193013837
       400               3309.9   -0.382775171923763
       401                 3310   -0.382780317093409
       402               3310.1   -0.382399509029676
       403               3310.2   -0.381522370315194
       404               3310.3   -0.380184683172915
       405               3310.4   -0.378536814407758
       406               3310.5   -0.376869792134818
       407               3310.6    -0.37562634308503
       408               3310.7   -0.375248915289268
       409               3310.8   -0.375889844870496
       410               3310.9   -0.377229936117413
       411                 3311   -0.378624371136154
       412               3311.1   -0.379501096476444
       413               3311.2   -0.379684936387937
       414               3311.3   -0.379394879783666
       415               3311.4   -0.378980968081041
       416               3311.5   -0.378678335854212
       417               3311.6   -0.378555595580994
       418               3311.7    -0.37859039332971
       419               3311.8   -0.378716746790435
       420               3311.9   -0.378812982132478
       421                 3312   -0.378717882933407
       422               3312.1   -0.378313478606879
       423               3312.2   -0.377598520628273
       424               3312.3    -0.37667489149448
       425               3312.4   -0.375667587840491
       426               3312.5   -0.374652527718475
       427               3312.6   -0.373632875802657
       428               3312.7   -0.372565234119606
       429               3312.8   -0.371423296609786
       430               3312.9   -0.370254421759992
       431                 3313   -0.369160251665184
       432               3313.1   -0.368198430455613
       433               3313.2   -0.367309099601829
       434               3313.3    -0.36635730779831
       435               3313.4   -0.365243514723388
       436               3313.5   -0.363960368836988
       437               3313.6   -0.362564537203953
       438               3313.7   -0.361140806911614
       439               3313.8   -0.359803949520039
       440               3313.9   -0.358681721402169
       441                 3314   -0.357822246577257
       442               3314.1    -0.35708061829712
       443               3314.2   -0.356109629395368
       444               3314.3   -0.354512432775609
       445               3314.4   -0.352076948063358
       446               3314.5   -0.348931357583391
       447               3314.6   -0.345503061645232
       448               3314.7   -0.342297084064954
       449               3314.8   -0.339635869940109
       450               3314.9    -0.33752773616847
       451                 3315   -0.335735374411281
       452               3315.1   -0.333969083454636
       453               3315.2   -0.332050007186132
       454               3315.3   -0.329946540390529
       455               3315.4   -0.327717214337521
       456               3315.5    -0.32544880539602
       457               3315.6   -0.323216996766147
       458               3315.7   -0.321042770912725
       459               3315.8   -0.318860576117306
       460               3315.9    -0.31655500366545
       461                 3316   -0.314050552783304
       462               3316.1   -0.311349897157665
       463               3316.2   -0.308467668382427
       464               3316.3   -0.305344238327712
       465               3316.4   -0.301853136803072
       466               3316.5   -0.297899899563739
       467               3316.6   -0.293508447396645
       468               3316.7   -0.288817477478994
       469               3316.8   -0.284001847827222
       470               3316.9   -0.279181014954712
       471                 3317   -0.274364037666447
       472               3317.1   -0.269458322893761
       473               3317.2   -0.264343901699031
       474               3317.3   -0.258967386918708
       475               3317.4   -0.253381754009996
       476               3317.5    -0.24770872035892
       477               3317.6   -0.242082994510303
       478               3317.7   -0.236638910473726
       479               3317.8   -0.231516007735967
       480               3317.9   -0.226820106161712
       481                 3318   -0.222551873095501
       482               3318.1   -0.218597351306697
       483               3318.2   -0.214823813763756
       484               3318.3   -0.211188353405768
       485               3318.4   -0.207737312649291
       486               3318.5   -0.204506548313876
       487               3318.6   -0.201451623970517
       488               3318.7   -0.198492785905872
       489               3318.8   -0.195626948789678
       490               3318.9   -0.192998039733492
       491                 3319   -0.190862492693557
       492               3319.1   -0.189470679772162
       493               3319.2   -0.188949138728686
       494               3319.3   -0.189267536734146
       495               3319.4   -0.190289316814891
       496               3319.5   -0.191820287631861
       497               3319.6   -0.193607267983966
       498               3319.7   -0.195357275270984
       499               3319.8   -0.196856322895823
       500               3319.9   -0.198117969686666
       501                 3320   -0.199392691554181
       502               3320.1   -0.200991480048476
       503               3320.2   -0.203087099282822
       504               3320.3   -0.205683826682262
       505               3320.4   -0.208751567491489
       506               3320.5   -0.212342117247962
       507               3320.6   -0.216547939394297
       508               3320.7    -0.22135601901132
       509               3320.8    -0.22656294970854
       510               3320.9   -0.231844958060087
       511                 3321   -0.236920529505746
       512               3321.1   -0.241664921606313
       513               3321.2   -0.246093458692783
       514               3321.3   -0.250257676988821
       515               3321.4   -0.254172510148609
       516               3321.5    -0.25783873239577
       517               3321.6   -0.261307946004095
       518               3321.7    -0.26470363252705
       519               3321.8   -0.268187185754952
       520               3321.9   -0.271910622517767
       521                 3322   -0.275962453793021
       522               3322.1   -0.280296288531177
       523               3322.2   -0.284696749681434
       524               3322.3   -0.288863220097422
       525               3322.4    -0.29258503179832
       526               3322.5   -0.295869174785513
       527               3322.6   -0.298922824138402
       528               3322.7   -0.302023916006061
       529               3322.8   -0.305366282657124
       530               3322.9   -0.308940462988607
       531                 3323   -0.312511779429124
       532               3323.1   -0.315752998515369
       533               3323.2   -0.318479930950704
       534               3323.3    -0.32080786338429
       535               3323.4   -0.323086509341707
       536               3323.5   -0.325667407704469
       537               3323.6   -0.328689623181785
       538               3323.7   -0.332021138146102
       539               3323.8   -0.335361337042536
       540               3323.9   -0.338415770262258
       541                 3324   -0.341030801474494
       542               3324.1   -0.343221404027915
       543               3324.2   -0.345112709626171
       544               3324.3   -0.346865553227943
       545               3324.4   -0.348623280652877
       546               3324.5   -0.350468238865867
       547               3324.6   -0.352388664301276
       548               3324.7   -0.354293918607021
       549               3324.8   -0.356095726859395
       550               3324.9   -0.357802642735288
       551                 3325   -0.359539380809063
       552               3325.1   -0.361453595308863
       553               3325.2   -0.363576206948924
       554               3325.3   -0.365762168741746
       555               3325.4    -0.36777696849661
       556               3325.5   -0.369450719494248
       557               3325.6   -0.370751975493995
       558               3325.7   -0.371726367355065
       559               3325.8   -0.372390394594943
       560               3325.9   -0.372695179953619
       561                 3326   -0.372574005683342
       562               3326.1   -0.372010119381896
       563               3326.2   -0.371079956972714
       564               3326.3   -0.369960507317452
       565               3326.4   -0.368883403828286
       566               3326.5   -0.368034584742992
       567               3326.6   -0.367459657373333
       568               3326.7   -0.367051112599118
       569               3326.8   -0.366626348723202
       570               3326.9   -0.366042963648241
       571                 3327   -0.365293634415954
       572               3327.1   -0.364529266667629
       573               3327.2   -0.363969137237059
       574               3327.3   -0.363733096352774
       575               3327.4   -0.363733976313378
       576               3327.5   -0.363745641389464
       577               3327.6   -0.363591714921844
       578               3327.7    -0.36327285187423
       579               3327.8    -0.36291663179937
       580               3327.9   -0.362610891158668
       581                 3328   -0.362286959426353
       582               3328.1   -0.361773201957549
       583               3328.2   -0.360985305592027
       584               3328.3    -0.36007622637312
       585               3328.4   -0.359377185941096
       586               3328.5    -0.35915253517244
       587               3328.6   -0.359386955791669
       588               3328.7   -0.359800162799076
       589               3328.8   -0.360058127499205
       590               3328.9   -0.359974786739482
       591                 3329   -0.359554223919418
       592               3329.1   -0.358908870042225
       593               3329.2   -0.358175325673591
       594               3329.3   -0.357473248421086
       595               3329.4   -0.356868340588976
       596               3329.5   -0.356334083915615
       597               3329.6   -0.355775993552864
       598               3329.7   -0.355143240887762
       599               3329.8   -0.354537713401081
       600               3329.9   -0.354202549414743
       601                 3330   -0.354383009890947
       602               3330.1   -0.355174776067519
       603               3330.2   -0.356474549979529
       604               3330.3   -0.358043422480903
       605               3330.4   -0.359613411936234
       606               3330.5   -0.360981495797619
       607               3330.6     -0.3620765967877
       608               3330.7   -0.362975291777749
       609               3330.8   -0.363829913024864
       610               3330.9   -0.364739785242194
       611                 3331   -0.365679604730454
       612               3331.1   -0.366563599246607
       613               3331.2   -0.367388789970567
       614               3331.3   -0.368325269704012
       615               3331.4   -0.369679175711144
       616               3331.5   -0.371760642406233
       617               3331.6   -0.374744706466348
       618               3331.7   -0.378598328316392
       619               3331.8    -0.38309634196893
       620               3331.9   -0.387910953116546
       621                 3332   -0.392749867642409
       622               3332.1   -0.397497834339327
       623               3332.2   -0.402270213367795
       624               3332.3      -0.407301933766
       625               3332.4   -0.412733887757243
       626               3332.5   -0.418491493839432
       627               3332.6   -0.424383641100663
       628               3332.7   -0.430322874832636
       629               3332.8   -0.436438771865821
       630               3332.9   -0.442974201515032
       631                 3333   -0.450075666363445
       632               3333.1   -0.457672806181878
       633               3333.2   -0.465525617068726
       634               3333.3   -0.473353321150819
       635               3333.4   -0.480920286538135
       636               3333.5    -0.48805217890934
       637               3333.6   -0.494646214056066
       638               3333.7   -0.500710685771468
       639               3333.8   -0.506380576877284
       640               3333.9    -0.51184901570893
       641                 3334   -0.517246281997756
       642               3334.1   -0.522563166750359
       643               3334.2   -0.527672049466641
       644               3334.3    -0.53241289650716
       645               3334.4   -0.536680809253842
       646               3334.5   -0.540476993348301
       647               3334.6   -0.543907131777291
       648               3334.7   -0.547123310280052
       649               3334.8   -0.550241423189198
       650               3334.9   -0.553295440027027
       651                 3335   -0.556245304956545
       652               3335.1   -0.558980652386943
       653               3335.2   -0.561287121989683
       654               3335.3   -0.562850928876911
       655               3335.4   -0.563387872680493
       656               3335.5   -0.562834550744356
       657               3335.6   -0.561422744294031
       658               3335.7   -0.559545266831443
       659               3335.8    -0.55751978495874
       660               3335.9   -0.555438201282133
       661                 3336   -0.553179072691514
       662               3336.1   -0.550508502957036
       663               3336.2   -0.547170851240952
       664               3336.3   -0.542953978493525
       665               3336.4    -0.53774968561924
       666               3336.5   -0.531576109146511
       667               3336.6   -0.524515233133303
       668               3336.7   -0.516614494176125
       669               3336.8   -0.507870689465296
       670               3336.9   -0.498322888322901
       671                 3337   -0.488135560268609
       672               3337.1   -0.477563953928648
       673               3337.2   -0.466847106342763
       674               3337.3   -0.456142787330795
       675               3337.4   -0.445520286305657
       676               3337.5   -0.434947132271621
       677               3337.6   -0.424276451687554
       678               3337.7   -0.413314900798694
       679               3337.8   -0.401960552672461
       680               3337.9   -0.390264795361833
       681                 3338    -0.37832342778468
       682               3338.1   -0.366107329141884
       683               3338.2   -0.353427375275588
       684               3338.3   -0.340069152887399
       685               3338.4   -0.325943851143852
       686               3338.5   -0.311126333484197
       687               3338.6   -0.295814660205237
       688               3338.7   -0.280290925001253
       689               3338.8   -0.264862240823186
       690               3338.9   -0.249729601466729
       691                 3339   -0.234847373326126
       692               3339.1   -0.219908395168724
       693               3339.2   -0.204491196174373
       694               3339.3   -0.188267166291143
       695               3339.4   -0.171144754312843
       696               3339.5   -0.153293741142607
       697               3339.6   -0.135048940868537
       698               3339.7   -0.116739172732268
       699               3339.8  -0.0985393295322411
       700               3339.9  -0.0804376722023225
       701                 3340  -0.0623165063501212
       702               3340.1  -0.0440596823420074
       703               3340.2  -0.0256198481209868
       704               3340.3 -0.00704683972545982
       705               3340.4   0.0115167269697919
       706               3340.5   0.0299072845980314
       707               3340.6   0.0480808527644972
       708               3340.7   0.0662151329136473
       709               3340.8   0.0846450958863717
       710               3340.9    0.103648510333135
       711                 3341    0.123241990678731
       712               3341.1    0.143110784370543
       713               3341.2    0.162658346607238
       714               3341.3    0.181130734081266
       715               3341.4    0.197831372885776
       716               3341.5    0.212392741359822
       717               3341.6    0.224909546347671
       718               3341.7    0.235736038414344
       719               3341.8    0.245033863915668
       720               3341.9    0.252438108756899
       721                 3342    0.257140536530185
       722               3342.1     0.25832626972132
       723               3342.2     0.25561282862925
       724               3342.3    0.249168980663806
       725               3342.4     0.23945703630143
       726               3342.5    0.226811591008152
       727               3342.6    0.211158352856932
       728               3342.7    0.192054203479049
       729               3342.8    0.168998288725373
       730               3342.9    0.141781047551306
       731                 3343    0.110623406364644
       732               3343.1   0.0760383557029383
       733               3343.2   0.0385963863727103
       734               3343.3 -0.00115367033124289
       735               3343.4  -0.0425811060038545
       736               3343.5  -0.0849280065918416
       737               3343.6   -0.127504356317482
       738               3343.7   -0.169957842935138
       739               3343.8   -0.212283880835023
       740               3343.9   -0.254514471752748
       741                 3344    -0.29639924952279
       742               3344.1   -0.337387347318208
       743               3344.2   -0.376866316629286
       744               3344.3   -0.414368792232662
       745               3344.4   -0.449570720613189
       746               3344.5   -0.482174835178358
       747               3344.6   -0.511882842634591
       748               3344.7   -0.538530788634021
       749               3344.8   -0.562255509656574
       750               3344.9   -0.583487610345252
       751                 3345   -0.602712518085734
       752               3345.1   -0.620173684892919
       753               3345.2   -0.635765289019399
       754               3345.3   -0.649187079482765
       755               3345.4   -0.660202541753596
       756               3345.5   -0.668795771339151
       757               3345.6   -0.675166042327382
       758               3345.7   -0.679637334143564
       759               3345.8   -0.682570092802987
       760               3345.9   -0.684300551929987
       761                 3346   -0.685099960625577
       762               3346.1   -0.685159273852521
       763               3346.2   -0.684614011798887
       764               3346.3   -0.683591792566019
       765               3346.4   -0.682220985526099
       766               3346.5   -0.680561440278165
       767               3346.6   -0.678524656525583
       768               3346.7   -0.675917225039367
       769               3346.8   -0.672636466261342
       770               3346.9   -0.668854450136578
       771                 3347   -0.664988507356131
       772               3347.1   -0.661450857718568
       773               3347.2   -0.658386787790626
       774               3347.3   -0.655615611570731
       775               3347.4   -0.652794603727622
       776               3347.5   -0.649641557317543
       777               3347.6   -0.646040204075048
       778               3347.7   -0.641993234874642
       779               3347.8   -0.637527610270923
       780               3347.9   -0.632671350331336
       781                 3348   -0.627519424830299
       782               3348.1   -0.622296708784776
       783               3348.2   -0.617309299309082
       784               3348.3   -0.612775233451652
       785               3348.4   -0.608660496890795
       786               3348.5   -0.604674149394845
       787               3348.6   -0.600444892480107
       788               3348.7   -0.595741680017945
       789               3348.8    -0.59058019489524
       790               3348.9   -0.585168224961159
       791                 3349   -0.579750785109784
       792               3349.1   -0.574458672238399
       793               3349.2   -0.569267401688382
       794               3349.3   -0.564114549043323
       795               3349.4   -0.559077333216402
       796               3349.5   -0.554413527957136
       797               3349.6   -0.550393043831472
       798               3349.7   -0.547092120680709
       799               3349.8   -0.544366137185206
       800               3349.9   -0.541991428339771
       801                 3350   -0.539787289950523
       802               3350.1   -0.537623443292297
       803               3350.2   -0.535397476536395
       804               3350.3   -0.533062924650393
       805               3350.4   -0.530659360701131
       806               3350.5   -0.528271038018524
       807               3350.6   -0.525945391125757
       808               3350.7   -0.523662706221246
       809               3350.8   -0.521383315693896
       810               3350.9   -0.519116324498294
       811                 3351   -0.516956117942601
       812               3351.1   -0.515077598491441
       813               3351.2   -0.513688736033634
       814               3351.3   -0.512932938633111
       815               3351.4   -0.512780457002561
       816               3351.5   -0.513010294145178
       817               3351.6    -0.51334369532694
       818               3351.7   -0.513635420957627
       819               3351.8   -0.513932614425795
       820               3351.9   -0.514330914393918
       821                 3352   -0.514786408566686
       822               3352.1   -0.515099008759241
       823               3352.2   -0.515084769872673
       824               3352.3   -0.514741451831645
       825               3352.4     -0.5142311988197
       826               3352.5   -0.513713229386088
       827               3352.6    -0.51321262126201
       828               3352.7   -0.512653356216536
       829               3352.8   -0.511998386463419
       830               3352.9   -0.511338479035992
       831                 3353   -0.510849500277067
       832               3353.1   -0.510674788934957
       833               3353.2   -0.510833250996081
       834               3353.3   -0.511204100475187
       835               3353.4   -0.511576579847407
       836               3353.5   -0.511714471228457
       837               3353.6   -0.511389982784355
       838               3353.7   -0.510400758715888
       839               3353.8    -0.50862620747615
       840               3353.9   -0.506122653029827
       841                 3354   -0.503168368293453
       842               3354.1   -0.500185776485825
       843               3354.2   -0.497573160725111
       844               3354.3   -0.495541328168405
       845               3354.4   -0.494034897315275
       846               3354.5   -0.492779612908542
       847               3354.6   -0.491447286321869
       848               3354.7   -0.489855547829984
       849               3354.8   -0.488076401046743
       850               3354.9    -0.48637990003654
       851                 3355   -0.485052264908195
       852               3355.1   -0.484205708934958
       853               3355.2   -0.483694839592924
       854               3355.3   -0.483192536873316
       855               3355.4   -0.482383251328672
       856               3355.5   -0.481137856594639
       857               3355.6   -0.479531102060854
       858               3355.7   -0.477709840719348
       859               3355.8   -0.475780088490419
       860               3355.9   -0.473827376359439
       861                 3356   -0.471967455336417
       862               3356.1   -0.470274717516509
       863               3356.2   -0.468655870646243
       864               3356.3   -0.466884355506642
       865               3356.4   -0.464826157350408
       866               3356.5   -0.462623344005882
       867               3356.6   -0.460635202553575
       868               3356.7    -0.45920425128831
       869               3356.8   -0.458457358700881
       870               3356.9   -0.458254829278422
       871                 3357   -0.458264784953376
       872               3357.1   -0.458110623722882
       873               3357.2   -0.457539739260372
       874               3357.3   -0.456523483423541
       875               3357.4   -0.455208306053177
       876               3357.5   -0.453758636922979
       877               3357.6    -0.45224231785134
       878               3357.7   -0.450661058504194
       879               3357.8   -0.449066736637115
       880               3357.9    -0.44761358639667
       881                 3358    -0.44647310137256
       882               3358.1   -0.445693980061037
       883               3358.2   -0.445154292589066
       884               3358.3   -0.444656169875871
       885               3358.4   -0.444063399189556
       886               3358.5   -0.443349948112023
       887               3358.6   -0.442542645678156
       888               3358.7   -0.441657972454344
       889               3358.8   -0.440713062295759
       890               3358.9   -0.439774500126482
       891                 3359   -0.438952646596608
       892               3359.1   -0.438319165510967
       893               3359.2   -0.437821605992771
       894               3359.3   -0.437280585258504
       895               3359.4   -0.436489824119365
       896               3359.5   -0.435361569974432
       897               3359.6   -0.434013169748319
       898               3359.7   -0.432715776330839
       899               3359.8   -0.431733679244079
       900               3359.9   -0.431180510735075
       901                 3360   -0.430995770451818
       902               3360.1   -0.431030733222453
       903               3360.2   -0.431155887772633
       904               3360.3   -0.431317627719828
       905               3360.4   -0.431529130293392
       906               3360.5   -0.431823321712737
       907               3360.6   -0.432207886359391
       908               3360.7   -0.432645218498778
       909               3360.8   -0.433051097870618
       910               3360.9   -0.433293962650582
       911                 3361   -0.433194332895176
       912               3361.1   -0.432550111160459
       913               3361.2   -0.431213178168584
       914               3361.3   -0.429202296534573
       915               3361.4   -0.426783155792599
       916               3361.5   -0.424428325090526
       917               3361.6   -0.422625885335895
       918               3361.7   -0.421625505517435
       919               3361.8   -0.421307007308579
       920               3361.9   -0.421303869669823
       921                 3362   -0.421302667301661
       922               3362.1   -0.421263474073017
       923               3362.2   -0.421375381867489
       924               3362.3   -0.421818146350828
       925               3362.4   -0.422565609546269
       926               3362.5   -0.423382176864472
       927               3362.6   -0.423963510249086
       928               3362.7   -0.424075449082358
       929               3362.8   -0.423607878013411
       930               3362.9   -0.422570932396331
       931                 3363   -0.421091400983889
       932               3363.1   -0.419403761395447
       933               3363.2   -0.417783385849292
       934               3363.3   -0.416430860953098
       935               3363.4   -0.415408807992215
       936               3363.5   -0.414699535433418
       937               3363.6   -0.414309300993609
       938               3363.7   -0.414287499421126
       939               3363.8   -0.414635634491618
       940               3363.9   -0.415198520502922
       941                 3364   -0.415630030433013
       942               3364.1   -0.415473407702934
       943               3364.2   -0.414363165303393
       944               3364.3   -0.412280867982555
       945               3364.4   -0.409679880549724
       946               3364.5   -0.407311339298325
       947               3364.6   -0.405821650002193
       948               3364.7   -0.405423753808666
       949               3364.8   -0.405887264781064
       950               3364.9   -0.406797478828254
       951                 3365   -0.407825504693036
       952               3365.1   -0.408818456416511
       953               3365.2   -0.409723840956247
       954               3365.3   -0.410479216411913
       955               3365.4   -0.410970787894982
       956               3365.5    -0.41107935693816
       957               3365.6   -0.410761522826851
       958               3365.7   -0.410088692753361
       959               3365.8   -0.409207276313085
       960               3365.9   -0.408261952335964
       961                 3366   -0.407358088709324
       962               3366.1   -0.406592994530351
       963               3366.2   -0.406109613388213
       964               3366.3   -0.406089065961299
       965               3366.4   -0.406639052562105
       966               3366.5   -0.407646326586839
       967               3366.6   -0.408749638769037
       968               3366.7   -0.409524169303593
       969               3366.8    -0.40976183508121
       970               3366.9    -0.40959896400161
       971                 3367   -0.409366069104112
       972               3367.1   -0.409301496069126
       973               3367.2   -0.409383151192891
       974               3367.3   -0.409386478850086
       975               3367.4   -0.409073909285217
       976               3367.5   -0.408359648788048
       977               3367.6    -0.40735148118548
       978               3367.7   -0.406258198202762
       979               3367.8   -0.405245190833942
       980               3367.9   -0.404366295531768
       981                 3368   -0.403613053552513
       982               3368.1   -0.402979326615536
       983               3368.2   -0.402436430288794
       984               3368.3   -0.401866872223435
       985               3368.4   -0.401091575785379
       986               3368.5   -0.400011488503693
       987               3368.6   -0.398725083834794
       988               3368.7   -0.397496789789655
       989               3368.8   -0.396612609886779
       990               3368.9   -0.396254085103154
       991                 3369   -0.396456343396883
       992               3369.1    -0.39712112725677
       993               3369.2    -0.39805768801407
       994               3369.3   -0.399059648943082
       995               3369.4    -0.39998850170716
       996               3369.5   -0.400786545493564
       997               3369.6   -0.401406470625968
       998               3369.7   -0.401759327099821
       999               3369.8     -0.4017681352695
      1000               3369.9   -0.401470583216746
      1001                 3370   -0.401040887582624
      1002               3370.1   -0.400696720469248
      1003               3370.2   -0.400584562617496
      1004               3370.3   -0.400739997839891
      1005               3370.4   -0.401124134832624
      1006               3370.5   -0.401671215691645
      1007               3370.6   -0.402301897267002
      1008               3370.7   -0.402912862997302
      1009               3370.8   -0.403380224691224
      1010               3370.9   -0.403599813215755
      1011                 3371   -0.403554652986916
      1012               3371.1   -0.403360626785748
      1013               3371.2   -0.403223830461349
      1014               3371.3   -0.403305340870213
      1015               3371.4   -0.403605575636214
      1016               3371.5   -0.403997689633957
      1017               3371.6   -0.404388766010686
      1018               3371.7   -0.404842726972349
      1019               3371.8   -0.405548433425429
      1020               3371.9   -0.406683697455916
      1021                 3372   -0.408298204699321
      1022               3372.1   -0.410272460364568
      1023               3372.2   -0.412334829729207
      1024               3372.3   -0.414116498275646
      1025               3372.4   -0.415253667426735
      1026               3372.5   -0.415537952370819
      1027               3372.6   -0.415055738515772
      1028               3372.7   -0.414206861130516
      1029               3372.8   -0.413540728316573
      1030               3372.9   -0.413488466751411
      1031                 3373   -0.414162290503858
      1032               3373.1   -0.415330182914347
      1033               3373.2   -0.416540702953025
      1034               3373.3   -0.417319504329277
      1035               3373.4   -0.417376990545568
      1036               3373.5    -0.41675486596158
      1037               3373.6   -0.415823455479577
      1038               3373.7   -0.415117199780611
      1039               3373.8   -0.415111693238133
      1040               3373.9   -0.416059722502561
      1041                 3374   -0.417922294310621
      1042               3374.1   -0.420388186525063
      1043               3374.2    -0.42299348101505
      1044               3374.3   -0.425320319153495
      1045               3374.4   -0.427162722456761
      1046               3374.5   -0.428541003666371
      1047               3374.6   -0.429580860429842
      1048               3374.7   -0.430393676269536
      1049               3374.8   -0.431051747509305
      1050               3374.9   -0.431617657875674
      1051                 3375   -0.432141825708352
      1052               3375.1   -0.432625827990598
      1053               3375.2    -0.43302510516489
      1054               3375.3   -0.433319507109818
      1055               3375.4   -0.433575761843789
      1056               3375.5   -0.433913746671006
      1057               3375.6   -0.434398566184879
      1058               3375.7   -0.434972246057964
      1059               3375.8   -0.435494209865231
      1060               3375.9   -0.435844693887845
      1061                 3376   -0.436000812500707
      1062               3376.1   -0.436038805392449
      1063               3376.2   -0.436064472041532
      1064               3376.3    -0.43610424662027
      1065               3376.4   -0.436037832126839
      1066               3376.5   -0.435674386866409
      1067               3376.6    -0.43496918347883
      1068               3376.7   -0.434198210817512
      1069               3376.8   -0.433874892840447
      1070               3376.9   -0.434410866133326
      1071                 3377   -0.435788510703801
      1072               3377.1   -0.437533390542154
      1073               3377.2   -0.439018860108084
      1074               3377.3   -0.439858958009802
      1075               3377.4   -0.440100527904046
      1076               3377.5   -0.440122266213456
      1077               3377.6   -0.440382824364486
      1078               3377.7    -0.44121932018822
      1079               3377.8   -0.442768180646887
      1080               3377.9   -0.444952037588307
      1081                 3378   -0.447496382172778
      1082               3378.1   -0.450018235871385
      1083               3378.2   -0.452194632772318
      1084               3378.3   -0.453899127601036
      1085               3378.4   -0.455182701273641
      1086               3378.5    -0.45612807039253
      1087               3378.6   -0.456740969109767
      1088               3378.7   -0.456984563237885
      1089               3378.8   -0.456887512516537
      1090               3378.9    -0.45658328264533
      1091                 3379    -0.45624247615196
      1092               3379.1   -0.455986704869805
      1093               3379.2   -0.455866924421655
      1094               3379.3   -0.455893341520149
      1095               3379.4    -0.45605839117941
      1096               3379.5   -0.456333249291557
      1097               3379.6   -0.456661734485695
      1098               3379.7   -0.456970844606986
      1099               3379.8    -0.45719323557997
      1100               3379.9   -0.457289537740051
      1101                 3380   -0.457261505227762
      1102               3380.1   -0.457146799950348
      1103               3380.2   -0.456991743669449
      1104               3380.3   -0.456818489563635
      1105               3380.4   -0.456618240928893
      1106               3380.5   -0.456382474450163
      1107               3380.6   -0.456139439872421
      1108               3380.7   -0.455948504961472
      1109               3380.8   -0.455844887272124
      1110               3380.9   -0.455772061610237
      1111                 3381    -0.45554376771152
      1112               3381.1   -0.454866512567148
      1113               3381.2   -0.453444521933814
      1114               3381.3   -0.451142935078403
      1115               3381.4    -0.44810925263682
      1116               3381.5   -0.444748990860599
      1117               3381.6   -0.441561096877567
      1118               3381.7   -0.438948455582984
      1119               3381.8   -0.437113475290203
      1120               3381.9   -0.436061307449778
      1121                 3382     -0.4356617393641
      1122               3382.1   -0.435703918515734
      1123               3382.2   -0.435914204913783
      1124               3382.3    -0.43597503295447
      1125               3382.4   -0.435605802625967
      1126               3382.5   -0.434691003891929
      1127               3382.6   -0.433349288122201
      1128               3382.7   -0.431860242298122
      1129               3382.8   -0.430490501103265
      1130               3382.9   -0.429350606044521
      1131                 3383   -0.428382853032386
      1132               3383.1   -0.427466370257555
      1133               3383.2   -0.426535542791545
      1134               3383.3   -0.425625415824939
      1135               3383.4   -0.424849653408807
      1136               3383.5   -0.424356052109071
      1137               3383.6   -0.424259597329267
      1138               3383.7    -0.42454830486853
      1139               3383.8   -0.425037216667704
      1140               3383.9   -0.425451261121346
      1141                 3384   -0.425572115565951
      1142               3384.1   -0.425296647987679
      1143               3384.2   -0.424588082786849
      1144               3384.3   -0.423456370799878
      1145               3384.4   -0.422030101540716
      1146               3384.5   -0.420600561589382
      1147               3384.6   -0.419518534730577
      1148               3384.7   -0.419002198476967
      1149               3384.8    -0.41902017683126
      1150               3384.9   -0.419335937946621
      1151                 3385   -0.419659228291888
      1152               3385.1   -0.419788739346397
      1153               3385.2   -0.419668867320363
      1154               3385.3   -0.419357812319682
      1155               3385.4   -0.418951149350009
      1156               3385.5   -0.418512077386476
      1157               3385.6   -0.418046375810115
      1158               3385.7   -0.417530644326359
      1159               3385.8    -0.41695772687612
      1160               3385.9   -0.416345855378029
      1161                 3386   -0.415706045752776
      1162               3386.1   -0.415021573455108
      1163               3386.2   -0.414275122117133
      1164               3386.3   -0.413488835171275
      1165               3386.4   -0.412730525054509
      1166               3386.5   -0.412093410440715
      1167               3386.6   -0.411670444471555
      1168               3386.7   -0.411502041738829
      1169               3386.8   -0.411496412456859
      1170               3386.9   -0.411420563247006
      1171                 3387   -0.411054889883374
      1172               3387.1   -0.410408581442939
      1173               3387.2   -0.409746939331758
      1174               3387.3   -0.409350656363079
      1175               3387.4   -0.409254245507052
      1176               3387.5   -0.409260805234092
      1177               3387.6   -0.409199830256276
      1178               3387.7   -0.409097786873758
      1179               3387.8   -0.409052909605175
      1180               3387.9   -0.408985773301901
      1181                 3388   -0.408591847898213
      1182               3388.1   -0.407575369732835
      1183               3388.2    -0.40592067831489
      1184               3388.3   -0.403937394314532
      1185               3388.4   -0.402074342851074
      1186               3388.5   -0.400698597508726
      1187               3388.6   -0.399987191285176
      1188               3388.7   -0.399920266060501
      1189               3388.8   -0.400309183161492
      1190               3388.9   -0.400849084621098
      1191                 3389   -0.401220925964234
      1192               3389.1   -0.401227632308071
      1193               3389.2    -0.40089173004229
      1194               3389.3   -0.400439130241918
      1195               3389.4   -0.400164765654652
      1196               3389.5   -0.400270711697643
      1197               3389.6    -0.40079095102889
      1198               3389.7   -0.401628591117012
      1199               3389.8   -0.402623044029092
      1200               3389.9   -0.403566700854478
      1201                 3390   -0.404195755657975
      1202               3390.1   -0.404240051350727
      1203               3390.2   -0.403546673730933
      1204               3390.3   -0.402190601470908
      1205               3390.4   -0.400484030421799
      1206               3390.5   -0.398872883793782
      1207               3390.6   -0.397767632816678
      1208               3390.7   -0.397382048376261
      1209               3390.8   -0.397667379176706
      1210               3390.9   -0.398387886874175
      1211                 3391   -0.399277194187087
      1212               3391.1   -0.400150025443445
      1213               3391.2   -0.400902736516449
      1214               3391.3   -0.401447059102875
      1215               3391.4   -0.401664953103234
      1216               3391.5    -0.40143139776619
      1217               3391.6   -0.400690320650419
      1218               3391.7   -0.399530780989269
      1219               3391.8   -0.398201860167655
      1220               3391.9   -0.397030303684855
      1221                 3392   -0.396267010757851
      1222               3392.1   -0.395954060876609
      1223               3392.2   -0.395913238523828
      1224               3392.3   -0.395883440665514
      1225               3392.4   -0.395724889481445
      1226               3392.5   -0.395548104858007
      1227               3392.6   -0.395667247229067
      1228               3392.7   -0.396399560264209
      1229               3392.8   -0.397848758171984
      1230               3392.9   -0.399822148458675
      1231                 3393   -0.401920730264271
      1232               3393.1   -0.403712112388472
      1233               3393.2   -0.404870759643292
      1234               3393.3    -0.40524418638254
      1235               3393.4    -0.40486500131525
      1236               3393.5   -0.403920475776394
      1237               3393.6   -0.402673605910228
      1238               3393.7   -0.401363706841016
      1239               3393.8   -0.400160593961883
      1240               3393.9   -0.399215571825598
      1241                 3394   -0.398740561094808
      1242               3394.1   -0.398981683000122
      1243               3394.2   -0.400055527506634
      1244               3394.3     -0.4017974797296
      1245               3394.4   -0.403792259656717
      1246               3394.5   -0.405561258123273
      1247               3394.6   -0.406724419411891
      1248               3394.7   -0.407044946425721
      1249               3394.8   -0.406444316632107
      1250               3394.9   -0.405066636478803
      1251                 3395   -0.403310212497012
      1252               3395.1   -0.401701587958227
      1253               3395.2   -0.400645465973014
      1254               3395.3   -0.400233744872342
      1255               3395.4   -0.400254145702169
      1256               3395.5   -0.400369468538575
      1257               3395.6   -0.400325303116902
      1258               3395.7   -0.400060786534705
      1259               3395.8    -0.39968315469024
      1260               3395.9   -0.399348149689503
      1261                 3396   -0.399134791036607
      1262               3396.1   -0.398997038886605
      1263               3396.2   -0.398811608928007
      1264               3396.3   -0.398468021627449
      1265               3396.4    -0.39793284925212
      1266               3396.5    -0.39726626262425
      1267               3396.6   -0.396605683371974
      1268               3396.7   -0.396123333024224
      1269               3396.8   -0.395958386125905
      1270               3396.9   -0.396155262565606
      1271                 3397   -0.396656854922902
      1272               3397.1    -0.39735522936545
      1273               3397.2   -0.398144539353465
      1274               3397.3   -0.398934001329595
      1275               3397.4   -0.399642380600764
      1276               3397.5   -0.400214720717473
      1277               3397.6   -0.400652430461875
      1278               3397.7   -0.401007673999747
      1279               3397.8    -0.40132401413893
      1280               3397.9    -0.40156925826974
      1281                 3398   -0.401627081033359
      1282               3398.1   -0.401369112089236
      1283               3398.2   -0.400758434605344
      1284               3398.3   -0.399899714626772
      1285               3398.4   -0.398990987129502
      1286               3398.5   -0.398221805141308
      1287               3398.6   -0.397711663304719
      1288               3398.7   -0.397527051195584
      1289               3398.8   -0.397708592800875
      1290               3398.9   -0.398219978504905
      1291                 3399   -0.398854998770875
      1292               3399.1   -0.399258719559235
      1293               3399.2   -0.399131185678504
      1294               3399.3   -0.398451351886792
      1295               3399.4   -0.397498452315977
      1296               3399.5   -0.396666940681519
      1297               3399.6   -0.396271294341543
      1298               3399.7   -0.396456682647922
      1299               3399.8   -0.397150515194992
      1300               3399.9   -0.398014364276576
      1301                 3400    -0.39850675026869
      1302               3400.1   -0.398134093492402
      1303               3400.2   -0.396747952864891
      1304               3400.3   -0.394655821370289
      1305               3400.4    -0.39247343064418
      1306               3400.5   -0.390836075258121
      1307               3400.6    -0.39012610944238
      1308               3400.7   -0.390337422159826
      1309               3400.8   -0.391154430082514
      1310               3400.9   -0.392201204618012
      1311                 3401   -0.393254972510419
      1312               3401.1   -0.394241026315682
      1313               3401.2   -0.395075365009519
      1314               3401.3   -0.395591855447962
      1315               3401.4   -0.395650384526081
      1316               3401.5   -0.395273388393458
      1317               3401.6   -0.394637723538401
      1318               3401.7   -0.393946727381652
      1319               3401.8   -0.393330473410838
      1320               3401.9   -0.392840743303438
      1321                 3402   -0.392488672309021
      1322               3402.1   -0.392275786365585
      1323               3402.2   -0.392221364374128
      1324               3402.3   -0.392371055043838
      1325               3402.4   -0.392744227401637
      1326               3402.5   -0.393247629336854
      1327               3402.6    -0.39366518190006
      1328               3402.7   -0.393773369420713
      1329               3402.8   -0.393488244971541
      1330               3402.9   -0.392920287761095
      1331                 3403   -0.392317867812062
      1332               3403.1   -0.391957591817072
      1333               3403.2   -0.392026781302747
      1334               3403.3   -0.392534247506343
      1335               3403.4   -0.393311135501413
      1336               3403.5   -0.394128271667684
      1337               3403.6   -0.394845012212918
      1338               3403.7   -0.395457926428049
      1339               3403.8   -0.396018153246166
      1340               3403.9   -0.396520263764302
      1341                 3404   -0.396883440931029
      1342               3404.1   -0.397042802028608
      1343               3404.2   -0.397050884080668
      1344               3404.3   -0.397061751339537
      1345               3404.4   -0.397173770072521
      1346               3404.5   -0.397266796299853
      1347               3404.6   -0.397016311212765
      1348               3404.7   -0.396116424710409
      1349               3404.8   -0.394536804488421
      1350               3404.9   -0.392600109086547
      1351                 3405   -0.390828641395494
      1352               3405.1   -0.389686035056516
      1353               3405.2   -0.389380470889691
      1354               3405.3   -0.389827052255069
      1355               3405.4   -0.390766558275397
      1356               3405.5   -0.391938132218406
      1357               3405.6   -0.393167833345244
      1358               3405.7   -0.394333013291431
      1359               3405.8   -0.395306757382378
      1360               3405.9   -0.395990897726891
      1361                 3406   -0.396400265620301
      1362               3406.1    -0.39666578472932
      1363               3406.2   -0.396910088163861
      1364               3406.3    -0.39710901203333
      1365               3406.4   -0.397091707665393
      1366               3406.5   -0.396699815063446
      1367               3406.6   -0.395961083475083
      1368               3406.7   -0.395110368115463
      1369               3406.8   -0.394435399855695
      1370               3406.9   -0.394089875837943
      1371                 3407   -0.394042020385623
      1372               3407.1   -0.394187088718026
      1373               3407.2   -0.394479945938991
      1374               3407.3   -0.394926844219887
      1375               3407.4    -0.39545674479029
      1376               3407.5   -0.395863966162627
      1377               3407.6   -0.395939028662028
      1378               3407.7    -0.39565601028874
      1379               3407.8   -0.395187827335196
      1380               3407.9   -0.394717277631244
      1381                 3408   -0.394256496874654
      1382               3408.1   -0.393674764401614
      1383               3408.2   -0.392892810012176
      1384               3408.3   -0.392029722047525
      1385               3408.4   -0.391361388857082
      1386               3408.5   -0.391141348386831
      1387               3408.6   -0.391435914452273
      1388               3408.7    -0.39208359161072
      1389               3408.8   -0.392786317248889
      1390               3408.9   -0.393257914822997
      1391                 3409   -0.393336177654779
      1392               3409.1   -0.393015333779158
      1393               3409.2   -0.392419736982482
      1394               3409.3   -0.391749408336001
      1395               3409.4   -0.391202180038015
      1396               3409.5   -0.390886734427574
      1397               3409.6   -0.390778189708363
      1398               3409.7    -0.39075579614247
      1399               3409.8   -0.390691656036338
      1400               3409.9   -0.390515098928686
      1401                 3410   -0.390215487885395
      1402               3410.1   -0.389815326045146
      1403               3410.2   -0.389355994908144
      1404               3410.3   -0.388888094319028
      1405               3410.4   -0.388441056391606
      1406               3410.5   -0.388001480422926
      1407               3410.6   -0.387556530607768
      1408               3410.7   -0.387180173721486
      1409               3410.8   -0.387055408316369
      1410               3410.9   -0.387371045611799
      1411                 3411   -0.388168063352543
      1412               3411.1   -0.389278187690758
      1413               3411.2   -0.390418314173321
      1414               3411.3   -0.391357664454564
      1415               3411.4   -0.392010955408479
      1416               3411.5   -0.392400647727178
      1417               3411.6   -0.392573291127883
      1418               3411.7   -0.392582631973683
      1419               3411.8   -0.392540580984957
      1420               3411.9   -0.392634050636847
      1421                 3412   -0.393043542161165
      1422               3412.1   -0.393829029174251
      1423               3412.2   -0.394897033050919
      1424               3412.3   -0.396062283022018
      1425               3412.4     -0.3971120400168
      1426               3412.5   -0.397821827119021
      1427               3412.6   -0.397984856654409
      1428               3412.7    -0.39751957112452
      1429               3412.8   -0.396591581128452
      1430               3412.9   -0.395597332854677
      1431                 3413   -0.394945805271029
      1432               3413.1   -0.394782862821611
      1433               3413.2   -0.394908987081797
      1434               3413.3   -0.394986556785399
      1435               3413.4   -0.394848348994747
      1436               3413.5   -0.394620654914386
      1437               3413.6   -0.394574639868965
      1438               3413.7    -0.39487998993991
      1439               3413.8   -0.395482295237921
      1440               3413.9   -0.396167189133299
      1441                 3414   -0.396712705245758
      1442               3414.1   -0.396998931187934
      1443               3414.2   -0.397018348072853
      1444               3414.3   -0.396821217674292
      1445               3414.4   -0.396464961178198
      1446               3414.5   -0.396003773646968
      1447               3414.6   -0.395507331484237
      1448               3414.7   -0.395081068015512
      1449               3414.8   -0.394862631284809
      1450               3414.9   -0.394973694160303
      1451                 3415   -0.395435771848423
      1452               3415.1   -0.396109152171003
      1453               3415.2   -0.396722714356205
      1454               3415.3   -0.396997436922979
      1455               3415.4   -0.396787558927648
      1456               3415.5   -0.396150885126429
      1457               3415.6   -0.395319729370565
      1458               3415.7    -0.39460723303728
      1459               3415.8   -0.394290353181011
      1460               3415.9   -0.394487693263216
      1461                 3416   -0.395069999694992
      1462               3416.1   -0.395688640123801
      1463               3416.2   -0.395969692681586
      1464               3416.3    -0.39576965435732
      1465               3416.4   -0.395280923967413
      1466               3416.5   -0.394872384044487
      1467               3416.6   -0.394787926094223
      1468               3416.7   -0.394964889961942
      1469               3416.8     -0.3951272460707
      1470               3416.9   -0.395056345639358
      1471                 3417    -0.39479094630182
      1472               3417.1   -0.394595247800496
      1473               3417.2   -0.394749092100411
      1474               3417.3   -0.395342960719467
      1475               3417.4   -0.396223781544418
      1476               3417.5   -0.397117405540458
      1477               3417.6   -0.397835302903755
      1478               3417.7   -0.398406992270243
      1479               3417.8   -0.399029641100848
      1480               3417.9   -0.399881148815843
      1481                 3418   -0.400949542643816
      1482               3418.1   -0.401984602266523
      1483               3418.2   -0.402579555072669
      1484               3418.3   -0.402358406660035
      1485               3418.4   -0.401213705135167
      1486               3418.5   -0.399449254229633
      1487               3418.6   -0.397670308452126
      1488               3418.7   -0.396448701530072
      1489               3418.8   -0.396010004672006
      1490               3418.9   -0.396184065130223
      1491                 3419    -0.39662289636277
      1492               3419.1   -0.397070291819535
      1493               3419.2   -0.397471758508773
      1494               3419.3   -0.397899091093885
      1495               3419.4   -0.398418402550049
      1496               3419.5   -0.399019606090428
      1497               3419.6   -0.399624316383263
      1498               3419.7   -0.400131718426082
      1499               3419.8   -0.400464119022092
      1500               3419.9   -0.400590188871551
