     index            Field [G]         Intensity []

         1                 3270    -0.39456272448267
         2               3270.1   -0.395212513492457
         3               3270.2   -0.395937652715926
         4               3270.3   -0.396708284380739
         5               3270.4   -0.397466946756311
         6               3270.5   -0.398158665557192
         7               3270.6    -0.39879797222252
         8               3270.7   -0.399490109807297
         9               3270.8   -0.400327722730762
        10               3270.9   -0.401248047565833
        11                 3271   -0.402037794479973
        12               3271.1   -0.402508339936709
        13               3271.2   -0.402633571321418
        14               3271.3   -0.402493620690182
        15               3271.4   -0.402133436751021
        16               3271.5   -0.401533438164909
        17               3271.6   -0.400702282686876
        18               3271.7   -0.399747118410769
        19               3271.8   -0.398847649339203
        20               3271.9   -0.398190658827781
        21                 3272   -0.397920133504931
        22               3272.1   -0.398087080307047
        23               3272.2    -0.39859549844534
        24               3272.3   -0.399213375927859
        25               3272.4   -0.399692038491556
        26               3272.5   -0.399899285509784
        27               3272.6   -0.399823115231702
        28               3272.7   -0.399456463571629
        29               3272.8   -0.398733577118346
        30               3272.9   -0.397621444041135
        31                 3273    -0.39626044761552
        32               3273.1    -0.39497269615716
        33               3273.2   -0.394096169399446
        34               3273.3   -0.393783501336552
        35               3273.4    -0.39393943677536
        36               3273.5   -0.394337088479421
        37               3273.6   -0.394785158539085
        38               3273.7   -0.395190392467389
        39               3273.8   -0.395501354047638
        40               3273.9   -0.395657234494729
        41                 3274   -0.395630427075479
        42               3274.1   -0.395506133427915
        43               3274.2   -0.395485678380634
        44               3274.3   -0.395792798394006
        45               3274.4   -0.396564492797406
        46               3274.5   -0.397793203482504
        47               3274.6   -0.399309932158812
        48               3274.7   -0.400794121181351
        49               3274.8   -0.401859034414427
        50               3274.9   -0.402238415436798
        51                 3275   -0.401956653735848
        52               3275.1   -0.401301612235209
        53               3275.2    -0.40058894612053
        54               3275.3   -0.399937242437691
        55               3275.4   -0.399270376427678
        56               3275.5   -0.398518204244435
        57               3275.6   -0.397789968372834
        58               3275.7   -0.397354975857951
        59               3275.8   -0.397472181443295
        60               3275.9   -0.398222599414918
        61                 3276    -0.39944437425941
        62               3276.1   -0.400774227199833
        63               3276.2   -0.401768336938508
        64               3276.3    -0.40207766455767
        65               3276.4   -0.401617101452734
        66               3276.5   -0.400622796690518
        67               3276.6   -0.399528826852623
        68               3276.7   -0.398724131227357
        69               3276.8   -0.398359376902442
        70               3276.9   -0.398339630762786
        71                 3277   -0.398479339481208
        72               3277.1   -0.398666830615838
        73               3277.2   -0.398910666904463
        74               3277.3   -0.399270993060346
        75               3277.4   -0.399771986751405
        76               3277.5   -0.400382442478064
        77               3277.6   -0.401078263204093
        78               3277.7   -0.401920174124836
        79               3277.8   -0.403050832990598
        80               3277.9   -0.404580840241122
        81                 3278   -0.406443406410649
        82               3278.1   -0.408339986107395
        83               3278.2   -0.409839819563653
        84               3278.3   -0.410592889175003
        85               3278.4   -0.410524407294994
        86               3278.5   -0.409860580491879
        87               3278.6   -0.408953648566143
        88               3278.7   -0.408055400583207
        89               3278.8   -0.407228699787767
        90               3278.9   -0.406426851852101
        91                 3279   -0.405605365552075
        92               3279.1   -0.404742880815077
        93               3279.2    -0.40378872483622
        94               3279.3   -0.402647726789662
        95               3279.4   -0.401261786309477
        96               3279.5    -0.39971653494791
        97               3279.6   -0.398249054194999
        98               3279.7   -0.397130300777778
        99               3279.8   -0.396522271255799
       100               3279.9   -0.396414856343819
       101                 3280   -0.396659747960315
       102               3280.1   -0.397064490803619
       103               3280.2   -0.397505744897052
       104               3280.3   -0.398002843896377
       105               3280.4   -0.398680286525099
       106               3280.5   -0.399621528138574
       107               3280.6   -0.400742365819985
       108               3280.7   -0.401826823081759
       109               3280.8   -0.402701966261857
       110               3280.9   -0.403357781316618
       111                 3281   -0.403876824703401
       112               3281.1   -0.404280124229222
       113               3281.2   -0.404506188872014
       114               3281.3   -0.404553885366391
       115               3281.4    -0.40458167050826
       116               3281.5   -0.404797814360298
       117               3281.6   -0.405246960872421
       118               3281.7    -0.40573675969833
       119               3281.8   -0.405989329328101
       120               3281.9    -0.40586490788562
       121                 3282    -0.40545753605648
       122               3282.1   -0.405008831219065
       123               3282.2   -0.404741190936632
       124               3282.3   -0.404742099010247
       125               3282.4    -0.40494998333936
       126               3282.5   -0.405202919506998
       127               3282.6   -0.405299784368453
       128               3282.7   -0.405069531120617
       129               3282.8   -0.404452051062802
       130               3282.9   -0.403538505668731
       131                 3283   -0.402505596107665
       132               3283.1   -0.401480072085097
       133               3283.2   -0.400472282557175
       134               3283.3   -0.399456579034657
       135               3283.4   -0.398501084952078
       136               3283.5   -0.397786637007258
       137               3283.6   -0.397488972634294
       138               3283.7    -0.39765013561637
       139               3283.8   -0.398154297298873
       140               3283.9   -0.398801939498088
       141                 3284   -0.399406917095139
       142               3284.1   -0.399863869240354
       143               3284.2   -0.400170635622951
       144               3284.3   -0.400400996926076
       145               3284.4   -0.400640030076977
       146               3284.5   -0.400926335885925
       147               3284.6   -0.401244174430729
       148               3284.7   -0.401558500886749
       149               3284.8   -0.401848736610115
       150               3284.9   -0.402118257566496
       151                 3285   -0.402390018857456
       152               3285.1   -0.402689621566123
       153               3285.2   -0.403001657241184
       154               3285.3   -0.403221848812325
       155               3285.4   -0.403171544135966
       156               3285.5   -0.402698520274158
       157               3285.6   -0.401785998730003
       158               3285.7   -0.400569641946066
       159               3285.8   -0.399261670430249
       160               3285.9   -0.398069601761406
       161                 3286   -0.397165009284407
       162               3286.1   -0.396675547847804
       163               3286.2   -0.396663637120273
       164               3286.3   -0.397107306974202
       165               3286.4    -0.39791644030066
       166               3286.5   -0.398977037995276
       167               3286.6   -0.400178285493062
       168               3286.7   -0.401390288707419
       169               3286.8   -0.402418906706131
       170               3286.9   -0.403017893119701
       171                 3287   -0.403010220179433
       172               3287.1   -0.402445084861934
       173               3287.2   -0.401624909002036
       174               3287.3   -0.400925846959994
       175               3287.4   -0.400544970126578
       176               3287.5   -0.400400080060797
       177               3287.6   -0.400264626139947
       178               3287.7   -0.399994213020015
       179               3287.8   -0.399637523140145
       180               3287.9   -0.399375818973783
       181                 3288   -0.399404628697949
       182               3288.1   -0.399859601220264
       183               3288.2   -0.400762509464938
       184               3288.3   -0.401952775073803
       185               3288.4   -0.403091830056847
       186               3288.5   -0.403835198484069
       187               3288.6   -0.404068677269407
       188               3288.7   -0.403973951961683
       189               3288.8   -0.403856534031838
       190               3288.9   -0.403931397613875
       191                 3289   -0.404266079436515
       192               3289.1   -0.404851154385291
       193               3289.2   -0.405641531806063
       194               3289.3    -0.40652287131501
       195               3289.4   -0.407292120110362
       196               3289.5   -0.407716149070592
       197               3289.6   -0.407629937164642
       198               3289.7   -0.407002096736306
       199               3289.8   -0.405934208809224
       200               3289.9   -0.404607026047357
       201                 3290   -0.403218949043286
       202               3290.1   -0.401964921879827
       203               3290.2   -0.401052981261033
       204               3290.3   -0.400692357171402
       205               3290.4   -0.401003444615045
       206               3290.5   -0.401903971611322
       207               3290.6   -0.403096616721495
       208               3290.7   -0.404212980211916
       209               3290.8   -0.405011197206111
       210               3290.9   -0.405457235873546
       211                 3291   -0.405637945180227
       212               3291.1   -0.405630798032795
       213               3291.2   -0.405479082012673
       214               3291.3   -0.405269482384888
       215               3291.4   -0.405183002753263
       216               3291.5   -0.405438552299974
       217               3291.6   -0.406178397765374
       218               3291.7   -0.407387155755849
       219               3291.8   -0.408882929051958
       220               3291.9   -0.410374942628844
       221                 3292    -0.41156888296407
       222               3292.1    -0.41226886439491
       223               3292.2   -0.412404540994591
       224               3292.3   -0.411980204358722
       225               3292.4   -0.411042485773575
       226               3292.5   -0.409740632429676
       227               3292.6    -0.40840350070104
       228               3292.7   -0.407476592727781
       229               3292.8   -0.407291685794826
       230               3292.9   -0.407852375708989
       231                 3293   -0.408841982119341
       232               3293.1   -0.409834014403096
       233               3293.2    -0.41048281686615
       234               3293.3   -0.410558885627363
       235               3293.4   -0.409932119644057
       236               3293.5   -0.408637694045106
       237               3293.6   -0.406952797272086
       238               3293.7   -0.405312544530842
       239               3293.8   -0.404071731890574
       240               3293.9   -0.403323884376031
       241                 3294   -0.402944322791997
       242               3294.1   -0.402793958852135
       243               3294.2   -0.402868360405067
       244               3294.3   -0.403251655442417
       245               3294.4   -0.403952250302943
       246               3294.5   -0.404823114813235
       247               3294.6   -0.405655750966178
       248               3294.7   -0.406320634224015
       249               3294.8   -0.406782742159881
       250               3294.9   -0.406995861244784
       251                 3295   -0.406837154472328
       252               3295.1   -0.406196384829047
       253               3295.2   -0.405156852614078
       254               3295.3   -0.404089053127603
       255               3295.4   -0.403526316470636
       256               3295.5   -0.403869709797543
       257               3295.6   -0.405134166719839
       258               3295.7   -0.406937376833685
       259               3295.8   -0.408735344038722
       260               3295.9   -0.410111457778905
       261                 3296   -0.410915060341818
       262               3296.1   -0.411200045417093
       263               3296.2   -0.411068359059144
       264               3296.3   -0.410561473678829
       265               3296.4   -0.409667727846892
       266               3296.5   -0.408398897943814
       267               3296.6   -0.406833504418978
       268               3296.7   -0.405082871339387
       269               3296.8   -0.403243427061922
       270               3296.9    -0.40141712695936
       271                 3297    -0.39977820158935
       272               3297.1   -0.398574424956313
       273               3297.2   -0.398007622232448
       274               3297.3     -0.3980892033549
       275               3297.4    -0.39862857959556
       276               3297.5   -0.399390156277765
       277               3297.6    -0.40026961926693
       278               3297.7   -0.401312227026741
       279               3297.8   -0.402575637066071
       280               3297.9   -0.404012753644681
       281                 3298   -0.405497794076629
       282               3298.1   -0.406921247954437
       283               3298.2    -0.40820478576145
       284               3298.3   -0.409218395953789
       285               3298.4   -0.409729929908087
       286               3298.5   -0.409497798721707
       287               3298.6   -0.408462890784646
       288               3298.7   -0.406876263631748
       289               3298.8   -0.405232331557167
       290               3298.9   -0.404029092773769
       291                 3299   -0.403512013217581
       292               3299.1   -0.403570360149992
       293               3299.2   -0.403845755558585
       294               3299.3   -0.403968096209273
       295               3299.4   -0.403756280779867
       296               3299.5   -0.403262687188321
       297               3299.6   -0.402664998890075
       298               3299.7   -0.402124141298682
       299               3299.8   -0.401745690398593
       300               3299.9   -0.401667190829063
       301                 3300   -0.402124341177112
       302               3300.1   -0.403325015411574
       303               3300.2   -0.405179448526146
       304               3300.3   -0.407169485057319
       305               3300.4   -0.408562109451415
       306               3300.5   -0.408828914020313
       307               3300.6   -0.407930448441032
       308               3300.7   -0.406284149488991
       309               3300.8   -0.404519963939076
       310               3300.9   -0.403215403689619
       311                 3301   -0.402696174223257
       312               3301.1   -0.402914836324532
       313               3301.2   -0.403459935253289
       314               3301.3   -0.403762082503628
       315               3301.4   -0.403434733679624
       316               3301.5   -0.402519655255124
       317               3301.6   -0.401427827213337
       318               3301.7   -0.400626429798357
       319               3301.8   -0.400356347101553
       320               3301.9   -0.400588731242569
       321                 3302   -0.401148376583016
       322               3302.1   -0.401815699033865
       323               3302.2   -0.402365388907547
       324               3302.3   -0.402625724246621
       325               3302.4   -0.402567213495507
       326               3302.5   -0.402322043721595
       327               3302.6   -0.402082149924856
       328               3302.7   -0.401950760364375
       329               3302.8   -0.401871416159796
       330               3302.9   -0.401693776488078
       331                 3303   -0.401313401224649
       332               3303.1   -0.400740722252111
       333               3303.2   -0.400022502065656
       334               3303.3   -0.399123604541444
       335               3303.4   -0.397947819251116
       336               3303.5   -0.396506627951022
       337               3303.6   -0.395045260744765
       338               3303.7   -0.393972498639084
       339               3303.8   -0.393650375106636
       340               3303.9   -0.394213085300527
       341                 3304   -0.395514123637545
       342               3304.1   -0.397188668752327
       343               3304.2   -0.398782136073038
       344               3304.3   -0.399907049491089
       345               3304.4   -0.400378536141372
       346               3304.5   -0.400254438348246
       347               3304.6   -0.399743285946962
       348               3304.7   -0.399046724798049
       349               3304.8   -0.398259383931758
       350               3304.9   -0.397381665991681
       351                 3305   -0.396397689496121
       352               3305.1   -0.395352202762866
       353               3305.2    -0.39439744302726
       354               3305.3   -0.393779191898627
       355               3305.4   -0.393720287479093
       356               3305.5   -0.394233108101005
       357               3305.6   -0.395005126626816
       358               3305.7   -0.395498170285463
       359               3305.8   -0.395242496436965
       360               3305.9   -0.394133433045345
       361                 3306   -0.392513655043522
       362               3306.1   -0.390979060895859
       363               3306.2   -0.390057918949493
       364               3306.3   -0.389992392840144
       365               3306.4   -0.390725010913743
       366               3306.5   -0.392011248221409
       367               3306.6   -0.393541570865101
       368               3306.7   -0.395043204001372
       369               3306.8   -0.396370123727783
       370               3306.9   -0.397538231318481
       371                 3307   -0.398649369424533
       372               3307.1   -0.399737077467304
       373               3307.2   -0.400660999537405
       374               3307.3   -0.401159202064189
       375               3307.4   -0.401037305949374
       376               3307.5    -0.40033929082876
       377               3307.6   -0.399339003322986
       378               3307.7   -0.398346384866391
       379               3307.8   -0.397500631127124
       380               3307.9    -0.39673331753441
       381                 3308   -0.395910142346563
       382               3308.1    -0.39499064969322
       383               3308.2   -0.394054914940011
       384               3308.3   -0.393203850311599
       385               3308.4      -0.392468865394
       386               3308.5   -0.391835702321909
       387               3308.6   -0.391340140693084
       388               3308.7   -0.391104400888876
       389               3308.8   -0.391253553626351
       390               3308.9   -0.391784932403905
       391                 3309   -0.392510715309016
       392               3309.1   -0.393134287367097
       393               3309.2   -0.393422487608793
       394               3309.3   -0.393353052544164
       395               3309.4   -0.393111895393251
       396               3309.5   -0.392932504746005
       397               3309.6   -0.392919182895996
       398               3309.7   -0.393008577298971
       399               3309.8   -0.393076963342319
       400               3309.9   -0.393059603787243
       401                 3310   -0.392961915029913
       402               3310.1   -0.392779536705222
       403               3310.2    -0.39244623995549
       404               3310.3   -0.391882475990462
       405               3310.4    -0.39108520678026
       406               3310.5   -0.390146316691466
       407               3310.6   -0.389170805492092
       408               3310.7   -0.388176384035997
       409               3310.8   -0.387076153075244
       410               3310.9   -0.385772871213273
       411                 3311   -0.384290414571351
       412               3311.1   -0.382817275940654
       413               3311.2    -0.38160987456319
       414               3311.3   -0.380850569735055
       415               3311.4   -0.380595514859054
       416               3311.5   -0.380811593200564
       417               3311.6   -0.381379872941509
       418               3311.7   -0.382023721930869
       419               3311.8   -0.382290369646192
       420               3311.9   -0.381713830666926
       421                 3312   -0.380087192337716
       422               3312.1   -0.377619202735457
       423               3312.2   -0.374828314823492
       424               3312.3   -0.372247517812221
       425               3312.4   -0.370159947039056
       426               3312.5   -0.368546311606594
       427               3312.6   -0.367247160915271
       428               3312.7   -0.366171110827871
       429               3312.8   -0.365361578354678
       430               3312.9   -0.364886233350812
       431                 3313   -0.364682270210352
       432               3313.1   -0.364514414739398
       433               3313.2   -0.364084865364647
       434               3313.3   -0.363206197848434
       435               3313.4   -0.361906760803899
       436               3313.5   -0.360389199155555
       437               3313.6   -0.358871220968476
       438               3313.7   -0.357439712806047
       439               3313.8   -0.356046137040744
       440               3313.9   -0.354630920788631
       441                 3314   -0.353226424358808
       442               3314.1   -0.351925982774806
       443               3314.2   -0.350774482562673
       444               3314.3   -0.349708243090258
       445               3314.4   -0.348571064280174
       446               3314.5   -0.347140744037641
       447               3314.6   -0.345161416681466
       448               3314.7   -0.342461570505295
       449               3314.8   -0.339147873008346
       450               3314.9   -0.335683251787881
       451                 3315   -0.332675529771663
       452               3315.1   -0.330486375315802
       453               3315.2   -0.329001119829649
       454               3315.3   -0.327770190477335
       455               3315.4   -0.326362869573797
       456               3315.5   -0.324579862539369
       457               3315.6   -0.322364886852932
       458               3315.7   -0.319606360673386
       459               3315.8   -0.316128600410409
       460               3315.9   -0.311921892413733
       461                 3316   -0.307350221830383
       462               3316.1    -0.30306648596267
       463               3316.2   -0.299655462884547
       464               3316.3   -0.297279149117674
       465               3316.4   -0.295579814745313
       466               3316.5   -0.293888255565904
       467               3316.6   -0.291587511206846
       468               3316.7   -0.288397068539837
       469               3316.8   -0.284406374490477
       470               3316.9   -0.279884612963488
       471                 3317   -0.275072106545185
       472               3317.1   -0.270131813917617
       473               3317.2   -0.265242468096674
       474               3317.3   -0.260676451947817
       475               3317.4   -0.256752253605768
       476               3317.5   -0.253694877494596
       477               3317.6   -0.251532766917481
       478               3317.7   -0.250133621166021
       479               3317.8   -0.249349996064339
       480               3317.9   -0.249126487324043
       481                 3318   -0.249459250978121
       482               3318.1   -0.250272621259998
       483               3318.2   -0.251371932407888
       484               3318.3   -0.252525546084746
       485               3318.4   -0.253576489824462
       486               3318.5   -0.254481833444768
       487               3318.6   -0.255292479713472
       488               3318.7   -0.256146804770542
       489               3318.8   -0.257293053323719
       490               3318.9   -0.259062721158394
       491                 3319   -0.261720182831819
       492               3319.1   -0.265253774660772
       493               3319.2     -0.2693050194777
       494               3319.3   -0.273352206941691
       495               3319.4   -0.277016475618488
       496               3319.5   -0.280235531716252
       497               3319.6    -0.28319559571013
       498               3319.7   -0.286133400577571
       499               3319.8    -0.28918416140143
       500               3319.9    -0.29235735840717
       501                 3320   -0.295606518853794
       502               3320.1   -0.298908729094371
       503               3320.2   -0.302288458689763
       504               3320.3   -0.305774009949606
       505               3320.4   -0.309326078206101
       506               3320.5   -0.312803959842882
       507               3320.6   -0.316016837935027
       508               3320.7   -0.318838195005445
       509               3320.8   -0.321294126915198
       510               3320.9   -0.323554789814524
       511                 3321   -0.325851008134443
       512               3321.1   -0.328389734837972
       513               3321.2   -0.331300221293968
       514               3321.3   -0.334595110190204
       515               3321.4   -0.338152420350906
       516               3321.5   -0.341754468825693
       517               3321.6    -0.34517953458217
       518               3321.7   -0.348285607580657
       519               3321.8   -0.351048420614134
       520               3321.9   -0.353576455308501
       521                 3322   -0.356109806348035
       522               3322.1   -0.358946365042814
       523               3322.2   -0.362269983512475
       524               3322.3   -0.365981672183197
       525               3322.4   -0.369680864297221
       526               3322.5   -0.372827495095424
       527               3322.6   -0.374973909809194
       528               3322.7   -0.375934011040468
       529               3322.8   -0.375832134021729
       530               3322.9   -0.375045978135911
       531                 3323   -0.374086179134427
       532               3323.1   -0.373452662079259
       533               3323.2   -0.373497908926736
       534               3323.3   -0.374330286893365
       535               3323.4   -0.375796243396373
       536               3323.5   -0.377554330245038
       537               3323.6   -0.379207193089187
       538               3323.7   -0.380439834340621
       539               3323.8   -0.381122599368873
       540               3323.9    -0.38133611374395
       541                 3324   -0.381288140683222
       542               3324.1   -0.381169213065501
       543               3324.2   -0.381069450825018
       544               3324.3   -0.381026737291129
       545               3324.4   -0.381124139781185
       546               3324.5   -0.381492122521863
       547               3324.6   -0.382193588038389
       548               3324.7   -0.383129819682331
       549               3324.8   -0.384097529561796
       550               3324.9    -0.38495601919597
       551                 3325   -0.385740311917278
       552               3325.1   -0.386623707523415
       553               3325.2   -0.387785790807555
       554               3325.3   -0.389292609790254
       555               3325.4   -0.391036169027449
       556               3325.5   -0.392740959287663
       557               3325.6   -0.394056428552796
       558               3325.7   -0.394720309367172
       559               3325.8   -0.394687159105002
       560               3325.9   -0.394108239006854
       561                 3326   -0.393192615949932
       562               3326.1   -0.392111921347719
       563               3326.2   -0.391033957494622
       564               3326.3   -0.390167689433742
       565               3326.4   -0.389674165424424
       566               3326.5   -0.389518546709793
       567               3326.6   -0.389488955513309
       568               3326.7   -0.389424606197182
       569               3326.8    -0.38940378068679
       570               3326.9   -0.389661018920506
       571                 3327   -0.390323639039934
       572               3327.1   -0.391256724098862
       573               3327.2   -0.392160772045673
       574               3327.3   -0.392809667180353
       575               3327.4   -0.393228189803174
       576               3327.5   -0.393685276525187
       577               3327.6   -0.394499295231018
       578               3327.7   -0.395770472867472
       579               3327.8   -0.397229861644906
       580               3327.9   -0.398335631639084
       581                 3328   -0.398565807510036
       582               3328.1   -0.397703615758025
       583               3328.2   -0.395920625861481
       584               3328.3   -0.393621844062709
       585               3328.4   -0.391194117367951
       586               3328.5   -0.388847689911718
       587               3328.6   -0.386628705250281
       588               3328.7    -0.38453572387606
       589               3328.8   -0.382631919866185
       590               3328.9   -0.381090537521586
       591                 3329   -0.380155265044526
       592               3329.1   -0.380028128188863
       593               3329.2   -0.380737909224007
       594               3329.3   -0.382059774191143
       595               3329.4   -0.383534198108397
       596               3329.5   -0.384608364715299
       597               3329.6   -0.384882591627235
       598               3329.7   -0.384338507991918
       599               3329.8   -0.383352182804061
       600               3329.9   -0.382433843518998
       601                 3330   -0.381906033666696
       602               3330.1   -0.381797324240539
       603               3330.2   -0.381985845353673
       604               3330.3     -0.3823921096556
       605               3330.4   -0.383052682705326
       606               3330.5   -0.384065942998889
       607               3330.6   -0.385472349601456
       608               3330.7   -0.387143282454145
       609               3330.8   -0.388777474599596
       610               3330.9   -0.390055594457539
       611                 3331   -0.390844842866576
       612               3331.1    -0.39125598034874
       613               3331.2   -0.391489812002002
       614               3331.3   -0.391636134433128
       615               3331.4   -0.391632615217502
       616               3331.5   -0.391403887267198
       617               3331.6   -0.391018968989763
       618               3331.7   -0.390722584457253
       619               3331.8   -0.390831520441227
       620               3331.9   -0.391570147104854
       621                 3332   -0.392934956098176
       622               3332.1   -0.394680501416582
       623               3332.2   -0.396467864922322
       624               3332.3   -0.398080097758004
       625               3332.4   -0.399514662727222
       626               3332.5   -0.400865056926029
       627               3332.6   -0.402133423235549
       628               3332.7   -0.403206399808145
       629               3332.8   -0.404040896620093
       630               3332.9   -0.404847160971572
       631                 3333   -0.406035805364686
       632               3333.1   -0.407943241971245
       633               3333.2   -0.410582933719207
       634               3333.3   -0.413642578549481
       635               3333.4   -0.416712571850759
       636               3333.5   -0.419538399833473
       637               3333.6    -0.42210725551924
       638               3333.7   -0.424548563062677
       639               3333.8   -0.426968662413905
       640               3333.9   -0.429351571317723
       641                 3334   -0.431578942784216
       642               3334.1   -0.433530441565607
       643               3334.2   -0.435171295714922
       644               3334.3   -0.436553058047076
       645               3334.4   -0.437743265636068
       646               3334.5   -0.438776344650707
       647               3334.6   -0.439687982275984
       648               3334.7   -0.440580551809375
       649               3334.8   -0.441607044521466
       650               3334.9   -0.442847993073076
       651                 3335   -0.444197839655182
       652               3335.1   -0.445393371278089
       653               3335.2   -0.446180332273083
       654               3335.3   -0.446487299023863
       655               3335.4   -0.446477361333667
       656               3335.5   -0.446437582733508
       657               3335.6   -0.446574929080091
       658               3335.7   -0.446870697649266
       659               3335.8   -0.447114146837264
       660               3335.9   -0.447067308365247
       661                 3336   -0.446589837652404
       662               3336.1   -0.445643883491894
       663               3336.2   -0.444270258803164
       664               3336.3   -0.442624608410302
       665               3336.4   -0.441003988045445
       666               3336.5   -0.439736074913118
       667               3336.6   -0.438952373818349
       668               3336.7   -0.438434218934261
       669               3336.8   -0.437686078470803
       670               3336.9   -0.436190243892793
       671                 3337   -0.433657695171019
       672               3337.1   -0.430129861744762
       673               3337.2   -0.425905897654346
       674               3337.3   -0.421352209077296
       675               3337.4   -0.416699455593525
       676               3337.5   -0.411956718553848
       677               3337.6   -0.407007568753205
       678               3337.7   -0.401798283473869
       679               3337.8   -0.396431943958219
       680               3337.9    -0.39106573628776
       681                 3338   -0.385697951186597
       682               3338.1   -0.380041655990388
       683               3338.2   -0.373622117689028
       684               3338.3   -0.366063779930898
       685               3338.4   -0.357373276169279
       686               3338.5   -0.347988965548375
       687               3338.6   -0.338512205258234
       688               3338.7   -0.329293709041932
       689               3338.8   -0.320208673679729
       690               3338.9   -0.310828690298735
       691                 3339   -0.300853523541147
       692               3339.1   -0.290418107409557
       693               3339.2   -0.280002398892083
       694               3339.3    -0.27005425638947
       695               3339.4   -0.260698234766372
       696               3339.5   -0.251769335567716
       697               3339.6   -0.243051850822008
       698               3339.7     -0.2344395152624
       699               3339.8   -0.225905471559545
       700               3339.9   -0.217402291009529
       701                 3340   -0.208831443986694
       702               3340.1   -0.200091509407989
       703               3340.2   -0.191140041678276
       704               3340.3   -0.182025068569501
       705               3340.4   -0.172874494063523
       706               3340.5   -0.163852194050162
       707               3340.6   -0.155113195822636
       708               3340.7   -0.146780270029546
       709               3340.8   -0.138917415221992
       710               3340.9   -0.131482599709517
       711                 3341   -0.124320014115419
       712               3341.1    -0.11726098402106
       713               3341.2   -0.110280869265895
       714               3341.3   -0.103570816780982
       715               3341.4  -0.0974626075098861
       716               3341.5  -0.0922806085273923
       717               3341.6  -0.0882288970457296
       718               3341.7  -0.0853674989046173
       719               3341.8  -0.0836653421515892
       720               3341.9  -0.0830622287934884
       721                 3342  -0.0834755542399424
       722               3342.1  -0.0847836829576606
       723               3342.2  -0.0868823159720308
       724               3342.3  -0.0898074146220723
       725               3342.4  -0.0937755320853529
       726               3342.5   -0.099043566705574
       727               3342.6   -0.105690123768525
       728               3342.7   -0.113508618414051
       729               3342.8   -0.122095156153872
       730               3342.9    -0.13106781427595
       731                 3343   -0.140286315622535
       732               3343.1   -0.149940892503782
       733               3343.2   -0.160439547515742
       734               3343.3   -0.172152276915305
       735               3343.4   -0.185185718768072
       736               3343.5   -0.199338504680662
       737               3343.6   -0.214238095406646
       738               3343.7   -0.229537150479996
       739               3343.8   -0.245051109148923
       740               3343.9   -0.260790434601202
       741                 3344   -0.276887319178495
       742               3344.1   -0.293440000230845
       743               3344.2    -0.31034466038111
       744               3344.3   -0.327229707011453
       745               3344.4   -0.343569558465525
       746               3344.5   -0.358923869095801
       747               3344.6    -0.37313325474396
       748               3344.7    -0.38632905041349
       749               3344.8   -0.398773141875242
       750               3344.9   -0.410680063075544
       751                 3345   -0.422151387404759
       752               3345.1   -0.433210874395623
       753               3345.2    -0.44383384243403
       754               3345.3   -0.453911695267293
       755               3345.4   -0.463209848136196
       756               3345.5   -0.471422160672367
       757               3345.6    -0.47833586054147
       758               3345.7   -0.483978897402742
       759               3345.8   -0.488591632156661
       760               3345.9   -0.492426069109302
       761                 3346   -0.495578379804469
       762               3346.1   -0.498043937023264
       763               3346.2   -0.499918212727546
       764               3346.3   -0.501467182606743
       765               3346.4   -0.502942537455374
       766               3346.5   -0.504351111004393
       767               3346.6   -0.505462572973909
       768               3346.7   -0.506053464861805
       769               3346.8   -0.506127179562695
       770               3346.9   -0.505928817311737
       771                 3347    -0.50581110180257
       772               3347.1   -0.506079498779785
       773               3347.2   -0.506864485278488
       774               3347.3   -0.508049165645102
       775               3347.4   -0.509323620469879
       776               3347.5   -0.510376544453571
       777               3347.6   -0.511087106750844
       778               3347.7   -0.511559046735591
       779               3347.8   -0.512003034530493
       780               3347.9   -0.512610430671299
       781                 3348     -0.5135082516047
       782               3348.1   -0.514759582086601
       783               3348.2   -0.516359373306677
       784               3348.3   -0.518239479009521
       785               3348.4   -0.520299796048716
       786               3348.5   -0.522436391019533
       787               3348.6   -0.524549191979447
       788               3348.7   -0.526564173100997
       789               3348.8   -0.528491356130825
       790               3348.9   -0.530462909278324
       791                 3349   -0.532674032426212
       792               3349.1   -0.535242471228736
       793               3349.2   -0.538115600189259
       794               3349.3   -0.541134363653137
       795               3349.4   -0.544193616881751
       796               3349.5   -0.547310017655178
       797               3349.6   -0.550507447705875
       798               3349.7    -0.55365627580076
       799               3349.8   -0.556467209769272
       800               3349.9    -0.55866094581667
       801                 3350   -0.560146645543532
       802               3350.1   -0.561060275688393
       803               3350.2   -0.561668986520717
       804               3350.3   -0.562239491812227
       805               3350.4   -0.562935499747489
       806               3350.5   -0.563751361662481
       807               3350.6   -0.564493102042929
       808               3350.7   -0.564848055084834
       809               3350.8   -0.564550457684651
       810               3350.9   -0.563552288275443
       811                 3351    -0.56206247052133
       812               3351.1   -0.560407346721677
       813               3351.2   -0.558814579076792
       814               3351.3   -0.557281553569334
       815               3351.4   -0.555615919773847
       816               3351.5   -0.553612030651831
       817               3351.6   -0.551238388884315
       818               3351.7   -0.548702238692145
       819               3351.8   -0.546344630940528
       820               3351.9   -0.544445851204147
       821                 3352   -0.543072783790879
       822               3352.1   -0.542047670166947
       823               3352.2   -0.541044123073768
       824               3352.3   -0.539764344259027
       825               3352.4   -0.538099482613312
       826               3352.5   -0.536159840032142
       827               3352.6   -0.534147335894016
       828               3352.7   -0.532175688364152
       829               3352.8   -0.530190770549967
       830               3352.9   -0.528053433020361
       831                 3353   -0.525697362821579
       832               3353.1   -0.523202201008689
       833               3353.2   -0.520710135584296
       834               3353.3   -0.518282172872595
       835               3353.4   -0.515851230213856
       836               3353.5   -0.513316986469115
       837               3353.6   -0.510678893332596
       838               3353.7   -0.508073364728423
       839               3353.8   -0.505678492974783
       840               3353.9   -0.503572781272584
       841                 3354   -0.501671850518128
       842               3354.1   -0.499786144616425
       843               3354.2   -0.497732571117625
       844               3354.3   -0.495408316328828
       845               3354.4   -0.492793723140244
       846               3354.5   -0.489912432551225
       847               3354.6    -0.48680636973504
       848               3354.7    -0.48357092831403
       849               3354.8   -0.480417091788231
       850               3354.9   -0.477646398223894
       851                 3355   -0.475487375489795
       852               3355.1   -0.473925745460974
       853               3355.2   -0.472717699503104
       854               3355.3   -0.471588935442599
       855               3355.4   -0.470421146711104
       856               3355.5   -0.469265083212115
       857               3355.6   -0.468217768899565
       858               3355.7   -0.467308604526737
       859               3355.8   -0.466479509044628
       860               3355.9   -0.465640218211639
       861                 3356   -0.464734301533231
       862               3356.1   -0.463762555952347
       863               3356.2   -0.462747107532587
       864               3356.3   -0.461669341291368
       865               3356.4   -0.460452140271619
       866               3356.5   -0.459029357900234
       867               3356.6   -0.457446155307686
       868               3356.7   -0.455868367136599
       869               3356.8   -0.454463013437813
       870               3356.9   -0.453275544683881
       871                 3357    -0.45225192823346
       872               3357.1    -0.45137347444477
       873               3357.2   -0.450720122995019
       874               3357.3   -0.450369413638379
       875               3357.4   -0.450256212697537
       876               3357.5   -0.450173005792761
       877               3357.6   -0.449919702642687
       878               3357.7    -0.44944048608275
       879               3357.8   -0.448812749151855
       880               3357.9   -0.448125418044675
       881                 3358   -0.447394761247308
       882               3358.1   -0.446601276977613
       883               3358.2   -0.445781337439156
       884               3358.3   -0.445050114099948
       885               3358.4   -0.444524616749857
       886               3358.5   -0.444234014154485
       887               3358.6   -0.444110341739247
       888               3358.7   -0.444057607005499
       889               3358.8   -0.444018818678197
       890               3358.9   -0.443972034787698
       891                 3359   -0.443865604692813
       892               3359.1   -0.443576709198575
       893               3359.2   -0.442968830378815
       894               3359.3   -0.442014069876335
       895               3359.4   -0.440843272487511
       896               3359.5    -0.43964185992436
       897               3359.6   -0.438494932756103
       898               3359.7   -0.437366824581669
       899               3359.8   -0.436239504266882
       900               3359.9   -0.435224111797667
       901                 3360   -0.434490481980917
       902               3360.1   -0.434096690758342
       903               3360.2   -0.433917110847471
       904               3360.3   -0.433722336152768
       905               3360.4   -0.433297404736958
       906               3360.5   -0.432515409721679
       907               3360.6   -0.431385807665992
       908               3360.7   -0.430074954946137
       909               3360.8   -0.428834579308013
       910               3360.9   -0.427844360292425
       911                 3361   -0.427097030122371
       912               3361.1   -0.426431159059153
       913               3361.2   -0.425673158250354
       914               3361.3   -0.424772004458809
       915               3361.4   -0.423847617369291
       916               3361.5   -0.423134204246814
       917               3361.6   -0.422846129875467
       918               3361.7   -0.423045247208047
       919               3361.8   -0.423603629078369
       920               3361.9   -0.424286783112563
       921                 3362   -0.424888110171568
       922               3362.1   -0.425319549669504
       923               3362.2    -0.42560927761203
       924               3362.3   -0.425817992770255
       925               3362.4   -0.425932321173929
       926               3362.5   -0.425815003161541
       927               3362.6   -0.425260557753566
       928               3362.7    -0.42412815808126
       929               3362.8   -0.422461752095636
       930               3362.9   -0.420513291343221
       931                 3363     -0.4186505367103
       932               3363.1    -0.41720528855818
       933               3363.2   -0.416347266147073
       934               3363.3   -0.416039823469536
       935               3363.4   -0.416084975356987
       936               3363.5   -0.416231046161978
       937               3363.6   -0.416289652714845
       938               3363.7   -0.416196279977975
       939               3363.8   -0.415987959649243
       940               3363.9   -0.415742678523852
       941                 3364   -0.415540495621186
       942               3364.1   -0.415446636868761
       943               3364.2   -0.415476691461382
       944               3364.3   -0.415546009331021
       945               3364.4    -0.41546580840255
       946               3364.5   -0.415037222716666
       947               3364.6   -0.414208742103161
       948               3364.7    -0.41317687388181
       949               3364.8   -0.412314070667881
       950               3364.9   -0.411935299071678
       951                 3365    -0.41207254196733
       952               3365.1   -0.412449039446948
       953               3365.2   -0.412681956715686
       954               3365.3   -0.412543374013859
       955               3365.4   -0.412066523761318
       956               3365.5   -0.411431818854948
       957               3365.6   -0.410765947452847
       958               3365.7     -0.4100559374199
       959               3365.8   -0.409249182048987
       960               3365.9   -0.408404334277474
       961                 3366   -0.407704273608581
       962               3366.1   -0.407315224936231
       963               3366.2   -0.407264732167506
       964               3366.3   -0.407472352752046
       965               3366.4   -0.407864911366436
       966               3366.5   -0.408419708092053
       967               3366.6    -0.40909850787844
       968               3366.7   -0.409782946629889
       969               3366.8   -0.410320140096504
       970               3366.9    -0.41065008404955
       971                 3367    -0.41086944124454
       972               3367.1   -0.411135370606026
       973               3367.2   -0.411497215020468
       974               3367.3   -0.411841767970913
       975               3367.4   -0.412009115771118
       976               3367.5   -0.411942346138329
       977               3367.6   -0.411725812290327
       978               3367.7   -0.411524048773388
       979               3367.8   -0.411519122882986
       980               3367.9    -0.41186942859747
       981                 3368   -0.412645182203997
       982               3368.1   -0.413761267782301
       983               3368.2   -0.415002142727729
       984               3368.3   -0.416156715591957
       985               3368.4   -0.417140174968598
       986               3368.5   -0.417986366769006
       987               3368.6    -0.41875190396757
       988               3368.7   -0.419464237294373
       989               3368.8   -0.420154126207479
       990               3368.9   -0.420882824040205
       991                 3369    -0.42168771361696
       992               3369.1   -0.422492224869623
       993               3369.2   -0.423080844023417
       994               3369.3   -0.423172101882362
       995               3369.4   -0.422544579924385
       996               3369.5   -0.421160800714798
       997               3369.6   -0.419237583456619
       998               3369.7   -0.417200845727108
       999               3369.8   -0.415513962646173
      1000               3369.9   -0.414482772207355
      1001                 3370   -0.414169086267888
      1002               3370.1   -0.414430881009313
      1003               3370.2   -0.415010615835877
      1004               3370.3   -0.415628347151088
      1005               3370.4   -0.416086696048403
      1006               3370.5   -0.416345976717584
      1007               3370.6   -0.416487899467781
      1008               3370.7   -0.416583214114395
      1009               3370.8   -0.416604772109173
      1010               3370.9   -0.416489450322724
      1011                 3371   -0.416274993981225
      1012               3371.1   -0.416139117476551
      1013               3371.2   -0.416272675899986
      1014               3371.3   -0.416711310599353
      1015               3371.4   -0.417309500438835
      1016               3371.5    -0.41788725500573
      1017               3371.6    -0.41838536771451
      1018               3371.7   -0.418866978556688
      1019               3371.8   -0.419392633252818
      1020               3371.9   -0.419924266013883
      1021                 3372   -0.420341163021328
      1022               3372.1   -0.420518829744362
      1023               3372.2   -0.420399162432262
      1024               3372.3   -0.420029640870556
      1025               3372.4    -0.41955885067507
      1026               3372.5   -0.419168800212367
      1027               3372.6   -0.418978090788911
      1028               3372.7   -0.419005595689856
      1029               3372.8   -0.419222540848396
      1030               3372.9   -0.419597703896802
      1031                 3373   -0.420051549394745
      1032               3373.1   -0.420395479382831
      1033               3373.2   -0.420399482500948
      1034               3373.3   -0.419971304624089
      1035               3373.4   -0.419256963181982
      1036               3373.5   -0.418540469124816
      1037               3373.6   -0.418046621314954
      1038               3373.7   -0.417845046413268
      1039               3373.8   -0.417917843885079
      1040               3373.9   -0.418270548712533
      1041                 3374   -0.418944556543447
      1042               3374.1   -0.419927524407017
      1043               3374.2   -0.421076654050559
      1044               3374.3   -0.422139124450554
      1045               3374.4   -0.422845873653917
      1046               3374.5   -0.423014200593518
      1047               3374.6   -0.422630043478518
      1048               3374.7   -0.421894816187129
      1049               3374.8   -0.421191926070624
      1050               3374.9   -0.420931358080157
      1051                 3375   -0.421315566620213
      1052               3375.1   -0.422179886779494
      1053               3375.2   -0.423065739201739
      1054               3375.3   -0.423514068124661
      1055               3375.4   -0.423355197867878
      1056               3375.5   -0.422764289823131
      1057               3375.6   -0.422075473165819
      1058               3375.7   -0.421544961357909
      1059               3375.8   -0.421235249279035
      1060               3375.9   -0.421055252714849
      1061                 3376    -0.42089333580255
      1062               3376.1   -0.420739356739252
      1063               3376.2   -0.420698419136283
      1064               3376.3   -0.420887139338659
      1065               3376.4   -0.421317040698416
      1066               3376.5   -0.421874655706235
      1067               3376.6   -0.422400012626246
      1068               3376.7   -0.422785697567742
      1069               3376.8   -0.423038635188378
      1070               3376.9   -0.423293585209215
      1071                 3377    -0.42377231858834
      1072               3377.1     -0.4246780819558
      1073               3377.2   -0.426058194308867
      1074               3377.3   -0.427726528955272
      1075               3377.4   -0.429318094807675
      1076               3377.5   -0.430444120708689
      1077               3377.6   -0.430846813609726
      1078               3377.7   -0.430489054335592
      1079               3377.8   -0.429575924221197
      1080               3377.9   -0.428510038481126
      1081                 3378   -0.427774233687843
      1082               3378.1   -0.427772445062242
      1083               3378.2   -0.428699488465534
      1084               3378.3   -0.430489121086488
      1085               3378.4   -0.432836300338189
      1086               3378.5   -0.435273719920422
      1087               3378.6    -0.43729897311988
      1088               3378.7   -0.438534242674558
      1089               3378.8   -0.438853158402969
      1090               3378.9   -0.438402704286772
      1091                 3379   -0.437512254169513
      1092               3379.1    -0.43655315010245
      1093               3379.2   -0.435825720098338
      1094               3379.3   -0.435512754694575
      1095               3379.4   -0.435688568681126
      1096               3379.5   -0.436340118734155
      1097               3379.6   -0.437365520230552
      1098               3379.7   -0.438566538122886
      1099               3379.8   -0.439690654922928
      1100               3379.9   -0.440542085246553
      1101                 3380   -0.441090513672161
      1102               3380.1   -0.441466601944514
      1103               3380.2   -0.441818244279376
      1104               3380.3   -0.442149251823345
      1105               3380.4   -0.442311631254426
      1106               3380.5    -0.44218797872423
      1107               3380.6   -0.441900413360327
      1108               3380.7   -0.441832225318761
      1109               3380.8   -0.442411697727311
      1110               3380.9   -0.443822715329932
      1111                 3381    -0.44587109747514
      1112               3381.1   -0.448103917858369
      1113               3381.2   -0.450079014571077
      1114               3381.3   -0.451582031991111
      1115               3381.4   -0.452655025595705
      1116               3381.5   -0.453459030472137
      1117               3381.6   -0.454109375273255
      1118               3381.7   -0.454613061512518
      1119               3381.8   -0.454924947930944
      1120               3381.9   -0.455036844639977
      1121                 3382   -0.455015461912308
      1122               3382.1   -0.454976798260349
      1123               3382.2   -0.455024138156199
      1124               3382.3   -0.455172684827242
      1125               3382.4   -0.455297688337548
      1126               3382.5   -0.455163566169453
      1127               3382.6   -0.454549522106428
      1128               3382.7   -0.453398473343453
      1129               3382.8   -0.451878683497927
      1130               3382.9   -0.450306279668236
      1131                 3383   -0.448980861479692
      1132               3383.1   -0.448052662010943
      1133               3383.2   -0.447510954678186
      1134               3383.3   -0.447274960751327
      1135               3383.4   -0.447281970568636
      1136               3383.5   -0.447493655214777
      1137               3383.6    -0.44784393418713
      1138               3383.7   -0.448210637163196
      1139               3383.8   -0.448456593768824
      1140               3383.9   -0.448508935714796
      1141                 3384   -0.448401092345736
      1142               3384.1   -0.448222367357013
      1143               3384.2   -0.448000817254124
      1144               3384.3   -0.447628420040567
      1145               3384.4   -0.446922888018071
      1146               3384.5   -0.445787883486216
      1147               3384.6   -0.444318186398571
      1148               3384.7   -0.442738203567209
      1149               3384.8   -0.441219453461365
      1150               3384.9   -0.439734717482787
      1151                 3385   -0.438083169716765
      1152               3385.1   -0.436086929967424
      1153               3385.2   -0.433803992679078
      1154               3385.3   -0.431559615205166
      1155               3385.4   -0.429752422244355
      1156               3385.5      -0.428614889289
      1157               3385.6    -0.42814330793918
      1158               3385.7    -0.42821166473841
      1159               3385.8    -0.42869966145848
      1160               3385.9   -0.429507136401143
      1161                 3386   -0.430497993767902
      1162               3386.1   -0.431492077903897
      1163               3386.2   -0.432341603350895
      1164               3386.3   -0.433007065662681
      1165               3386.4   -0.433523978659104
      1166               3386.5   -0.433863923508555
      1167               3386.6   -0.433833673638638
      1168               3386.7   -0.433153012094184
      1169               3386.8    -0.43167621313949
      1170               3386.9   -0.429564433264627
      1171                 3387   -0.427258615060105
      1172               3387.1   -0.425280922538413
      1173               3387.2    -0.42400561876313
      1174               3387.3   -0.423520898753348
      1175               3387.4   -0.423635218434432
      1176               3387.5   -0.424012874898284
      1177               3387.6   -0.424348510468522
      1178               3387.7   -0.424468943248969
      1179               3387.8   -0.424338456100194
      1180               3387.9   -0.424038919439685
      1181                 3388   -0.423767861528614
      1182               3388.1   -0.423808982156628
      1183               3388.2   -0.424427205934546
      1184               3388.3   -0.425712249456439
      1185               3388.4   -0.427444049199654
      1186               3388.5   -0.429077252063471
      1187               3388.6   -0.429936589880483
      1188               3388.7   -0.429588023989334
      1189               3388.8   -0.428138801033779
      1190               3388.9   -0.426187031283953
      1191                 3389   -0.424423295452985
      1192               3389.1   -0.423211295546857
      1193               3389.2   -0.422476254218562
      1194               3389.3   -0.421920364925603
      1195               3389.4   -0.421310761351806
      1196               3389.5   -0.420595959609402
      1197               3389.6   -0.419824214588078
      1198               3389.7   -0.419018769296311
      1199               3389.8    -0.41816096056014
      1200               3389.9   -0.417285454204549
      1201                 3390    -0.41656051961459
      1202               3390.1   -0.416234621830785
      1203               3390.2   -0.416465388188146
      1204               3390.3    -0.41717468611865
      1205               3390.4   -0.418067670640754
      1206               3390.5   -0.418816634385059
      1207               3390.6   -0.419266835451738
      1208               3390.7   -0.419496223126303
      1209               3390.8    -0.41967748735497
      1210               3390.9   -0.419862632861831
      1211                 3391   -0.419894515262575
      1212               3391.1   -0.419545448295054
      1213               3391.2    -0.41875353800476
      1214               3391.3   -0.417703522824072
      1215               3391.4   -0.416649489517804
      1216               3391.5   -0.415665650373084
      1217               3391.6   -0.414605888038063
      1218               3391.7    -0.41332697605088
      1219               3391.8   -0.411940876380026
      1220               3391.9   -0.410835241597815
      1221                 3392   -0.410441683449775
      1222               3392.1   -0.410952082070401
      1223               3392.2   -0.412181984848198
      1224               3392.3   -0.413637697422603
      1225               3392.4   -0.414734325938141
      1226               3392.5   -0.415068569529663
      1227               3392.6   -0.414617501066972
      1228               3392.7    -0.41373873870405
      1229               3392.8   -0.412953598264111
      1230               3392.9   -0.412651168052362
      1231                 3393   -0.412913172122308
      1232               3393.1   -0.413561256131024
      1233               3393.2   -0.414352439527839
      1234               3393.3   -0.415142296414518
      1235               3393.4   -0.415891453700811
      1236               3393.5    -0.41656118288716
      1237               3393.6   -0.417053483357071
      1238               3393.7   -0.417271618713353
      1239               3393.8   -0.417205845802716
      1240               3393.9   -0.416914600459653
      1241                 3394   -0.416423307586497
      1242               3394.1   -0.415687692544926
      1243               3394.2   -0.414689016910348
      1244               3394.3   -0.413552597215804
      1245               3394.4   -0.412538120288553
      1246               3394.5   -0.411886361978901
      1247               3394.6   -0.411655174923417
      1248               3394.7   -0.411682984140969
      1249               3394.8   -0.411697716415602
      1250               3394.9    -0.41147602044026
      1251                 3395    -0.41094383473867
      1252               3395.1   -0.410175706518818
      1253               3395.2   -0.409322816356589
      1254               3395.3    -0.40852814038822
      1255               3395.4   -0.407870761829454
      1256               3395.5   -0.407351816525349
      1257               3395.6    -0.40691935668553
      1258               3395.7   -0.406524363648038
      1259               3395.8   -0.406184761318827
      1260               3395.9    -0.40601031678944
      1261                 3396   -0.406144776555456
      1262               3396.1   -0.406644850040514
      1263               3396.2   -0.407400562479623
      1264               3396.3   -0.408197379006984
      1265               3396.4   -0.408881086184971
      1266               3396.5    -0.40945285272267
      1267               3396.6   -0.409984673808653
      1268               3396.7   -0.410460120388147
      1269               3396.8   -0.410738610051791
      1270               3396.9   -0.410680037597595
      1271                 3397   -0.410267210720259
      1272               3397.1   -0.409591157433997
      1273               3397.2   -0.408752162411085
      1274               3397.3   -0.407805018313318
      1275               3397.4   -0.406778189318516
      1276               3397.5   -0.405708693336841
      1277               3397.6   -0.404656975415648
      1278               3397.7   -0.403706729287204
      1279               3397.8   -0.402949259359728
      1280               3397.9    -0.40244966711822
      1281                 3398   -0.402214704205806
      1282               3398.1   -0.402185333671868
      1283               3398.2    -0.40225489764613
      1284               3398.3   -0.402307347561856
      1285               3398.4    -0.40227666237011
      1286               3398.5    -0.40220567487918
      1287               3398.6   -0.402246204273382
      1288               3398.7   -0.402567839282213
      1289               3398.8   -0.403231961985757
      1290               3398.9   -0.404132954294666
      1291                 3399   -0.405048457655366
      1292               3399.1   -0.405753045206602
      1293               3399.2   -0.406121592677817
      1294               3399.3   -0.406165799920117
      1295               3399.4    -0.40598136677638
      1296               3399.5   -0.405649329836698
      1297               3399.6   -0.405191937077972
      1298               3399.7    -0.40463584206754
      1299               3399.8   -0.404110015941457
      1300               3399.9   -0.403860629502227
      1301                 3400   -0.404155694448588
      1302               3400.1   -0.405152277915533
      1303               3400.2   -0.406806119140629
      1304               3400.3   -0.408861254288203
      1305               3400.4   -0.410928553168524
      1306               3400.5   -0.412627997359158
      1307               3400.6   -0.413716883189597
      1308               3400.7   -0.414121179497374
      1309               3400.8    -0.41387493134823
      1310               3400.9   -0.413064260096842
      1311                 3401   -0.411842065846445
      1312               3401.1    -0.41045970392891
      1313               3401.2   -0.409223850538888
      1314               3401.3   -0.408389110269622
      1315               3401.4   -0.408084268556908
      1316               3401.5     -0.4083114548325
      1317               3401.6   -0.408960608794586
      1318               3401.7   -0.409812785660867
      1319               3401.8   -0.410595634776321
      1320               3401.9   -0.411111249637459
      1321                 3402   -0.411322311210346
      1322               3402.1   -0.411293194937674
      1323               3402.2   -0.411062730884479
      1324               3402.3   -0.410616082519322
      1325               3402.4   -0.409987360623535
      1326               3402.5   -0.409351560193254
      1327               3402.6   -0.408973200771242
      1328               3402.7   -0.409032087491501
      1329               3402.8    -0.40946299199343
      1330               3402.9   -0.409937528057252
      1331                 3403   -0.410017535743146
      1332               3403.1   -0.409390693814928
      1333               3403.2   -0.408036399673483
      1334               3403.3   -0.406218295249555
      1335               3403.4   -0.404326915290121
      1336               3403.5   -0.402689605585749
      1337               3403.6   -0.401457513181522
      1338               3403.7    -0.40061546251893
      1339               3403.8   -0.400100661863631
      1340               3403.9   -0.399954776421934
      1341                 3404   -0.400378778578721
      1342               3404.1   -0.401597895510033
      1343               3404.2   -0.403609416807094
      1344               3404.3   -0.406034488802898
      1345               3404.4    -0.40824148581386
      1346               3404.5   -0.409673665386599
      1347               3404.6   -0.410127822160457
      1348               3404.7   -0.409780155109986
      1349               3404.8   -0.408980455269911
      1350               3404.9   -0.408006162840535
      1351                 3405   -0.406944291565828
      1352               3405.1   -0.405732781645768
      1353               3405.2   -0.404294872084953
      1354               3405.3   -0.402670702954549
      1355               3405.4   -0.401050159899629
      1356               3405.5   -0.399669958473864
      1357               3405.6   -0.398666600021153
      1358               3405.7   -0.398031254660813
      1359               3405.8    -0.39768485150994
      1360               3405.9   -0.397546909704462
      1361                 3406   -0.397523987999827
      1362               3406.1   -0.397494584401276
      1363               3406.2   -0.397366719438915
      1364               3406.3   -0.397147254640313
      1365               3406.4   -0.396919179350578
      1366               3406.5   -0.396738281087908
      1367               3406.6   -0.396564714173405
      1368               3406.7   -0.396306827046984
      1369               3406.8   -0.395928501614334
      1370               3406.9   -0.395500405440712
      1371                 3407   -0.395140323540155
      1372               3407.1   -0.394919916559415
      1373               3407.2   -0.394853669248899
      1374               3407.3   -0.394971497761657
      1375               3407.4   -0.395353628503366
      1376               3407.5   -0.396043642650421
      1377               3407.6    -0.39691456353467
      1378               3407.7   -0.397647215938829
      1379               3407.8   -0.397887601171191
      1380               3407.9   -0.397480380482646
      1381                 3408   -0.396597074326406
      1382               3408.1   -0.395658950717886
      1383               3408.2   -0.395119115556521
      1384               3408.3   -0.395264933537619
      1385               3408.4   -0.396145900563473
      1386               3408.5   -0.397605108221501
      1387               3408.6    -0.39934509682889
      1388               3408.7   -0.401004815371527
      1389               3408.8   -0.402247425889391
      1390               3408.9   -0.402830995141782
      1391                 3409    -0.40264390380945
      1392               3409.1   -0.401727934164103
      1393               3409.2   -0.400283496710869
      1394               3409.3   -0.398598980457329
      1395               3409.4   -0.396918201291154
      1396               3409.5   -0.395382644389271
      1397               3409.6   -0.394119128327524
      1398               3409.7   -0.393329092248373
      1399               3409.8   -0.393206767842073
      1400               3409.9    -0.39375405680541
      1401                 3410   -0.394725877783823
      1402               3410.1   -0.395786515596389
      1403               3410.2   -0.396707918066786
      1404               3410.3    -0.39742580301305
      1405               3410.4   -0.397963483049363
      1406               3410.5   -0.398359954913158
      1407               3410.6    -0.39867332677386
      1408               3410.7   -0.399005846364476
      1409               3410.8   -0.399472401396317
      1410               3410.9   -0.400111665377824
      1411                 3411   -0.400815357110089
      1412               3411.1   -0.401355107785374
      1413               3411.2   -0.401514936291299
      1414               3411.3   -0.401237672422225
      1415               3411.4   -0.400658745029883
      1416               3411.5   -0.399994948551369
      1417               3411.6    -0.39939897257899
      1418               3411.7     -0.3989156156448
      1419               3411.8   -0.398550409427352
      1420               3411.9    -0.39834547221983
      1421                 3412   -0.398382357528718
      1422               3412.1   -0.398730403799015
      1423               3412.2   -0.399393603943324
      1424               3412.3   -0.400275209357137
      1425               3412.4   -0.401169750980965
      1426               3412.5   -0.401812449763765
      1427               3412.6   -0.401985230367769
      1428               3412.7   -0.401607163209928
      1429               3412.8   -0.400742065931678
      1430               3412.9   -0.399553097862744
      1431                 3413   -0.398278364257946
      1432               3413.1   -0.397220616498789
      1433               3413.2   -0.396673966117922
      1434               3413.3   -0.396778037736919
      1435               3413.4   -0.397406554023005
      1436               3413.5   -0.398201955494293
      1437               3413.6   -0.398755590437569
      1438               3413.7   -0.398823620480724
      1439               3413.8   -0.398444184052248
      1440               3413.9   -0.397884598554467
      1441                 3414   -0.397458162550085
      1442               3414.1   -0.397338388060191
      1443               3414.2   -0.397495927224056
      1444               3414.3   -0.397784173159339
      1445               3414.4   -0.398080649880313
      1446               3414.5   -0.398358304102664
      1447               3414.6   -0.398646003021453
      1448               3414.7   -0.398950050894986
      1449               3414.8   -0.399229749175516
      1450               3414.9   -0.399445273250133
      1451                 3415   -0.399621881448173
      1452               3415.1   -0.399866073525161
      1453               3415.2   -0.400312681740343
      1454               3415.3   -0.401035324674397
      1455               3415.4   -0.401981019288825
      1456               3415.5   -0.402975752714121
      1457               3415.6   -0.403805363327204
      1458               3415.7    -0.40432973694865
      1459               3415.8   -0.404554179298469
      1460               3415.9   -0.404593411088205
      1461                 3416   -0.404548772317728
      1462               3416.1   -0.404411988587487
      1463               3416.2   -0.404088248582288
      1464               3416.3    -0.40350153872221
      1465               3416.4   -0.402662076237071
      1466               3416.5   -0.401637330936233
      1467               3416.6   -0.400487624818513
      1468               3416.7   -0.399261389913782
      1469               3416.8   -0.398062380648478
      1470               3416.9   -0.397097279268943
      1471                 3417   -0.396609636183688
      1472               3417.1    -0.39672348058501
      1473               3417.2   -0.397327742434911
      1474               3417.3    -0.39810129015003
      1475               3417.4   -0.398653255228077
      1476               3417.5   -0.398679931374593
      1477               3417.6   -0.398058606200532
      1478               3417.7   -0.396846990319298
      1479               3417.8   -0.395207732384732
      1480               3417.9    -0.39332995336622
      1481                 3418   -0.391417378352347
      1482               3418.1    -0.38972470361109
      1483               3418.2   -0.388547451384735
      1484               3418.3   -0.388115076935765
      1485               3418.4   -0.388455283497585
      1486               3418.5   -0.389348532760596
      1487               3418.6   -0.390427289460101
      1488               3418.7   -0.391364616807762
      1489               3418.8   -0.392024191963821
      1490               3418.9   -0.392461736618116
      1491                 3419   -0.392789392269359
      1492               3419.1   -0.393049960161841
      1493               3419.2   -0.393237040019939
      1494               3419.3   -0.393416277805754
      1495               3419.4   -0.393760716167354
      1496               3419.5   -0.394412424758309
      1497               3419.6   -0.395321003825228
      1498               3419.7   -0.396257530281256
      1499               3419.8   -0.396978524969824
      1500               3419.9   -0.397356651580534
