     index            Field [G]         Intensity []

         1                 3270   -0.403354602586807
         2               3270.1    -0.40372758180781
         3               3270.2   -0.404063099573145
         4               3270.3   -0.404231189604841
         5               3270.4   -0.404088082496251
         6               3270.5   -0.403518845024796
         7               3270.6   -0.402480506492435
         8               3270.7   -0.401032465833635
         9               3270.8   -0.399342688249141
        10               3270.9      -0.397646000612
        11                 3271    -0.39614712873997
        12               3271.1   -0.394920395493397
        13               3271.2   -0.393894434348741
        14               3271.3   -0.392960090463985
        15               3271.4   -0.392124752911552
        16               3271.5   -0.391566281754662
        17               3271.6   -0.391514083142414
        18               3271.7   -0.392055540640134
        19               3271.8   -0.393051452676555
        20               3271.9   -0.394239134059691
        21                 3272   -0.395415661356241
        22               3272.1    -0.39652359399367
        23               3272.2   -0.397571380395043
        24               3272.3     -0.3984898211661
        25               3272.4   -0.399087356703944
        26               3272.5   -0.399164550336139
        27               3272.6   -0.398682080970013
        28               3272.7   -0.397815841040996
        29               3272.8   -0.396848765017745
        30               3272.9   -0.396016636366561
        31                 3273   -0.395448508843384
        32               3273.1   -0.395203784447681
        33               3273.2   -0.395299572897751
        34               3273.3   -0.395681106033239
        35               3273.4   -0.396208244418224
        36               3273.5   -0.396726926677439
        37               3273.6   -0.397171711377271
        38               3273.7    -0.39758427276562
        39               3273.8   -0.398023247966844
        40               3273.9   -0.398464355110155
        41                 3274    -0.39879389818119
        42               3274.1   -0.398893143130343
        43               3274.2   -0.398726699076192
        44               3274.3   -0.398364062913573
        45               3274.4   -0.397934196867218
        46               3274.5   -0.397553661568248
        47               3274.6   -0.397267293963238
        48               3274.7   -0.397038677763815
        49               3274.8   -0.396814082875917
        50               3274.9   -0.396614412833269
        51                 3275   -0.396547626389336
        52               3275.1   -0.396699171157758
        53               3275.2   -0.397003383536539
        54               3275.3   -0.397233174038848
        55               3275.4   -0.397124735110668
        56               3275.5   -0.396541427181257
        57               3275.6   -0.395579767485453
        58               3275.7   -0.394564554947797
        59               3275.8   -0.393914044558183
        60               3275.9   -0.393917014527424
        61                 3276   -0.394550234124194
        62               3276.1   -0.395480714120226
        63               3276.2   -0.396277059645639
        64               3276.3    -0.39668148576754
        65               3276.4   -0.396741070303012
        66               3276.5   -0.396727346179963
        67               3276.6   -0.396944299895381
        68               3276.7   -0.397563979097951
        69               3276.8   -0.398554415752052
        70               3276.9   -0.399705712044832
        71                 3277   -0.400739212507127
        72               3277.1   -0.401444190929251
        73               3277.2   -0.401756693969915
        74               3277.3   -0.401747289315511
        75               3277.4   -0.401567174007948
        76               3277.5    -0.40140325322823
        77               3277.6   -0.401431423521769
        78               3277.7   -0.401748217973879
        79               3277.8   -0.402315001016801
        80               3277.9   -0.402968823736104
        81                 3278    -0.40350451943998
        82               3278.1   -0.403773239516047
        83               3278.2   -0.403727990021935
        84               3278.3   -0.403391046496151
        85               3278.4   -0.402793712959643
        86               3278.5   -0.401964609311729
        87               3278.6   -0.400973052960698
        88               3278.7   -0.399957294884103
        89               3278.8   -0.399092106417468
        90               3278.9   -0.398532357255809
        91                 3279   -0.398384336287292
        92               3279.1    -0.39869766502354
        93               3279.2   -0.399441356230481
        94               3279.3    -0.40046961270162
        95               3279.4   -0.401525338326908
        96               3279.5   -0.402307286386959
        97               3279.6   -0.402569902660654
        98               3279.7   -0.402204460786962
        99               3279.8   -0.401280269017324
       100               3279.9   -0.400051474365083
       101                 3280   -0.398920648416725
       102               3280.1   -0.398333676543781
       103               3280.2   -0.398616515400092
       104               3280.3   -0.399828574279417
       105               3280.4   -0.401720496081883
       106               3280.5   -0.403824822035529
       107               3280.6   -0.405635679135837
       108               3280.7   -0.406798523762305
       109               3280.8   -0.407229396703025
       110               3280.9   -0.407105984907676
       111                 3281    -0.40673150959596
       112               3281.1   -0.406350962772144
       113               3281.2   -0.406032351418648
       114               3281.3   -0.405672535721392
       115               3281.4   -0.405098743718174
       116               3281.5   -0.404196303906137
       117               3281.6   -0.403007211764968
       118               3281.7   -0.401757777263849
       119               3281.8   -0.400782797106732
       120               3281.9   -0.400368588895598
       121                 3282   -0.400616679010055
       122               3282.1   -0.401427310852719
       123               3282.2   -0.402590479998121
       124               3282.3   -0.403878242423247
       125               3282.4   -0.405068222328401
       126               3282.5   -0.405936798823431
       127               3282.6   -0.406297231068104
       128               3282.7   -0.406082241656278
       129               3282.8    -0.40538842960762
       130               3282.9   -0.404424733330851
       131                 3283      -0.403414267356
       132               3283.1   -0.402551695422318
       133               3283.2   -0.402038770381456
       134               3283.3   -0.402097885609244
       135               3283.4   -0.402864783933837
       136               3283.5   -0.404222271667231
       137               3283.6   -0.405767789756714
       138               3283.7   -0.407005209148675
       139               3283.8   -0.407604379811169
       140               3283.9   -0.407497680613149
       141                 3284   -0.406788837691644
       142               3284.1   -0.405654727522678
       143               3284.2   -0.404347478890381
       144               3284.3   -0.403184442183628
       145               3284.4   -0.402400173013638
       146               3284.5   -0.401966517946918
       147               3284.6   -0.401608347712649
       148               3284.7   -0.401035918885843
       149               3284.8   -0.400153412451939
       150               3284.9   -0.399053079708153
       151                 3285   -0.397881050661244
       152               3285.1    -0.39677732896273
       153               3285.2   -0.395928176855284
       154               3285.3   -0.395586452001737
       155               3285.4   -0.395951032249006
       156               3285.5   -0.396985513037746
       157               3285.6   -0.398371708232632
       158               3285.7    -0.39969830138479
       159               3285.8   -0.400751979972714
       160               3285.9   -0.401643168247423
       161                 3286   -0.402638185833691
       162               3286.1   -0.403865882200465
       163               3286.2   -0.405188627663736
       164               3286.3   -0.406328298949972
       165               3286.4   -0.407059762627329
       166               3286.5   -0.407259460646149
       167               3286.6   -0.406826587087887
       168               3286.7   -0.405663672793642
       169               3286.8   -0.403797165499758
       170               3286.9    -0.40149375063355
       171                 3287   -0.399195182394649
       172               3287.1   -0.397299874001556
       173               3287.2    -0.39598976344965
       174               3287.3   -0.395227255363804
       175               3287.4   -0.394861194744108
       176               3287.5   -0.394727329760091
       177               3287.6   -0.394710282900677
       178               3287.7   -0.394777181535645
       179               3287.8   -0.394963430365944
       180               3287.9   -0.395306360009958
       181                 3288   -0.395791485784358
       182               3288.1   -0.396369071339221
       183               3288.2   -0.396997331343322
       184               3288.3   -0.397627710133942
       185               3288.4   -0.398145406701793
       186               3288.5   -0.398375562830203
       187               3288.6   -0.398204225027092
       188               3288.7    -0.39770406632046
       189               3288.8   -0.397112368817656
       190               3288.9   -0.396661231508769
       191                 3289   -0.396424527911363
       192               3289.1   -0.396317207109357
       193               3289.2   -0.396213590924152
       194               3289.3   -0.396057525847435
       195               3289.4   -0.395883286327906
       196               3289.5   -0.395744083105345
       197               3289.6   -0.395603536538634
       198               3289.7   -0.395301923552764
       199               3289.8   -0.394686190962867
       200               3289.9   -0.393821425624189
       201                 3290   -0.393051480772722
       202               3290.1   -0.392788910189695
       203               3290.2   -0.393208160905708
       204               3290.3   -0.394140186499912
       205               3290.4   -0.395266873526265
       206               3290.5   -0.396418051964462
       207               3290.6    -0.39768711731541
       208               3290.7   -0.399263059305842
       209               3290.8   -0.401140513927572
       210               3290.9   -0.402979800047985
       211                 3291   -0.404254074068372
       212               3291.1   -0.404571296271999
       213               3291.2   -0.403926587557019
       214               3291.3   -0.402720474422529
       215               3291.4    -0.40155307769841
       216               3291.5   -0.400923562128121
       217               3291.6   -0.400997128319326
       218               3291.7   -0.401568164637095
       219               3291.8   -0.402237411869288
       220               3291.9   -0.402670776176222
       221                 3292    -0.40274826309806
       222               3292.1   -0.402522683352299
       223               3292.2   -0.402086202615618
       224               3292.3   -0.401502052975064
       225               3292.4   -0.400845582472927
       226               3292.5   -0.400255218602631
       227               3292.6   -0.399886800915384
       228               3292.7   -0.399792047874146
       229               3292.8    -0.39984901290377
       230               3292.9   -0.399839397725851
       231                 3293   -0.399629718768834
       232               3293.1    -0.39930463518701
       233               3293.2   -0.399124320705892
       234               3293.3   -0.399323313724814
       235               3293.4    -0.39991439255233
       236               3293.5   -0.400666283932417
       237               3293.6   -0.401267077990238
       238               3293.7    -0.40151564134683
       239               3293.8    -0.40137707085035
       240               3293.9   -0.400893570107259
       241                 3294   -0.400079474949148
       242               3294.1   -0.398910829707849
       243               3294.2   -0.397401936819168
       244               3294.3    -0.39568771135288
       245               3294.4   -0.394045058480744
       246               3294.5   -0.392826814707624
       247               3294.6    -0.39231757059289
       248               3294.7   -0.392578200291735
       249               3294.8   -0.393394620807338
       250               3294.9   -0.394392364379333
       251                 3295   -0.395230077134923
       252               3295.1   -0.395708678001074
       253               3295.2    -0.39574147247057
       254               3295.3   -0.395295349514402
       255               3295.4   -0.394421758500149
       256               3295.5   -0.393347221657672
       257               3295.6   -0.392484296372337
       258               3295.7   -0.392276391151559
       259               3295.8   -0.392937710579066
       260               3295.9   -0.394267940760428
       261                 3296    -0.39571791353086
       262               3296.1   -0.396717098241478
       263               3296.2   -0.397039209916279
       264               3296.3   -0.396908495481342
       265               3296.4   -0.396762996447711
       266               3296.5   -0.396901322876447
       267               3296.6   -0.397318070594876
       268               3296.7   -0.397810996289334
       269               3296.8   -0.398189284927098
       270               3296.9   -0.398387993163703
       271                 3297   -0.398456006119183
       272               3297.1   -0.398502605156961
       273               3297.2   -0.398655820296316
       274               3297.3   -0.399010838662159
       275               3297.4   -0.399553984269194
       276               3297.5    -0.40011525020917
       277               3297.6   -0.400419443959002
       278               3297.7   -0.400228923032146
       279               3297.8   -0.399474837608212
       280               3297.9   -0.398269400205748
       281                 3298   -0.396802283114726
       282               3298.1   -0.395240304395778
       283               3298.2   -0.393733466585949
       284               3298.3   -0.392488899256544
       285               3298.4    -0.39177588950689
       286               3298.5   -0.391798410936006
       287               3298.6    -0.39253615148766
       288               3298.7   -0.393717302796446
       289               3298.8   -0.394970344187001
       290               3298.9   -0.396030705176834
       291                 3299   -0.396832346188663
       292               3299.1   -0.397437511840726
       293               3299.2   -0.397911618539509
       294               3299.3   -0.398273039805766
       295               3299.4   -0.398538495174084
       296               3299.5   -0.398781458787725
       297               3299.6    -0.39911984270834
       298               3299.7   -0.399624328907827
       299               3299.8   -0.400219209032623
       300               3299.9   -0.400678684642453
       301                 3300   -0.400763383012396
       302               3300.1   -0.400413204861073
       303               3300.2   -0.399830526141159
       304               3300.3   -0.399359162728219
       305               3300.4   -0.399238436581562
       306               3300.5   -0.399422834055294
       307               3300.6   -0.399608163116513
       308               3300.7   -0.399445991594921
       309               3300.8   -0.398790841102935
       310               3300.9     -0.3978105681167
       311                 3301   -0.396896813197731
       312               3301.1   -0.396444770941477
       313               3301.2   -0.396638138347148
       314               3301.3   -0.397354839445867
       315               3301.4   -0.398234527573942
       316               3301.5   -0.398867007748637
       317               3301.6   -0.399006456304719
       318               3301.7   -0.398698369393718
       319               3301.8    -0.39823368017687
       320               3301.9   -0.397941688197031
       321                 3302   -0.397966760012159
       322               3302.1   -0.398212967449901
       323               3302.2   -0.398500597209199
       324               3302.3   -0.398772980884516
       325               3302.4   -0.399140037101775
       326               3302.5    -0.39971322332288
       327               3302.6   -0.400402559866297
       328               3302.7   -0.400887722554273
       329               3302.8   -0.400808798870337
       330               3302.9   -0.400023651194283
       331                 3303   -0.398730626807797
       332               3303.1    -0.39737114380163
       333               3303.2   -0.396382841594891
       334               3303.3   -0.395959615787385
       335               3303.4   -0.395960803284548
       336               3303.5   -0.396016471440936
       337               3303.6   -0.395749693413842
       338               3303.7   -0.394969131638731
       339               3303.8   -0.393731790729693
       340               3303.9   -0.392276916493305
       341                 3304   -0.390890295377938
       342               3304.1   -0.389769318858247
       343               3304.2   -0.388961461772741
       344               3304.3   -0.388410716479813
       345               3304.4   -0.388052503848923
       346               3304.5   -0.387858028109123
       347               3304.6   -0.387819402070632
       348               3304.7   -0.387953914452969
       349               3304.8   -0.388342626481307
       350               3304.9   -0.389110599927543
       351                 3305   -0.390302068243517
       352               3305.1   -0.391757869384118
       353               3305.2   -0.393136466722818
       354               3305.3   -0.394076129990635
       355               3305.4   -0.394361229545485
       356               3305.5   -0.393986165945527
       357               3305.6   -0.393137941761262
       358               3305.7   -0.392166610992079
       359               3305.8   -0.391534548114188
       360               3305.9   -0.391674220619685
       361                 3306   -0.392771261495396
       362               3306.1   -0.394631327029501
       363               3306.2   -0.396773306228726
       364               3306.3   -0.398696357188447
       365               3306.4   -0.400113629758175
       366               3306.5   -0.401000281297997
       367               3306.6   -0.401480200745163
       368               3306.7   -0.401677431654076
       369               3306.8   -0.401625526903505
       370               3306.9   -0.401259065310618
       371                 3307   -0.400483373932112
       372               3307.1   -0.399293780979826
       373               3307.2   -0.397857291953115
       374               3307.3    -0.39645600571248
       375               3307.4   -0.395306635734168
       376               3307.5    -0.39441718045827
       377               3307.6   -0.393622681386881
       378               3307.7   -0.392750096119555
       379               3307.8    -0.39173419415801
       380               3307.9   -0.390605007656634
       381                 3308   -0.389443573909984
       382               3308.1   -0.388403480467091
       383               3308.2   -0.387731849032182
       384               3308.3   -0.387659006331703
       385               3308.4   -0.388191078410965
       386               3308.5   -0.389020846011573
       387               3308.6   -0.389698203258865
       388               3308.7   -0.389930249484555
       389               3308.8   -0.389738967488861
       390               3308.9   -0.389359029776377
       391                 3309    -0.38901356589514
       392               3309.1   -0.388778973563763
       393               3309.2   -0.388612611019008
       394               3309.3    -0.38845975600137
       395               3309.4   -0.388320818838065
       396               3309.5   -0.388231762127042
       397               3309.6   -0.388202131839811
       398               3309.7    -0.38818896822184
       399               3309.8   -0.388138092833986
       400               3309.9   -0.388049306722564
       401                 3310   -0.387995531527841
       402               3310.1   -0.388067419434994
       403               3310.2   -0.388283971245073
       404               3310.3   -0.388551635935938
       405               3310.4   -0.388725383237435
       406               3310.5   -0.388729713524503
       407               3310.6   -0.388622949008588
       408               3310.7   -0.388532211697924
       409               3310.8   -0.388519747753686
       410               3310.9   -0.388512189887516
       411                 3311   -0.388350045259546
       412               3311.1   -0.387897170671247
       413               3311.2   -0.387126557615127
       414               3311.3   -0.386151661996691
       415               3311.4   -0.385199963328202
       416               3311.5   -0.384523361187206
       417               3311.6   -0.384271587104025
       418               3311.7   -0.384403523375643
       419               3311.8   -0.384702631954257
       420               3311.9    -0.38489090307337
       421                 3312   -0.384769262868693
       422               3312.1   -0.384300849034359
       423               3312.2   -0.383591578585893
       424               3312.3   -0.382784251270081
       425               3312.4   -0.381942358908436
       426               3312.5   -0.381018500568891
       427               3312.6   -0.379942128742818
       428               3312.7   -0.378747977736321
       429               3312.8   -0.377604841428054
       430               3312.9   -0.376681915395932
       431                 3313   -0.375959539167782
       432               3313.1   -0.375183312143138
       433               3313.2   -0.374048935862562
       434               3313.3   -0.372471591917856
       435               3313.4   -0.370684358384305
       436               3313.5     -0.3690670466744
       437               3313.6   -0.367870744545551
       438               3313.7   -0.367082269257894
       439               3313.8   -0.366500470545115
       440               3313.9   -0.365898082649591
       441                 3314   -0.365124730331187
       442               3314.1   -0.364122984787797
       443               3314.2    -0.36290988917951
       444               3314.3   -0.361558190948331
       445               3314.4   -0.360167718623775
       446               3314.5   -0.358822786439863
       447               3314.6   -0.357565096516593
       448               3314.7   -0.356402164440414
       449               3314.8   -0.355320286826027
       450               3314.9    -0.35426316274165
       451                 3315   -0.353101068908612
       452               3315.1   -0.351659908575866
       453               3315.2   -0.349824612034849
       454               3315.3   -0.347632347685896
       455               3315.4   -0.345253191133487
       456               3315.5   -0.342856292949873
       457               3315.6   -0.340473976315718
       458               3315.7   -0.337980138856744
       459               3315.8   -0.335196159431153
       460               3315.9   -0.332036717485038
       461                 3316   -0.328585668556468
       462               3316.1   -0.325045316890643
       463               3316.2   -0.321594779811968
       464               3316.3   -0.318263107517889
       465               3316.4   -0.314905017177913
       466               3316.5   -0.311277977467966
       467               3316.6   -0.307156028150252
       468               3316.7   -0.302426335195539
       469               3316.8    -0.29714697114738
       470               3316.9   -0.291548677398127
       471                 3317   -0.285962649213799
       472               3317.1   -0.280687790520241
       473               3317.2   -0.275857770772771
       474               3317.3   -0.271383113001921
       475               3317.4   -0.267005524061387
       476               3317.5    -0.26243402024836
       477               3317.6   -0.257482210041156
       478               3317.7   -0.252130463655235
       479               3317.8   -0.246493025639435
       480               3317.9   -0.240736381538309
       481                 3318   -0.235022379897723
       482               3318.1   -0.229514492320349
       483               3318.2   -0.224410752159164
       484               3318.3    -0.21992255644651
       485               3318.4   -0.216167788069768
       486               3318.5   -0.213057684269955
       487               3318.6   -0.210308345506669
       488               3318.7    -0.20762060287167
       489               3318.8    -0.20491021565666
       490               3318.9   -0.202392465853203
       491                 3319   -0.200433090728833
       492               3319.1   -0.199289227768841
       493               3319.2   -0.198960335466694
       494               3319.3   -0.199241656186981
       495               3319.4   -0.199881562904953
       496               3319.5   -0.200707149841198
       497               3319.6   -0.201677974805088
       498               3319.7   -0.202876085013508
       499               3319.8   -0.204415835925823
       500               3319.9   -0.206296172973274
       501                 3320   -0.208325690408203
       502               3320.1   -0.210238804557983
       503               3320.2   -0.211923842254214
       504               3320.3   -0.213530927674287
       505               3320.4   -0.215344405342051
       506               3320.5   -0.217563826092441
       507               3320.6   -0.220212654187111
       508               3320.7   -0.223209498204153
       509               3320.8   -0.226457511187012
       510               3320.9   -0.229853309719911
       511                 3321    -0.23327817621099
       512               3321.1   -0.236665551640226
       513               3321.2   -0.240102131329803
       514               3321.3   -0.243814470079253
       515               3321.4   -0.247981846313861
       516               3321.5   -0.252517163937814
       517               3321.6   -0.257035309355458
       518               3321.7   -0.261073083461185
       519               3321.8   -0.264392956485133
       520               3321.9   -0.267135817661499
       521                 3322   -0.269732987026031
       522               3322.1   -0.272673544552984
       523               3322.2   -0.276283073627804
       524               3322.3   -0.280605835683781
       525               3322.4   -0.285405202358319
       526               3322.5   -0.290271650742488
       527               3322.6   -0.294813181942863
       528               3322.7    -0.29885039693568
       529               3322.8   -0.302497510157636
       530               3322.9   -0.306067580516839
       531                 3323   -0.309866955819083
       532               3323.1    -0.31401382741413
       533               3323.2   -0.318375859421779
       534               3323.3   -0.322642336955556
       535               3323.4   -0.326489812942961
       536               3323.5   -0.329755391401623
       537               3323.6   -0.332504623497497
       538               3323.7   -0.334935670177352
       539               3323.8   -0.337199193336789
       540               3323.9   -0.339300028965056
       541                 3324   -0.341164154847053
       542               3324.1    -0.34278260289841
       543               3324.2   -0.344278031488998
       544               3324.3   -0.345839210104507
       545               3324.4   -0.347599336973995
       546               3324.5   -0.349563330023674
       547               3324.6   -0.351626710310999
       548               3324.7   -0.353656124638403
       549               3324.8    -0.35556898750036
       550               3324.9   -0.357364688305734
       551                 3325   -0.359100729999357
       552               3325.1    -0.36083883295252
       553               3325.2   -0.362596877930653
       554               3325.3   -0.364338241785811
       555               3325.4   -0.365999574548077
       556               3325.5   -0.367515894682212
       557               3325.6   -0.368813086307986
       558               3325.7   -0.369803686587155
       559               3325.8   -0.370434111811215
       560               3325.9   -0.370750847502376
       561                 3326   -0.370901208394951
       562               3326.1   -0.371047262544709
       563               3326.2   -0.371262816497877
       564               3326.3   -0.371496820149044
       565               3326.4   -0.371633680432482
       566               3326.5   -0.371612834109023
       567               3326.6   -0.371513434336884
       568               3326.7   -0.371514615224359
       569               3326.8   -0.371743734583504
       570               3326.9   -0.372144001585206
       571                 3327   -0.372491075991278
       572               3327.1   -0.372552235161374
       573               3327.2   -0.372251558935459
       574               3327.3   -0.371706129043031
       575               3327.4   -0.371117075177697
       576               3327.5   -0.370623013049423
       577               3327.6   -0.370245626128817
       578               3327.7   -0.369952826179448
       579               3327.8   -0.369732207626556
       580               3327.9   -0.369563401772624
       581                 3328     -0.3693265462101
       582               3328.1   -0.368798517398691
       583               3328.2   -0.367798954637143
       584               3328.3   -0.366355035150078
       585               3328.4   -0.364709878615189
       586               3328.5   -0.363164927251495
       587               3328.6   -0.361915078044286
       588               3328.7   -0.361012419997237
       589               3328.8   -0.360432618976132
       590               3328.9   -0.360125057776777
       591                 3329   -0.360000550497151
       592               3329.1   -0.359924646426392
       593               3329.2   -0.359774231397492
       594               3329.3   -0.359510051620619
       595               3329.4   -0.359192270075806
       596               3329.5   -0.358951924553269
       597               3329.6   -0.358962201004834
       598               3329.7   -0.359373334248794
       599               3329.8   -0.360169128610897
       600               3329.9   -0.361056854688154
       601                 3330   -0.361574060353987
       602               3330.1   -0.361391652980291
       603               3330.2   -0.360546521123184
       604               3330.3   -0.359397120116169
       605               3330.4   -0.358389806176003
       606               3330.5   -0.357871047718311
       607               3330.6   -0.358043666896732
       608               3330.7   -0.358984208640408
       609               3330.8   -0.360635008481354
       610               3330.9   -0.362794210473548
       611                 3331   -0.365172347348149
       612               3331.1   -0.367522858665694
       613               3331.2   -0.369772864705971
       614               3331.3   -0.372060139473946
       615               3331.4   -0.374643436892142
       616               3331.5   -0.377756307742749
       617               3331.6   -0.381521764819178
       618               3331.7   -0.385971042478871
       619               3331.8   -0.391092857302232
       620               3331.9   -0.396823293812218
       621                 3332   -0.402983022223134
       622               3332.1   -0.409255094399633
       623               3332.2   -0.415282600172717
       624               3332.3   -0.420860944414386
       625               3332.4   -0.426081754387755
       626               3332.5   -0.431279563857153
       627               3332.6   -0.436800079823424
       628               3332.7   -0.442794879283626
       629               3332.8   -0.449215258460838
       630               3332.9   -0.455952160805059
       631                 3333   -0.462936839893067
       632               3333.1   -0.470127750741971
       633               3333.2    -0.47747678957709
       634               3333.3   -0.484958104423644
       635               3333.4   -0.492597803471765
       636               3333.5   -0.500398226714047
       637               3333.6    -0.50819611217008
       638               3333.7   -0.515642051928186
       639               3333.8   -0.522410546856495
       640               3333.9   -0.528489021941415
       641                 3334   -0.534252712744238
       642               3334.1   -0.540211261575957
       643               3334.2   -0.546636053508159
       644               3334.3   -0.553382022860839
       645               3334.4   -0.560002712335012
       646               3334.5    -0.56599963338833
       647               3334.6   -0.571020248581136
       648               3334.7   -0.574954905795841
       649               3334.8   -0.577948416519572
       650               3334.9   -0.580311164998323
       651                 3335   -0.582341546867157
       652               3335.1   -0.584165743306126
       653               3335.2   -0.585701352159783
       654               3335.3   -0.586728142815871
       655               3335.4   -0.586975748099495
       656               3335.5   -0.586201994729533
       657               3335.6   -0.584295219702948
       658               3335.7   -0.581368449992254
       659               3335.8   -0.577737817693903
       660               3335.9   -0.573756785580333
       661                 3336   -0.569637990431052
       662               3336.1   -0.565410496131672
       663               3336.2   -0.560997690846416
       664               3336.3   -0.556279532806413
       665               3336.4   -0.551076523592327
       666               3336.5   -0.545136373323417
       667               3336.6   -0.538210329755305
       668               3336.7   -0.530177832289036
       669               3336.8   -0.521103512672162
       670               3336.9   -0.511189159044082
       671                 3337   -0.500696489813655
       672               3337.1   -0.489904805250972
       673               3337.2   -0.479062800653598
       674               3337.3   -0.468277654027533
       675               3337.4   -0.457409790659026
       676               3337.5   -0.446121189547207
       677               3337.6   -0.434097289736751
       678               3337.7   -0.421264545143368
       679               3337.8   -0.407822255233288
       680               3337.9    -0.39410337135424
       681                 3338   -0.380419562735478
       682               3338.1    -0.36699101732766
       683               3338.2   -0.353936766141922
       684               3338.3   -0.341260672203983
       685               3338.4   -0.328816322867533
       686               3338.5   -0.316301200906576
       687               3338.6   -0.303347666414261
       688               3338.7   -0.289694606826252
       689               3338.8   -0.275301795526126
       690               3338.9    -0.26028531670495
       691                 3339   -0.244741095914934
       692               3339.1   -0.228652769307168
       693               3339.2   -0.211969600015628
       694               3339.3    -0.19474389162263
       695               3339.4   -0.177182555863874
       696               3339.5   -0.159577882899529
       697               3339.6   -0.142161670948097
       698               3339.7   -0.124944004862831
       699               3339.8   -0.107635604054741
       700               3339.9  -0.0897693912594761
       701                 3340  -0.0710076084702111
       702               3340.1   -0.051410159795386
       703               3340.2  -0.0314139421351978
       704               3340.3  -0.0115309488903842
       705               3340.4  0.00796249277381205
       706               3340.5   0.0271126632283169
       707               3340.6   0.0461760264043409
       708               3340.7   0.0654690853621496
       709               3340.8   0.0852599475930666
       710               3340.9     0.10568440451961
       711                 3341    0.126688059556994
       712               3341.1     0.14802763669447
       713               3341.2    0.169320939023321
       714               3341.3    0.190094524336194
       715               3341.4    0.209816102909821
       716               3341.5    0.227945875157373
       717               3341.6     0.24401117606898
       718               3341.7    0.257651026387432
       719               3341.8     0.26859559715495
       720               3341.9    0.276623830129001
       721                 3342    0.281560582451841
       722               3342.1    0.283297586489357
       723               3342.2    0.281767293941275
       724               3342.3    0.276863681005961
       725               3342.4    0.268404852878428
       726               3342.5    0.256206715958538
       727               3342.6    0.240195819470129
       728               3342.7    0.220428878280847
       729               3342.8    0.197002582857344
       730               3342.9    0.169971045093449
       731                 3343     0.13936110608038
       732               3343.1    0.105248542569473
       733               3343.2   0.0678115274337538
       734               3343.3   0.0273397440450106
       735               3343.4  -0.0157684153321384
       736               3343.5   -0.060997692568741
       737               3343.6   -0.107701219216893
       738               3343.7   -0.155100311029305
       739               3343.8   -0.202332277331474
       740               3343.9   -0.248563413393657
       741                 3344   -0.293128188954726
       742               3344.1   -0.335622717169643
       743               3344.2   -0.375916117678193
       744               3344.3   -0.414088826203655
       745               3344.4   -0.450308997011858
       746               3344.5    -0.48466904533767
       747               3344.6   -0.517060640482783
       748               3344.7   -0.547180484605065
       749               3344.8   -0.574663400233834
       750               3344.9   -0.599233519899712
       751                 3345    -0.62077964260791
       752               3345.1   -0.639359093377073
       753               3345.2   -0.655178569674352
       754               3345.3   -0.668561741982727
       755               3345.4    -0.67988330447037
       756               3345.5    -0.68947647477478
       757               3345.6   -0.697552814305811
       758               3345.7   -0.704164523996463
       759               3345.8   -0.709222113848565
       760               3345.9   -0.712583657618885
       761                 3346   -0.714211300513437
       762               3346.1   -0.714315225869874
       763               3346.2   -0.713360008530277
       764               3346.3   -0.711896058876508
       765               3346.4   -0.710335300786618
       766               3346.5   -0.708830902376816
       767               3346.6    -0.70729818459942
       768               3346.7   -0.705493907268989
       769               3346.8   -0.703095983327181
       770               3346.9   -0.699815290733862
       771                 3347   -0.695556514528111
       772               3347.1   -0.690528611467228
       773               3347.2   -0.685172616702018
       774               3347.3   -0.679925039157443
       775               3347.4   -0.675006910158061
       776               3347.5   -0.670396410352191
       777               3347.6   -0.665945111895578
       778               3347.7   -0.661490359016968
       779               3347.8   -0.656898326778426
       780               3347.9   -0.652074217950354
       781                 3348   -0.646967125286763
       782               3348.1    -0.64156057829709
       783               3348.2   -0.635859615323883
       784               3348.3   -0.629896969094002
       785               3348.4    -0.62373842430067
       786               3348.5   -0.617452211726593
       787               3348.6   -0.611067804032585
       788               3348.7   -0.604590368470504
       789               3348.8   -0.598073032335729
       790               3348.9   -0.591659904685806
       791                 3349   -0.585536010094204
       792               3349.1   -0.579836817881495
       793               3349.2   -0.574615733146097
       794               3349.3   -0.569876239450387
       795               3349.4   -0.565588088975095
       796               3349.5   -0.561659013034407
       797               3349.6   -0.557933791200279
       798               3349.7   -0.554265440144111
       799               3349.8   -0.550583288365658
       800               3349.9   -0.546872770710486
       801                 3350   -0.543115465632775
       802               3350.1   -0.539302644922609
       803               3350.2   -0.535514732920808
       804               3350.3   -0.531937312026761
       805               3350.4   -0.528758000071863
       806               3350.5   -0.526050836372545
       807               3350.6    -0.52377115626024
       808               3350.7   -0.521848759314812
       809               3350.8   -0.520273366848224
       810               3350.9   -0.519105304821997
       811                 3351   -0.518427826372978
       812               3351.1   -0.518287967604564
       813               3351.2   -0.518648334946056
       814               3351.3   -0.519349554648209
       815               3351.4   -0.520105744545267
       816               3351.5   -0.520587204879282
       817               3351.6   -0.520593012553235
       818               3351.7    -0.52019249065288
       819               3351.8   -0.519689057069083
       820               3351.9   -0.519423812626561
       821                 3352   -0.519603969267466
       822               3352.1   -0.520281568214882
       823               3352.2   -0.521402658678756
       824               3352.3   -0.522795942979057
       825               3352.4   -0.524142643933778
       826               3352.5   -0.525084707609194
       827               3352.6   -0.525470203521608
       828               3352.7   -0.525498483644773
       829               3352.8   -0.525566556113891
       830               3352.9   -0.525933422238456
       831                 3353   -0.526528767191076
       832               3353.1   -0.527074288344743
       833               3353.2   -0.527356250905214
       834               3353.3   -0.527369051164527
       835               3353.4   -0.527234844005242
       836               3353.5   -0.527040979930099
       837               3353.6    -0.52677584141061
       838               3353.7   -0.526393761050342
       839               3353.8   -0.525890256956463
       840               3353.9   -0.525274217354456
       841                 3354   -0.524469235855512
       842               3354.1   -0.523290961304878
       843               3354.2   -0.521576497059504
       844               3354.3   -0.519350263903312
       845               3354.4   -0.516839326540617
       846               3354.5   -0.514310474267631
       847               3354.6   -0.511902331286813
       848               3354.7   -0.509619157707902
       849               3354.8   -0.507458371677093
       850               3354.9   -0.505507005393242
       851                 3355   -0.503905550872454
       852               3355.1   -0.502732087145512
       853               3355.2   -0.501925325016352
       854               3355.3   -0.501300138040882
       855               3355.4   -0.500613431238377
       856               3355.5   -0.499622465291988
       857               3355.6   -0.498143163657262
       858               3355.7    -0.49614709623506
       859               3355.8   -0.493853120944706
       860               3355.9   -0.491682255817895
       861                 3356   -0.490028328194257
       862               3356.1   -0.489003385794347
       863               3356.2   -0.488383797360709
       864               3356.3   -0.487800873930522
       865               3356.4   -0.486996038148662
       866               3356.5   -0.485933453713427
       867               3356.6   -0.484717970046973
       868               3356.7   -0.483423170385445
       869               3356.8   -0.481981054006475
       870               3356.9   -0.480228422877327
       871                 3357   -0.478086914156118
       872               3357.1   -0.475729719053178
       873               3357.2   -0.473560118302461
       874               3357.3    -0.47196823742244
       875               3357.4   -0.471045529749128
       876               3357.5    -0.47049970264904
       877               3357.6   -0.469843742738878
       878               3357.7   -0.468706447198076
       879               3357.8   -0.467039566173422
       880               3357.9   -0.465098356905725
       881                 3358   -0.463235101113098
       882               3358.1   -0.461665171465988
       883               3358.2   -0.460369781684327
       884               3358.3   -0.459177191298876
       885               3358.4   -0.457921962146764
       886               3358.5    -0.45654844557271
       887               3358.6   -0.455100141224371
       888               3358.7    -0.45363309091915
       889               3358.8   -0.452147515958834
       890               3358.9   -0.450611339438507
       891                 3359    -0.44905051701168
       892               3359.1   -0.447597718965243
       893               3359.2   -0.446428251327933
       894               3359.3   -0.445632828283688
       895               3359.4   -0.445144637121555
       896               3359.5   -0.444786895642823
       897               3359.6   -0.444391177023053
       898               3359.7   -0.443869626246113
       899               3359.8   -0.443185261882981
       900               3359.9   -0.442294877831422
       901                 3360   -0.441171065851167
       902               3360.1   -0.439889492608772
       903               3360.2   -0.438658811615136
       904               3360.3   -0.437729412155573
       905               3360.4   -0.437262846685455
       906               3360.5   -0.437281253165595
       907               3360.6   -0.437708761905571
       908               3360.7   -0.438418043719052
       909               3360.8   -0.439231333112729
       910               3360.9   -0.439928988527565
       911                 3361   -0.440325147501366
       912               3361.1   -0.440363305892119
       913               3361.2   -0.440130799228736
       914               3361.3   -0.439775185459389
       915               3361.4   -0.439399592976639
       916               3361.5    -0.43900354344162
       917               3361.6    -0.43848520692684
       918               3361.7   -0.437707055968018
       919               3361.8   -0.436604853997174
       920               3361.9   -0.435264713634414
       921                 3362   -0.433888924451475
       922               3362.1   -0.432662278057158
       923               3362.2   -0.431623593525314
       924               3362.3   -0.430644518690324
       925               3362.4   -0.429539455878846
       926               3362.5    -0.42824684608296
       927               3362.6     -0.4269624730484
       928               3362.7   -0.426096921106028
       929               3362.8   -0.426027961343251
       930               3362.9   -0.426802021011605
       931                 3363   -0.428036210500227
       932               3363.1   -0.429135375259559
       933               3363.2   -0.429663864445052
       934               3363.3   -0.429570621189683
       935               3363.4   -0.429103176147451
       936               3363.5   -0.428527338876841
       937               3363.6   -0.427928868121353
       938               3363.7   -0.427263009244399
       939               3363.8   -0.426548583754756
       940               3363.9   -0.425959648582208
       941                 3364   -0.425708952871702
       942               3364.1   -0.425868127840466
       943               3364.2   -0.426320741060496
       944               3364.3   -0.426855573899908
       945               3364.4     -0.4272530897049
       946               3364.5   -0.427297314392595
       947               3364.6   -0.426807238031773
       948               3364.7    -0.42575910993366
       949               3364.8   -0.424388404531309
       950               3364.9   -0.423107905843082
       951                 3365   -0.422267323709113
       952               3365.1   -0.421958214592123
       953               3365.2   -0.422000688504625
       954               3365.3   -0.422061617421928
       955               3365.4    -0.42180241285098
       956               3365.5   -0.421026031698842
       957               3365.6   -0.419800022352972
       958               3365.7   -0.418469479593919
       959               3365.8   -0.417501790906524
       960               3365.9   -0.417240116943383
       961                 3366    -0.41772306813626
       962               3366.1   -0.418672603845017
       963               3366.2   -0.419640484014471
       964               3366.3    -0.42022379070898
       965               3366.4    -0.42023544859025
       966               3366.5   -0.419750349808448
       967               3366.6   -0.419027190145619
       968               3366.7   -0.418375951626118
       969               3366.8   -0.418048401879835
       970               3366.9    -0.41817809942249
       971                 3367    -0.41874810833772
       972               3367.1   -0.419577631344044
       973               3367.2    -0.42036927098455
       974               3367.3   -0.420846792958184
       975               3367.4   -0.420909706279238
       976               3367.5   -0.420667974052111
       977               3367.6   -0.420323044084244
       978               3367.7   -0.420028484224348
       979               3367.8   -0.419871266941884
       980               3367.9   -0.419940892870809
       981                 3368   -0.420330692972998
       982               3368.1   -0.421015132448099
       983               3368.2   -0.421741072703818
       984               3368.3   -0.422101033616214
       985               3368.4   -0.421772145363096
       986               3368.5   -0.420724507653247
       987               3368.6   -0.419229449428234
       988               3368.7    -0.41767938765952
       989               3368.8   -0.416370206653395
       990               3368.9   -0.415399228605084
       991                 3369   -0.414733432823005
       992               3369.1   -0.414362797981444
       993               3369.2   -0.414362347912179
       994               3369.3   -0.414770255999513
       995               3369.4   -0.415417481327836
       996               3369.5   -0.415944684658307
       997               3369.6   -0.416043843409244
       998               3369.7   -0.415698759433491
       999               3369.8   -0.415204086608218
      1000               3369.9    -0.41497445667706
      1001                 3370   -0.415308704836373
      1002               3370.1   -0.416239071551023
      1003               3370.2   -0.417512711563102
      1004               3370.3   -0.418713002867547
      1005               3370.4   -0.419478775875672
      1006               3370.5   -0.419701469425742
      1007               3370.6   -0.419560404422703
      1008               3370.7   -0.419362259057027
      1009               3370.8   -0.419313675676957
      1010               3370.9    -0.41941575000507
      1011                 3371   -0.419548075006118
      1012               3371.1   -0.419628244385938
      1013               3371.2    -0.41968904279024
      1014               3371.3   -0.419840468422167
      1015               3371.4   -0.420200939239318
      1016               3371.5   -0.420854440660838
      1017               3371.6   -0.421803367796149
      1018               3371.7   -0.422901191871146
      1019               3371.8   -0.423846139391095
      1020               3371.9   -0.424320294864831
      1021                 3372   -0.424205803525714
      1022               3372.1   -0.423676736060289
      1023               3372.2   -0.423048218366824
      1024               3372.3   -0.422508577809225
      1025               3372.4   -0.421993969343852
      1026               3372.5   -0.421319803421893
      1027               3372.6   -0.420415939647681
      1028               3372.7   -0.419429991709278
      1029               3372.8    -0.41863865205058
      1030               3372.9   -0.418297695862896
      1031                 3373   -0.418553891205874
      1032               3373.1   -0.419421403953537
      1033               3373.2   -0.420784996475174
      1034               3373.3   -0.422436870317235
      1035               3373.4   -0.424158842946262
      1036               3373.5   -0.425809062569327
      1037               3373.6   -0.427352426707469
      1038               3373.7   -0.428820386861223
      1039               3373.8   -0.430245410539453
      1040               3373.9   -0.431631895016068
      1041                 3374   -0.432985511223441
      1042               3374.1   -0.434358606674227
      1043               3374.2   -0.435842668089914
      1044               3374.3   -0.437488234942578
      1045               3374.4   -0.439218754403007
      1046               3374.5   -0.440833871563042
      1047               3374.6   -0.442120946828831
      1048               3374.7   -0.442984483874254
      1049               3374.8   -0.443486696439879
      1050               3374.9   -0.443781521083078
      1051                 3375   -0.444005846818069
      1052               3375.1   -0.444196654471773
      1053               3375.2   -0.444273930014504
      1054               3375.3    -0.44410162117476
      1055               3375.4    -0.44359556083016
      1056               3375.5   -0.442809305183464
      1057               3375.6   -0.441947714854742
      1058               3375.7   -0.441312565458136
      1059               3375.8   -0.441207573969303
      1060               3375.9     -0.4418251710066
      1061                 3376   -0.443155694923578
      1062               3376.1   -0.444985087229267
      1063               3376.2   -0.447008452928649
      1064               3376.3   -0.448988626838871
      1065               3376.4   -0.450837534282518
      1066               3376.5    -0.45256476953702
      1067               3376.6   -0.454156791120524
      1068               3376.7   -0.455499876561989
      1069               3376.8   -0.456406702745876
      1070               3376.9   -0.456722073825972
      1071                 3377   -0.456442821834873
      1072               3377.1    -0.45579068503364
      1073               3377.2   -0.455186095141177
      1074               3377.3   -0.455093052538348
      1075               3377.4   -0.455785451879442
      1076               3377.5    -0.45718753423798
      1077               3377.6   -0.458932610311652
      1078               3377.7    -0.46061372004689
      1079               3377.8   -0.462019084414434
      1080               3377.9   -0.463155767447865
      1081                 3378   -0.464075564796842
      1082               3378.1    -0.46471344138868
      1083               3378.2   -0.464916694395469
      1084               3378.3   -0.464615770773686
      1085               3378.4   -0.463929617005091
      1086               3378.5   -0.463092238079315
      1087               3378.6    -0.46229926176811
      1088               3378.7    -0.46163468963832
      1089               3378.8   -0.461105108435723
      1090               3378.9   -0.460692617655612
      1091                 3379   -0.460377760645732
      1092               3379.1   -0.460167419129687
      1093               3379.2   -0.460142933984563
      1094               3379.3   -0.460469610070574
      1095               3379.4    -0.46131232092537
      1096               3379.5   -0.462687311022376
      1097               3379.6   -0.464355180770864
      1098               3379.7   -0.465864212708283
      1099               3379.8   -0.466763869731026
      1100               3379.9   -0.466851548492164
      1101                 3380   -0.466236639948545
      1102               3380.1    -0.46515361188258
      1103               3380.2   -0.463720970926076
      1104               3380.3   -0.461905580172053
      1105               3380.4   -0.459705393618592
      1106               3380.5   -0.457307740013346
      1107               3380.6   -0.455033699312843
      1108               3380.7   -0.453150955885563
      1109               3380.8   -0.451770544859014
      1110               3380.9   -0.450898007853174
      1111                 3381   -0.450513490684216
      1112               3381.1   -0.450562292480759
      1113               3381.2   -0.450898697366538
      1114               3381.3   -0.451295418851651
      1115               3381.4   -0.451525509101515
      1116               3381.5   -0.451422410469486
      1117               3381.6   -0.450879289379726
      1118               3381.7   -0.449856814515522
      1119               3381.8   -0.448444465503523
      1120               3381.9   -0.446895122102881
      1121                 3382   -0.445528626613546
      1122               3382.1   -0.444539848000204
      1123               3382.2   -0.443870880811572
      1124               3382.3   -0.443252101270711
      1125               3382.4   -0.442360340696528
      1126               3382.5   -0.440970445152927
      1127               3382.6   -0.439031066112667
      1128               3382.7    -0.43667247125295
      1129               3382.8   -0.434175414619255
      1130               3382.9   -0.431907193274713
      1131                 3383   -0.430213103776339
      1132               3383.1   -0.429281402112222
      1133               3383.2   -0.429062088151777
      1134               3383.3    -0.42931811412612
      1135               3383.4   -0.429771912737342
      1136               3383.5   -0.430205987786594
      1137               3383.6   -0.430442483239468
      1138               3383.7   -0.430297888187715
      1139               3383.8   -0.429648398775804
      1140               3383.9   -0.428573512612225
      1141                 3384   -0.427388551631537
      1142               3384.1   -0.426464214042197
      1143               3384.2   -0.425982207989372
      1144               3384.3   -0.425868800730115
      1145               3384.4   -0.425941673941182
      1146               3384.5   -0.426057879991998
      1147               3384.6   -0.426089441721912
      1148               3384.7   -0.425818895277546
      1149               3384.8   -0.424970662986861
      1150               3384.9     -0.4234118316688
      1151                 3385   -0.421321896513966
      1152               3385.1   -0.419146486088304
      1153               3385.2   -0.417368475667111
      1154               3385.3   -0.416273726861773
      1155               3385.4   -0.415843111224048
      1156               3385.5    -0.41579704801873
      1157               3385.6   -0.415758602968938
      1158               3385.7   -0.415453213354161
      1159               3385.8   -0.414829703800907
      1160               3385.9    -0.41404048903401
      1161                 3386   -0.413322126357344
      1162               3386.1   -0.412853287578403
      1163               3386.2   -0.412644048337616
      1164               3386.3   -0.412511294837169
      1165               3386.4   -0.412183076829294
      1166               3386.5    -0.41148019119622
      1167               3386.6    -0.41043455327668
      1168               3386.7   -0.409255484006973
      1169               3386.8   -0.408202259217508
      1170               3386.9   -0.407490043392924
      1171                 3387   -0.407272995227713
      1172               3387.1   -0.407627917292833
      1173               3387.2    -0.40847020914421
      1174               3387.3   -0.409475655251415
      1175               3387.4   -0.410160873192109
      1176               3387.5   -0.410140129432449
      1177               3387.6    -0.40936122937412
      1178               3387.7   -0.408106458316917
      1179               3387.8   -0.406768574992242
      1180               3387.9   -0.405614475995448
      1181                 3388    -0.40471283134005
      1182               3388.1   -0.404013209418005
      1183               3388.2   -0.403451008249707
      1184               3388.3   -0.402995131357671
      1185               3388.4   -0.402650808159712
      1186               3388.5   -0.402460293383699
      1187               3388.6   -0.402499656420722
      1188               3388.7   -0.402833641622593
      1189               3388.8   -0.403429394040512
      1190               3388.9   -0.404101646289934
      1191                 3389   -0.404564275507015
      1192               3389.1   -0.404575976542181
      1193               3389.2   -0.404084539159509
      1194               3389.3   -0.403275213355292
      1195               3389.4   -0.402492849979559
      1196               3389.5   -0.402072410819275
      1197               3389.6   -0.402156095349009
      1198               3389.7   -0.402598398397226
      1199               3389.8   -0.403034696848341
      1200               3389.9   -0.403091005459568
      1201                 3390   -0.402602627525634
      1202               3390.1   -0.401699428250404
      1203               3390.2    -0.40072386321619
      1204               3390.3   -0.400058754402692
      1205               3390.4   -0.399957406697902
      1206               3390.5   -0.400429153351333
      1207               3390.6   -0.401222539426913
      1208               3390.7    -0.40194960904426
      1209               3390.8   -0.402326944270431
      1210               3390.9   -0.402384290158875
      1211                 3391   -0.402456284071219
      1212               3391.1   -0.402932623332725
      1213               3391.2   -0.403970157273749
      1214               3391.3   -0.405406845113933
      1215               3391.4   -0.406907602543694
      1216               3391.5   -0.408166904163034
      1217               3391.6   -0.409012416379598
      1218               3391.7   -0.409403038255006
      1219               3391.8   -0.409379696056511
      1220               3391.9   -0.408998905931596
      1221                 3392     -0.4082866399739
      1222               3392.1   -0.407280217071319
      1223               3392.2   -0.406146831962031
      1224               3392.3   -0.405220267648849
      1225               3392.4    -0.40481928222532
      1226               3392.5   -0.404961535702896
      1227               3392.6   -0.405266376870503
      1228               3392.7   -0.405181017044129
      1229               3392.8   -0.404343541701115
      1230               3392.9   -0.402797199778051
      1231                 3393   -0.400952278257332
      1232               3393.1   -0.399378678046082
      1233               3393.2   -0.398547697186704
      1234               3393.3   -0.398629965856106
      1235               3393.4   -0.399458032284128
      1236               3393.5   -0.400679270493182
      1237               3393.6   -0.401967299738131
      1238               3393.7   -0.403124148402042
      1239               3393.8   -0.404058234330328
      1240               3393.9   -0.404752914040633
      1241                 3394   -0.405274431943139
      1242               3394.1   -0.405742558581164
      1243               3394.2    -0.40622052846891
      1244               3394.3   -0.406626168857588
      1245               3394.4   -0.406788192172784
      1246               3394.5   -0.406609944129868
      1247               3394.6   -0.406166766448417
      1248               3394.7   -0.405635025553524
      1249               3394.8   -0.405138790063814
      1250               3394.9   -0.404677322150376
      1251                 3395   -0.404197586997638
      1252               3395.1   -0.403734359327192
      1253               3395.2   -0.403484252135229
      1254               3395.3   -0.403724492514965
      1255               3395.4   -0.404602046508969
      1256               3395.5   -0.405950477055255
      1257               3395.6   -0.407321244347657
      1258               3395.7   -0.408252396421719
      1259               3395.8    -0.40856029102696
      1260               3395.9   -0.408395034640213
      1261                 3396   -0.408031293981678
      1262               3396.1   -0.407627116093291
      1263               3396.2   -0.407184431735252
      1264               3396.3   -0.406703065355718
      1265               3396.4   -0.406317961919648
      1266               3396.5   -0.406251309336828
      1267               3396.6   -0.406621263332858
      1268               3396.7   -0.407297444108122
      1269               3396.8   -0.407944462477935
      1270               3396.9      -0.408215155339
      1271                 3397   -0.407927649715884
      1272               3397.1   -0.407104414532407
      1273               3397.2    -0.40590275276084
      1274               3397.3   -0.404544319300361
      1275               3397.4   -0.403279916554172
      1276               3397.5   -0.402335397626098
      1277               3397.6   -0.401821479149738
      1278               3397.7   -0.401690276786424
      1279               3397.8   -0.401804972777318
      1280               3397.9   -0.402052078534557
      1281                 3398   -0.402367455645332
      1282               3398.1   -0.402670335894073
      1283               3398.2   -0.402836987214002
      1284               3398.3   -0.402793522306823
      1285               3398.4   -0.402627230859523
      1286               3398.5   -0.402556163894951
      1287               3398.6   -0.402747658516321
      1288               3398.7   -0.403152547715544
      1289               3398.8   -0.403514124008282
      1290               3398.9   -0.403540775325554
      1291                 3399   -0.403092421292221
      1292               3399.1   -0.402250315883966
      1293               3399.2   -0.401262027886477
      1294               3399.3   -0.400438139900197
      1295               3399.4   -0.400058356096155
      1296               3399.5   -0.400282147641872
      1297               3399.6   -0.401052172011624
      1298               3399.7   -0.402046285820666
      1299               3399.8   -0.402781626810772
      1300               3399.9   -0.402889155028739
      1301                 3400   -0.402386790874874
      1302               3400.1   -0.401694580719791
      1303               3400.2   -0.401325652537558
      1304               3400.3    -0.40150015127268
      1305               3400.4   -0.402008275432882
      1306               3400.5   -0.402394807430075
      1307               3400.6   -0.402261018165066
      1308               3400.7   -0.401468744710984
      1309               3400.8   -0.400191143968196
      1310               3400.9   -0.398837930004235
      1311                 3401   -0.397872737813056
      1312               3401.1   -0.397580037094841
      1313               3401.2   -0.397920777405219
      1314               3401.3   -0.398585364776116
      1315               3401.4   -0.399191178207361
      1316               3401.5   -0.399463161468738
      1317               3401.6   -0.399302586781199
      1318               3401.7   -0.398776963932943
      1319               3401.8   -0.398084631538458
      1320               3401.9   -0.397484101973207
      1321                 3402   -0.397176841833472
      1322               3402.1    -0.39721068099691
      1323               3402.2   -0.397495377104675
      1324               3402.3   -0.397925317893249
      1325               3402.4   -0.398490656545769
      1326               3402.5   -0.399259472051713
      1327               3402.6   -0.400236959693404
      1328               3402.7   -0.401240040730681
      1329               3402.8   -0.401937182482417
      1330               3402.9   -0.402061182453885
      1331                 3403   -0.401628244934499
      1332               3403.1   -0.400970000549182
      1333               3403.2   -0.400547242397072
      1334               3403.3   -0.400701050147314
      1335               3403.4   -0.401519483091203
      1336               3403.5   -0.402858485286542
      1337               3403.6   -0.404431983234166
      1338               3403.7   -0.405902209990723
      1339               3403.8   -0.406976589067688
      1340               3403.9   -0.407507135106519
      1341                 3404   -0.407521202049821
      1342               3404.1   -0.407144583534514
      1343               3404.2   -0.406506117973623
      1344               3404.3   -0.405740213844937
      1345               3404.4   -0.405060639045346
      1346               3404.5   -0.404759807035557
      1347               3404.6   -0.405059868050303
      1348               3404.7   -0.405915450393259
      1349               3404.8   -0.406950801915815
      1350               3404.9    -0.40762949452443
      1351                 3405   -0.407564773266273
      1352               3405.1   -0.406738597940507
      1353               3405.2   -0.405462407631884
      1354               3405.3   -0.404146255165115
      1355               3405.4   -0.403094675071895
      1356               3405.5   -0.402455259335566
      1357               3405.6   -0.402257092071992
      1358               3405.7   -0.402433909746205
      1359               3405.8   -0.402837149952517
      1360               3405.9   -0.403304152415879
      1361                 3406   -0.403756033830023
      1362               3406.1   -0.404204543433086
      1363               3406.2   -0.404628042082417
      1364               3406.3   -0.404864051762412
      1365               3406.4    -0.40469336005017
      1366               3406.5   -0.404066528788962
      1367               3406.6   -0.403210922348577
      1368               3406.7   -0.402453380886282
      1369               3406.8   -0.401918544236933
      1370               3406.9    -0.40142783127039
      1371                 3407   -0.400718275100721
      1372               3407.1   -0.399753204213435
      1373               3407.2     -0.3988039025281
      1374               3407.3   -0.398240645101582
      1375               3407.4   -0.398272499231868
      1376               3407.5   -0.398874412841098
      1377               3407.6   -0.399880634169075
      1378               3407.7   -0.401061964974066
      1379               3407.8   -0.402121646623516
      1380               3407.9   -0.402720600563843
      1381                 3408   -0.402608988750366
      1382               3408.1   -0.401764813136546
      1383               3408.2   -0.400387321847401
      1384               3408.3   -0.398739006185592
      1385               3408.4   -0.396987252263781
      1386               3408.5   -0.395181448732217
      1387               3408.6   -0.393346487077026
      1388               3408.7   -0.391562303540184
      1389               3408.8   -0.389944506319091
      1390               3408.9   -0.388571718988937
      1391                 3409   -0.387464059587327
      1392               3409.1    -0.38664059493487
      1393               3409.2   -0.386169311391179
      1394               3409.3   -0.386121130695892
      1395               3409.4   -0.386464986316147
      1396               3409.5   -0.387033224746848
      1397               3409.6   -0.387614690293568
      1398               3409.7   -0.388084147351903
      1399               3409.8   -0.388437437028253
      1400               3409.9   -0.388708018883507
      1401                 3410    -0.38886233276204
      1402               3410.1   -0.388790614197911
      1403               3410.2   -0.388415739079907
      1404               3410.3   -0.387814731727951
      1405               3410.4   -0.387214625631733
      1406               3410.5   -0.386849622147436
      1407               3410.6   -0.386822724605949
      1408               3410.7   -0.387104329214664
      1409               3410.8   -0.387633664632656
      1410               3410.9   -0.388383837768213
      1411                 3411   -0.389323081048793
      1412               3411.1   -0.390336616467095
      1413               3411.2   -0.391212006848135
      1414               3411.3   -0.391719572232385
      1415               3411.4   -0.391728503911393
      1416               3411.5   -0.391278827871025
      1417               3411.6   -0.390581510610493
      1418               3411.7   -0.389959315655259
      1419               3411.8   -0.389731474851986
      1420               3411.9   -0.390059820724404
      1421                 3412   -0.390844908713797
      1422               3412.1   -0.391778315257158
      1423               3412.2   -0.392543188251036
      1424               3412.3   -0.393012412552465
      1425               3412.4   -0.393281006068081
      1426               3412.5   -0.393513927731688
      1427               3412.6   -0.393764812706644
      1428               3412.7   -0.393947753163809
      1429               3412.8   -0.393972961978712
      1430               3412.9   -0.393871535052011
      1431                 3413   -0.393762929196564
      1432               3413.1   -0.393723584097966
      1433               3413.2   -0.393730993936539
      1434               3413.3   -0.393751193689548
      1435               3413.4   -0.393860084143862
      1436               3413.5    -0.39424681225185
      1437               3413.6   -0.395066551849326
      1438               3413.7   -0.396260326239311
      1439               3413.8   -0.397508011393662
      1440               3413.9   -0.398386152023033
      1441                 3414    -0.39863310695044
      1442               3414.1   -0.398320116886789
      1443               3414.2   -0.397791905345566
      1444               3414.3   -0.397429426438651
      1445               3414.4   -0.397427387771711
      1446               3414.5   -0.397741944929529
      1447               3414.6   -0.398204097132576
      1448               3414.7   -0.398675918524226
      1449               3414.8   -0.399132363161263
      1450               3414.9   -0.399628740980288
      1451                 3415   -0.400193802103274
      1452               3415.1   -0.400746856760166
      1453               3415.2   -0.401133777824767
      1454               3415.3    -0.40126849638385
      1455               3415.4   -0.401235107021631
      1456               3415.5   -0.401221097621699
      1457               3415.6   -0.401331846532269
      1458               3415.7    -0.40147522080563
      1459               3415.8   -0.401436865082637
      1460               3415.9   -0.401073846373719
      1461                 3416   -0.400441772252177
      1462               3416.1     -0.3997389424574
      1463               3416.2   -0.399129492358578
      1464               3416.3   -0.398623589743405
      1465               3416.4   -0.398124570937265
      1466               3416.5   -0.397574900920693
      1467               3416.6   -0.397047535850258
      1468               3416.7   -0.396713643935233
      1469               3416.8   -0.396742128193966
      1470               3416.9   -0.397215547896004
      1471                 3417   -0.398099188230553
      1472               3417.1   -0.399262801688547
      1473               3417.2    -0.40054287906792
      1474               3417.3   -0.401808826461818
      1475               3417.4   -0.402979046914571
      1476               3417.5   -0.403981634979308
      1477               3417.6   -0.404728174778192
      1478               3417.7   -0.405149208477111
      1479               3417.8   -0.405239422940313
      1480               3417.9   -0.405039077462444
      1481                 3418    -0.40457519175466
      1482               3418.1   -0.403840335470908
      1483               3418.2   -0.402815322716597
      1484               3418.3   -0.401484192857034
      1485               3418.4   -0.399847619392585
      1486               3418.5   -0.397983995494092
      1487               3418.6   -0.396115624777947
      1488               3418.7   -0.394556403256808
      1489               3418.8     -0.3935329843258
      1490               3418.9    -0.39305440107453
      1491                 3419   -0.392969939641878
      1492               3419.1   -0.393123892996823
      1493               3419.2   -0.393416514085186
      1494               3419.3   -0.393746081396286
      1495               3419.4   -0.393974804761563
      1496               3419.5   -0.393991547518137
      1497               3419.6   -0.393778250513708
      1498               3419.7   -0.393389005143881
      1499               3419.8   -0.392883297646542
      1500               3419.9   -0.392292755435371
