     index            Field [G]         Intensity []

         1                 3270   -0.374283265294049
         2               3270.1   -0.374800799963223
         3               3270.2   -0.375308085462925
         4               3270.3   -0.375881583311004
         5               3270.4   -0.376600502305882
         6               3270.5      -0.377490752731
         7               3270.6   -0.378477610415767
         8               3270.7   -0.379399179233033
         9               3270.8   -0.380088665690661
        10               3270.9   -0.380473572898415
        11                 3271   -0.380624606970722
        12               3271.1    -0.38072493426953
        13               3271.2   -0.380984406991353
        14               3271.3   -0.381544858954935
        15               3271.4   -0.382411943668579
        16               3271.5   -0.383445827596873
        17               3271.6   -0.384435228928505
        18               3271.7   -0.385219768972685
        19               3271.8   -0.385757792243609
        20               3271.9   -0.386073704276102
        21                 3272   -0.386153151070633
        22               3272.1   -0.385919380795183
        23               3272.2   -0.385320710221426
        24               3272.3   -0.384414915820787
        25               3272.4   -0.383339652675081
        26               3272.5   -0.382199710033627
        27               3272.6   -0.380998181451758
        28               3272.7   -0.379685254205178
        29               3272.8   -0.378281945448567
        30               3272.9   -0.376975038242639
        31                 3273   -0.376089121511423
        32               3273.1   -0.375909827671258
        33               3273.2   -0.376463801077341
        34               3273.3   -0.377458345513366
        35               3273.4   -0.378480630655912
        36               3273.5   -0.379296789728662
        37               3273.6   -0.379972274374454
        38               3273.7   -0.380718935949734
        39               3273.8    -0.38164660283089
        40               3273.9   -0.382654933091016
        41                 3274    -0.38352648290914
        42               3274.1    -0.38409574492327
        43               3274.2   -0.384342390018019
        44               3274.3   -0.384367692814372
        45               3274.4   -0.384322601326449
        46               3274.5   -0.384362036979498
        47               3274.6   -0.384626906486081
        48               3274.7    -0.38520688834743
        49               3274.8   -0.386072039277743
        50               3274.9   -0.387033319850975
        51                 3275   -0.387807959639439
        52               3275.1    -0.38818691156327
        53               3275.2     -0.3881923388044
        54               3275.3   -0.388083645969871
        55               3275.4   -0.388171042683428
        56               3275.5   -0.388561726368789
        57               3275.6   -0.389053174332605
        58               3275.7   -0.389285695504758
        59               3275.8   -0.389025145160704
        60               3275.9   -0.388309406590843
        61                 3276   -0.387339664352642
        62               3276.1     -0.3862736919924
        63               3276.2    -0.38515105239693
        64               3276.3   -0.383985568095815
        65               3276.4    -0.38287067169139
        66               3276.5   -0.381968496124676
        67               3276.6   -0.381404836396733
        68               3276.7   -0.381179266124602
        69               3276.8   -0.381169824966587
        70               3276.9   -0.381230600003002
        71                 3277   -0.381309833558574
        72               3277.1   -0.381487040842008
        73               3277.2    -0.38187486790056
        74               3277.3   -0.382455698228568
        75               3277.4   -0.383015809718603
        76               3277.5   -0.383264269410127
        77               3277.6   -0.383026074351508
        78               3277.7   -0.382314565717303
        79               3277.8   -0.381238338039412
        80               3277.9    -0.37989509534955
        81                 3278   -0.378389681109246
        82               3278.1   -0.376913691634303
        83               3278.2    -0.37572168875672
        84               3278.3   -0.374979597059168
        85               3278.4   -0.374650203216939
        86               3278.5   -0.374556439558436
        87               3278.6   -0.374557652890728
        88               3278.7   -0.374656678211203
        89               3278.8   -0.374955078648287
        90               3278.9   -0.375531793982657
        91                 3279   -0.376350806733068
        92               3279.1   -0.377236818200138
        93               3279.2   -0.377926208551024
        94               3279.3   -0.378201244590956
        95               3279.4   -0.378052444290884
        96               3279.5    -0.37772694606785
        97               3279.6   -0.377576346714504
        98               3279.7   -0.377820168518534
        99               3279.8   -0.378444413766275
       100               3279.9   -0.379299413351906
       101                 3280   -0.380244738459182
       102               3280.1   -0.381194632664453
       103               3280.2   -0.382092307716981
       104               3280.3   -0.382903124431107
       105               3280.4   -0.383616152299556
       106               3280.5   -0.384207997354236
       107               3280.6   -0.384622662524204
       108               3280.7   -0.384840984575824
       109               3280.8   -0.384963943971236
       110               3280.9    -0.38515888302071
       111                 3281   -0.385486978624572
       112               3281.1   -0.385819129427612
       113               3281.2    -0.38596486152009
       114               3281.3   -0.385876058544536
       115               3281.4   -0.385686120103315
       116               3281.5   -0.385532609249462
       117               3281.6   -0.385362781734563
       118               3281.7   -0.384949463047744
       119               3281.8   -0.384116509238692
       120               3281.9   -0.382939647967443
       121                 3282   -0.381715703854709
       122               3282.1   -0.380751421602457
       123               3282.2   -0.380204171263396
       124               3282.3   -0.380103735546393
       125               3282.4   -0.380454720140358
       126               3282.5   -0.381258997911529
       127               3282.6   -0.382447248225705
       128               3282.7   -0.383839943859581
       129               3282.8   -0.385209652523773
       130               3282.9   -0.386382568285569
       131                 3283   -0.387281321031225
       132               3283.1    -0.38789965693315
       133               3283.2   -0.388272059968674
       134               3283.3   -0.388461636479975
       135               3283.4   -0.388523295397049
       136               3283.5   -0.388436105977739
       137               3283.6    -0.38809183283035
       138               3283.7   -0.387404736716228
       139               3283.8   -0.386454246813635
       140               3283.9   -0.385492044072854
       141                 3284   -0.384778321853348
       142               3284.1   -0.384411709013733
       143               3284.2   -0.384330367193581
       144               3284.3   -0.384462228299747
       145               3284.4   -0.384830343462212
       146               3284.5   -0.385483626561004
       147               3284.6   -0.386344261553736
       148               3284.7   -0.387171446878774
       149               3284.8   -0.387710159120153
       150               3284.9    -0.38788575821546
       151                 3285    -0.38785685669839
       152               3285.1   -0.387882723271166
       153               3285.2   -0.388129880352231
       154               3285.3   -0.388579919081184
       155               3285.4   -0.389095625914187
       156               3285.5   -0.389557213368103
       157               3285.6   -0.389923599954165
       158               3285.7   -0.390166368750267
       159               3285.8   -0.390178626029899
       160               3285.9    -0.38979935215712
       161                 3286   -0.388959755345349
       162               3286.1   -0.387810820647181
       163               3286.2   -0.386703901446483
       164               3286.3   -0.386035100626997
       165               3286.4   -0.386063850831583
       166               3286.5   -0.386803135304254
       167               3286.6   -0.388017347266976
       168               3286.7   -0.389322222552596
       169               3286.8   -0.390352100352937
       170               3286.9   -0.390919205744744
       171                 3287   -0.391070904552509
       172               3287.1   -0.391006312557766
       173               3287.2   -0.390918246553558
       174               3287.3   -0.390879861007627
       175               3287.4   -0.390842799890336
       176               3287.5   -0.390717319966467
       177               3287.6   -0.390457748786614
       178               3287.7   -0.390094529105802
       179               3287.8   -0.389698968598961
       180               3287.9   -0.389317894759674
       181                 3288   -0.388947021125553
       182               3288.1   -0.388575064872243
       183               3288.2   -0.388244306241169
       184               3288.3   -0.388046116062556
       185               3288.4   -0.388044965733631
       186               3288.5    -0.38820284069449
       187               3288.6   -0.388369562636847
       188               3288.7   -0.388345326268892
       189               3288.8   -0.387971278452217
       190               3288.9   -0.387183487596414
       191                 3289   -0.385997113884531
       192               3289.1   -0.384464819907348
       193               3289.2   -0.382682614843818
       194               3289.3   -0.380834028337339
       195               3289.4   -0.379180011829371
       196               3289.5   -0.377959252076539
       197               3289.6   -0.377290326675833
       198               3289.7   -0.377167628564864
       199               3289.8   -0.377513842427688
       200               3289.9   -0.378196008120803
       201                 3290   -0.379008440680508
       202               3290.1   -0.379704719287242
       203               3290.2   -0.380094322176652
       204               3290.3   -0.380121745736426
       205               3290.4   -0.379864509215362
       206               3290.5   -0.379472341469691
       207               3290.6   -0.379097981321647
       208               3290.7   -0.378842534438993
       209               3290.8   -0.378730545372673
       210               3290.9   -0.378737383813424
       211                 3291   -0.378856063151854
       212               3291.1   -0.379129794095784
       213               3291.2    -0.37958698533068
       214               3291.3   -0.380130361360828
       215               3291.4   -0.380528153999744
       216               3291.5   -0.380578413089418
       217               3291.6   -0.380314329756333
       218               3291.7   -0.380032243955051
       219               3291.8   -0.380082135718327
       220               3291.9   -0.380591117858499
       221                 3292   -0.381349696005975
       222               3292.1   -0.381946474148717
       223               3292.2   -0.382040667625364
       224               3292.3   -0.381565398404262
       225               3292.4   -0.380722890151834
       226               3292.5   -0.379809465990922
       227               3292.6   -0.379033979793738
       228               3292.7   -0.378455123035795
       229               3292.8   -0.378030978564921
       230               3292.9   -0.377703036768843
       231                 3293   -0.377463536940481
       232               3293.1   -0.377388758500101
       233               3293.2    -0.37761174869706
       234               3293.3   -0.378216842222293
       235               3293.4   -0.379113916313788
       236               3293.5   -0.380016971274763
       237               3293.6   -0.380592996760449
       238               3293.7   -0.380684032401682
       239               3293.8   -0.380412351724649
       240               3293.9   -0.380079629307201
       241                 3294   -0.379964054918131
       242               3294.1    -0.38018734466258
       243               3294.2   -0.380713250100253
       244               3294.3    -0.38141895917396
       245               3294.4   -0.382178794416994
       246               3294.5     -0.3829345561997
       247               3294.6   -0.383707268523749
       248               3294.7   -0.384517945402515
       249               3294.8   -0.385297495992694
       250               3294.9    -0.38591753655555
       251                 3295   -0.386326550636831
       252               3295.1   -0.386616510778527
       253               3295.2   -0.386929549475631
       254               3295.3   -0.387329697547227
       255               3295.4   -0.387788135792604
       256               3295.5   -0.388247797586557
       257               3295.6   -0.388645210376444
       258               3295.7   -0.388888391135595
       259               3295.8   -0.388885873599027
       260               3295.9   -0.388625351885827
       261                 3296   -0.388182389705463
       262               3296.1    -0.38761480962832
       263               3296.2   -0.386870218067401
       264               3296.3   -0.385844324341001
       265               3296.4   -0.384545502118941
       266               3296.5   -0.383180226023092
       267               3296.6    -0.38204865557788
       268               3296.7   -0.381337579400063
       269               3296.8   -0.380999673146323
       270               3296.9   -0.380818466420157
       271                 3297   -0.380585067932572
       272               3297.1   -0.380232452980216
       273               3297.2   -0.379846452774582
       274               3297.3   -0.379592758699167
       275               3297.4   -0.379632121136977
       276               3297.5   -0.380045743603681
       277               3297.6   -0.380772488367354
       278               3297.7   -0.381602420552113
       279               3297.8   -0.382273524447701
       280               3297.9    -0.38262039011168
       281                 3298   -0.382646133237124
       282               3298.1   -0.382466443385833
       283               3298.2   -0.382219673748449
       284               3298.3   -0.382043671009603
       285               3298.4   -0.382086759548778
       286               3298.5   -0.382458979384882
       287               3298.6   -0.383131080939948
       288               3298.7   -0.383893203728336
       289               3298.8   -0.384442995080192
       290               3298.9   -0.384544850305524
       291                 3299   -0.384138899544851
       292               3299.1   -0.383333889607126
       293               3299.2   -0.382319907049149
       294               3299.3   -0.381280441852975
       295               3299.4   -0.380343618936101
       296               3299.5   -0.379562707267239
       297               3299.6   -0.378917934069206
       298               3299.7   -0.378353306784731
       299               3299.8   -0.377845876343503
       300               3299.9   -0.377461524763612
       301                 3300   -0.377340953829762
       302               3300.1   -0.377611388660744
       303               3300.2   -0.378293805997666
       304               3300.3   -0.379291271294064
       305               3300.4   -0.380464864689158
       306               3300.5   -0.381708662668334
       307               3300.6   -0.382944689553577
       308               3300.7    -0.38406580224537
       309               3300.8   -0.384917961992402
       310               3300.9     -0.3853562587779
       311                 3301   -0.385320419060812
       312               3301.1   -0.384865653573564
       313               3301.2   -0.384139488857551
       314               3301.3   -0.383331270095047
       315               3301.4   -0.382611209172141
       316               3301.5   -0.382064952513293
       317               3301.6   -0.381652933023834
       318               3301.7   -0.381245774732136
       319               3301.8    -0.38074386174441
       320               3301.9   -0.380196077304899
       321                 3302   -0.379798922987949
       322               3302.1   -0.379749851508941
       323               3302.2   -0.380067262299309
       324               3302.3   -0.380532502473457
       325               3302.4   -0.380812320110077
       326               3302.5     -0.3806701418324
       327               3302.6   -0.380098797775052
       328               3302.7   -0.379274867388196
       329               3302.8   -0.378395484934899
       330               3302.9   -0.377561232349837
       331                 3303   -0.376802421625256
       332               3303.1    -0.37618287954421
       333               3303.2   -0.375843146566418
       334               3303.3   -0.375932813838321
       335               3303.4   -0.376502055349113
       336               3303.5    -0.37744243475371
       337               3303.6   -0.378509405035712
       338               3303.7   -0.379411679926038
       339               3303.8   -0.379930470767845
       340               3303.9   -0.380011266497922
       341                 3304   -0.379774392549737
       342               3304.1   -0.379442880421541
       343               3304.2   -0.379245848882621
       344               3304.3   -0.379357281584047
       345               3304.4   -0.379874064527605
       346               3304.5   -0.380796427701984
       347               3304.6    -0.38200108979901
       348               3304.7   -0.383246900350754
       349               3304.8   -0.384244281522203
       350               3304.9    -0.38476211084449
       351                 3305   -0.384715206097762
       352               3305.1   -0.384192471754731
       353               3305.2   -0.383413202609332
       354               3305.3   -0.382629259551312
       355               3305.4   -0.382027976120528
       356               3305.5   -0.381696413225605
       357               3305.6    -0.38165482410588
       358               3305.7   -0.381901861184515
       359               3305.8   -0.382406877476285
       360               3305.9   -0.383051484854516
       361                 3306   -0.383599956824683
       362               3306.1   -0.383770301253045
       363               3306.2   -0.383373147580562
       364               3306.3   -0.382408102730794
       365               3306.4   -0.381058032738464
       366               3306.5    -0.37961610407063
       367               3306.6   -0.378385048014929
       368               3306.7     -0.3775484942025
       369               3306.8   -0.377055106468664
       370               3306.9   -0.376627233436674
       371                 3307   -0.375948042800998
       372               3307.1   -0.374908414028687
       373               3307.2   -0.373705004280907
       374               3307.3   -0.372691995136848
       375               3307.4   -0.372100820576544
       376               3307.5   -0.371859586822078
       377               3307.6   -0.371665416250235
       378               3307.7   -0.371254219130618
       379               3307.8   -0.370642321636622
       380               3307.9   -0.370129486127911
       381                 3308    -0.37006244534418
       382               3308.1   -0.370584106110896
       383               3308.2   -0.371593321593628
       384               3308.3   -0.372891364876902
       385               3308.4   -0.374290432934095
       386               3308.5   -0.375570453363856
       387               3308.6   -0.376435402049919
       388               3308.7   -0.376648163060957
       389               3308.8   -0.376255111092894
       390               3308.9   -0.375628514850178
       391                 3309   -0.375228888596651
       392               3309.1   -0.375294826038356
       393               3309.2   -0.375723036779962
       394               3309.3   -0.376189763859525
       395               3309.4   -0.376373464893504
       396               3309.5   -0.376124335123154
       397               3309.6   -0.375502718035063
       398               3309.7   -0.374684416970548
       399               3309.8   -0.373809581037504
       400               3309.9   -0.372903100000215
       401                 3310   -0.371938101820115
       402               3310.1   -0.370973950508689
       403               3310.2   -0.370221812602315
       404               3310.3   -0.369955162997806
       405               3310.4   -0.370315976549109
       406               3310.5   -0.371159774442304
       407               3310.6   -0.372078411099441
       408               3310.7   -0.372624642851959
       409               3310.8   -0.372595501085241
       410               3310.9   -0.372157313130233
       411                 3311   -0.371705800053342
       412               3311.1   -0.371563266197886
       413               3311.2   -0.371742324986497
       414               3311.3   -0.371951575898082
       415               3311.4   -0.371829958660828
       416               3311.5   -0.371222626512846
       417               3311.6   -0.370289772876531
       418               3311.7   -0.369380404955658
       419               3311.8   -0.368782467387097
       420               3311.9   -0.368539384490364
       421                 3312   -0.368457270397218
       422               3312.1   -0.368282388317712
       423               3312.2   -0.367909866518654
       424               3312.3   -0.367465785404993
       425               3312.4   -0.367201577817296
       426               3312.5   -0.367290944919575
       427               3312.6   -0.367695248666798
       428               3312.7   -0.368188652113166
       429               3312.8   -0.368500789526296
       430               3312.9   -0.368477151531528
       431                 3313   -0.368169756631828
       432               3313.1   -0.367792279437804
       433               3313.2   -0.367543269149413
       434               3313.3   -0.367428026856605
       435               3313.4   -0.367242971432016
       436               3313.5   -0.366735232263343
       437               3313.6   -0.365781638723337
       438               3313.7   -0.364442426021146
       439               3313.8   -0.362889997966198
       440               3313.9   -0.361309422302141
       441                 3314   -0.359839672246656
       442               3314.1   -0.358545033924706
       443               3314.2   -0.357382847157147
       444               3314.3   -0.356192463648068
       445               3314.4    -0.35477118894191
       446               3314.5   -0.353026078932331
       447               3314.6   -0.351069907858412
       448               3314.7   -0.349144944704361
       449               3314.8   -0.347429949556371
       450               3314.9   -0.345914945199731
       451                 3315   -0.344452041238353
       452               3315.1   -0.342897910492899
       453               3315.2   -0.341185106324075
       454               3315.3   -0.339281454545737
       455               3315.4    -0.33715254541091
       456               3315.5   -0.334822659195418
       457               3315.6   -0.332460801429372
       458               3315.7   -0.330338106261787
       459               3315.8   -0.328641392167469
       460               3315.9   -0.327321597051269
       461                 3316   -0.326147346997743
       462               3316.1   -0.324906749183133
       463               3316.2   -0.323525091999341
       464               3316.3   -0.321972351908516
       465               3316.4   -0.320100691502167
       466               3316.5   -0.317639597731439
       467               3316.6   -0.314375391805134
       468               3316.7   -0.310321581272481
       469               3316.8   -0.305719940324735
       470               3316.9   -0.300915292498322
       471                 3317   -0.296238740855915
       472               3317.1   -0.291941971500985
       473               3317.2   -0.288138530531418
       474               3317.3   -0.284755345679315
       475               3317.4   -0.281565617712528
       476               3317.5   -0.278316426281957
       477               3317.6   -0.274847930706558
       478               3317.7   -0.271102626538914
       479               3317.8   -0.267053239639291
       480               3317.9   -0.262665404535624
       481                 3318   -0.257949733572028
       482               3318.1   -0.253031791441305
       483               3318.2   -0.248126021965678
       484               3318.3   -0.243393217918552
       485               3318.4   -0.238806333345337
       486               3318.5   -0.234183771863127
       487               3318.6   -0.229389832302814
       488               3318.7   -0.224498646803756
       489               3318.8   -0.219732527041591
       490               3318.9   -0.215237616596321
       491                 3319   -0.210947304582014
       492               3319.1    -0.20667650650039
       493               3319.2    -0.20233680135209
       494               3319.3   -0.198063676432628
       495               3319.4   -0.194165372463237
       496               3319.5   -0.190960918538748
       497               3319.6   -0.188629534393028
       498               3319.7   -0.187151598034787
       499               3319.8   -0.186346192021135
       500               3319.9   -0.185953513846941
       501                 3320   -0.185713629946614
       502               3320.1   -0.185443383183894
       503               3320.2    -0.18512279363279
       504               3320.3   -0.184935546274203
       505               3320.4   -0.185179007682262
       506               3320.5   -0.186068691963925
       507               3320.6   -0.187600099428288
       508               3320.7   -0.189602502893873
       509               3320.8   -0.191930974324022
       510               3320.9   -0.194605782094452
       511                 3321     -0.1977706825181
       512               3321.1   -0.201530504304465
       513               3321.2   -0.205843622857822
       514               3321.3   -0.210564888832126
       515               3321.4   -0.215556454506528
       516               3321.5   -0.220729179597357
       517               3321.6   -0.226002688599761
       518               3321.7   -0.231283850608265
       519               3321.8   -0.236510949125082
       520               3321.9    -0.24170171816404
       521                 3322    -0.24693958319813
       522               3322.1   -0.252309208845262
       523               3322.2    -0.25783447565808
       524               3322.3     -0.2634547558659
       525               3322.4   -0.269042794618101
       526               3322.5   -0.274445811087488
       527               3322.6   -0.279528336343852
       528               3322.7    -0.28420758514417
       529               3322.8   -0.288481130151877
       530               3322.9   -0.292445934922598
       531                 3323    -0.29630320832026
       532               3323.1   -0.300326214229668
       533               3323.2   -0.304756541519158
       534               3323.3   -0.309652349271226
       535               3323.4   -0.314816346291779
       536               3323.5   -0.319916509381229
       537               3323.6   -0.324716859333766
       538               3323.7   -0.329187756564919
       539               3323.8    -0.33339687821236
       540               3323.9   -0.337343658024083
       541                 3324   -0.340941699107593
       542               3324.1   -0.344139054235009
       543               3324.2   -0.347003335870173
       544               3324.3   -0.349671438573023
       545               3324.4   -0.352227173307252
       546               3324.5   -0.354628454762266
       547               3324.6   -0.356743933443993
       548               3324.7   -0.358466899629322
       549               3324.8   -0.359819322267526
       550               3324.9   -0.360966891808237
       551                 3325   -0.362128748918639
       552               3325.1   -0.363441743245255
       553               3325.2   -0.364874725574359
       554               3325.3   -0.366251363915214
       555               3325.4   -0.367353474062877
       556               3325.5   -0.368018000916701
       557               3325.6   -0.368167036929149
       558               3325.7     -0.3677869034474
       559               3325.8   -0.366913769763123
       560               3325.9   -0.365655087055328
       561                 3326   -0.364216558151892
       562               3326.1   -0.362872956361309
       563               3326.2   -0.361859533802854
       564               3326.3   -0.361254477420734
       565               3326.4   -0.360972596890563
       566               3326.5   -0.360900438769198
       567               3326.6   -0.361039175595406
       568               3326.7   -0.361487607123325
       569               3326.8   -0.362276199461869
       570               3326.9   -0.363255360229568
       571                 3327    -0.36418701215544
       572               3327.1   -0.364931248209663
       573               3327.2   -0.365492591466173
       574               3327.3   -0.365873012601522
       575               3327.4   -0.365932882185169
       576               3327.5    -0.36545252672306
       577               3327.6   -0.364336804189178
       578               3327.7   -0.362728892057144
       579               3327.8   -0.360892556560237
       580               3327.9   -0.358972230158564
       581                 3328   -0.356886833159039
       582               3328.1   -0.354491883791034
       583               3328.2   -0.351853280855012
       584               3328.3   -0.349328258549818
       585               3328.4   -0.347337110174402
       586               3328.5   -0.346036106852378
       587               3328.6   -0.345197899132521
       588               3328.7   -0.344385154451501
       589               3328.8   -0.343239450952336
       590               3328.9   -0.341662900354506
       591                 3329   -0.339815784683085
       592               3329.1   -0.337993335458993
       593               3329.2   -0.336477793166352
       594               3329.3    -0.33542900504857
       595               3329.4   -0.334835796731621
       596               3329.5   -0.334523354791202
       597               3329.6   -0.334212770171993
       598               3329.7   -0.333641209932875
       599               3329.8   -0.332718888862872
       600               3329.9   -0.331623282597619
       601                 3330   -0.330718683236726
       602               3330.1   -0.330314702891129
       603               3330.2   -0.330443482997809
       604               3330.3   -0.330858414919989
       605               3330.4   -0.331279561807016
       606               3330.5   -0.331681838194785
       607               3330.6   -0.332360822397644
       608               3330.7   -0.333694998060349
       609               3330.8     -0.3358000114442
       610               3330.9   -0.338385239119419
       611                 3331   -0.340953766718416
       612               3331.1    -0.34317793126446
       613               3331.2   -0.345129268929892
       614               3331.3   -0.347195378545025
       615               3331.4   -0.349805277760276
       616               3331.5   -0.353203593279152
       617               3331.6   -0.357386306619088
       618               3331.7    -0.36214683989714
       619               3331.8   -0.367158228253416
       620               3331.9   -0.372072633336022
       621                 3332   -0.376628384685389
       622               3332.1   -0.380732485222106
       623               3332.2   -0.384498259102758
       624               3332.3   -0.388236861102973
       625               3332.4   -0.392388629024445
       626               3332.5   -0.397382931286461
       627               3332.6     -0.4034725720813
       628               3332.7   -0.410638957601319
       629               3332.8   -0.418629543848987
       630               3332.9   -0.427089632966592
       631                 3333   -0.435685411836981
       632               3333.1   -0.444154340962012
       633               3333.2   -0.452315916399737
       634               3333.3   -0.460105511213816
       635               3333.4   -0.467617235890561
       636               3333.5   -0.475074850199044
       637               3333.6   -0.482700737653034
       638               3333.7   -0.490563789578598
       639               3333.8   -0.498524931691253
       640               3333.9   -0.506327232251178
       641                 3334   -0.513763652552102
       642               3334.1   -0.520790266071908
       643               3334.2   -0.527499013065513
       644               3334.3   -0.533994076421982
       645               3334.4   -0.540295954144098
       646               3334.5   -0.546337821557284
       647               3334.6   -0.552011319137748
       648               3334.7   -0.557205496298864
       649               3334.8   -0.561842980831136
       650               3334.9   -0.565924609367797
       651                 3335   -0.569535340259372
       652               3335.1   -0.572759209717842
       653               3335.2   -0.575550808700733
       654               3335.3   -0.577701387534482
       655               3335.4   -0.578981068484359
       656               3335.5   -0.579360777774061
       657               3335.6    -0.57910317701353
       658               3335.7   -0.578600566685394
       659               3335.8   -0.578060971009505
       660               3335.9   -0.577292922552924
       661                 3336   -0.575774146465194
       662               3336.1    -0.57296394619435
       663               3336.2   -0.568629510153164
       664               3336.3   -0.562961335352853
       665               3336.4   -0.556429407942682
       666               3336.5   -0.549511657216406
       667               3336.6   -0.542472574802954
       668               3336.7   -0.535288921937682
       669               3336.8   -0.527712537368037
       670               3336.9   -0.519410798300704
       671                 3337   -0.510131135621651
       672               3337.1   -0.499836326838648
       673               3337.2   -0.488738374411008
       674               3337.3    -0.47719329277426
       675               3337.4   -0.465529016684377
       676               3337.5   -0.453937854685052
       677               3337.6   -0.442478801557188
       678               3337.7    -0.43112208777681
       679               3337.8   -0.419780902150888
       680               3337.9   -0.408350608018997
       681                 3338   -0.396769566312527
       682               3338.1    -0.38505726812873
       683               3338.2   -0.373292911008283
       684               3338.3   -0.361558411585473
       685               3338.4   -0.349892840057819
       686               3338.5   -0.338284686883533
       687               3338.6   -0.326709283582021
       688               3338.7   -0.315191053358724
       689               3338.8   -0.303822616334669
       690               3338.9   -0.292677305619625
       691                 3339   -0.281665334540722
       692               3339.1   -0.270497371513593
       693               3339.2   -0.258851043234544
       694               3339.3   -0.246609099478974
       695               3339.4   -0.233921262149163
       696               3339.5   -0.221013989274811
       697               3339.6    -0.20795033529414
       698               3339.7   -0.194587855448565
       699               3339.8   -0.180744504303944
       700               3339.9   -0.166365680751698
       701                 3340   -0.151538632172513
       702               3340.1   -0.136395978941991
       703               3340.2   -0.121014242579951
       704               3340.3   -0.105337361296324
       705               3340.4  -0.0891412929560771
       706               3340.5  -0.0721190361296901
       707               3340.6  -0.0541044282065818
       708               3340.7   -0.035257984327158
       709               3340.8  -0.0159979983539414
       710               3340.9  0.00328919495842203
       711                 3341   0.0224801770384323
       712               3341.1   0.0416906176972607
       713               3341.2   0.0610928554299424
       714               3341.3    0.080794446964207
       715               3341.4    0.100848800633942
       716               3341.5    0.121296449514043
       717               3341.6    0.142138940995605
       718               3341.7    0.163256809873837
       719               3341.8    0.184347961168038
       720               3341.9    0.204947791016854
       721                 3342    0.224530066867273
       722               3342.1    0.242611611952315
       723               3342.2    0.258769053767118
       724               3342.3    0.272579482660801
       725               3342.4    0.283611475804641
       726               3342.5    0.291539087555593
       727               3342.6    0.296263716794492
       728               3342.7    0.297857726200649
       729               3342.8    0.296310546275852
       730               3342.9    0.291279392785386
       731                 3343    0.282073296425568
       732               3343.1    0.267907354077243
       733               3343.2    0.248248924701481
       734               3343.3    0.223025866775072
       735               3343.4    0.192594188517487
       736               3343.5    0.157542707810419
       737               3343.6    0.118505779690417
       738               3343.7   0.0760998728298393
       739               3343.8   0.0309522603948885
       740               3343.9  -0.0162957937948629
       741                 3344  -0.0650501180627318
       742               3344.1   -0.114791651303289
       743               3344.2   -0.164990848788086
       744               3344.3    -0.21499493174291
       745               3344.4   -0.264041679686901
       746               3344.5   -0.311404441988763
       747               3344.6   -0.356525999258049
       748               3344.7   -0.399056476469378
       749               3344.8   -0.438838481227025
       750               3344.9   -0.475871909834372
       751                 3345   -0.510217191681743
       752               3345.1   -0.541844246945453
       753               3345.2    -0.57054968393631
       754               3345.3   -0.596048992134567
       755               3345.4    -0.61818972620235
       756               3345.5   -0.637107897725269
       757               3345.6   -0.653194909311846
       758               3345.7   -0.666907445949415
       759               3345.8    -0.67857957622326
       760               3345.9   -0.688370930880929
       761                 3346   -0.696350785143159
       762               3346.1   -0.702622792539886
       763               3346.2   -0.707405649515765
       764               3346.3   -0.711032362731236
       765               3346.4    -0.71386213893873
       766               3346.5   -0.716146944031282
       767               3346.6   -0.717948511840073
       768               3346.7   -0.719171166961112
       769               3346.8   -0.719664475259563
       770               3346.9   -0.719300965739743
       771                 3347   -0.718013370528811
       772               3347.1   -0.715848827987242
       773               3347.2    -0.71303785891335
       774               3347.3   -0.709976340949986
       775               3347.4   -0.707057338985366
       776               3347.5   -0.704450657874335
       777               3347.6   -0.702007884822199
       778               3347.7   -0.699362447366418
       779               3347.8   -0.696128413996937
       780               3347.9   -0.692058047470204
       781                 3348   -0.687100645016826
       782               3348.1   -0.681383870649626
       783               3348.2   -0.675147524308283
       784               3348.3   -0.668649542299538
       785               3348.4    -0.66207489336355
       786               3348.5   -0.655474472183316
       787               3348.6   -0.648732241260745
       788               3348.7   -0.641566334510943
       789               3348.8   -0.633617270043594
       790               3348.9   -0.624649290615675
       791                 3349   -0.614750571696906
       792               3349.1   -0.604340038179413
       793               3349.2   -0.593930119476044
       794               3349.3   -0.583821962863733
       795               3349.4   -0.573962801830785
       796               3349.5   -0.564045853678626
       797               3349.6   -0.553764417406534
       798               3349.7   -0.543056435492126
       799               3349.8   -0.532187422843345
       800               3349.9   -0.521617671847233
       801                 3350   -0.511749924893555
       802               3350.1    -0.50273014410106
       803               3350.2   -0.494410499040305
       804               3350.3   -0.486472161176191
       805               3350.4   -0.478634968566245
       806               3350.5   -0.470837382607328
       807               3350.6   -0.463267794504268
       808               3350.7   -0.456233474892478
       809               3350.8   -0.450000222991823
       810               3350.9    -0.44473907888395
       811                 3351   -0.440558563143553
       812               3351.1   -0.437499096257158
       813               3351.2   -0.435458246144189
       814               3351.3   -0.434154907572233
       815               3351.4   -0.433221497113435
       816               3351.5   -0.432366104418511
       817               3351.6   -0.431473707271556
       818               3351.7   -0.430599819447674
       819               3351.8   -0.429922244380348
       820               3351.9   -0.429711086545604
       821                 3352   -0.430279860128358
       822               3352.1   -0.431849104233829
       823               3352.2   -0.434370715304782
       824               3352.3     -0.4374901515292
       825               3352.4    -0.44074754741475
       826               3352.5   -0.443863567693869
       827               3352.6   -0.446835931655911
       828               3352.7   -0.449776518786419
       829               3352.8   -0.452705527651427
       830               3352.9   -0.455529885500306
       831                 3353   -0.458181297158213
       832               3353.1   -0.460709361683775
       833               3353.2    -0.46321285350696
       834               3353.3     -0.4657037053331
       835               3353.4   -0.468079398764563
       836               3353.5   -0.470249279627848
       837               3353.6   -0.472269563218642
       838               3353.7   -0.474313523469126
       839               3353.8   -0.476487041441217
       840               3353.9   -0.478685425150101
       841                 3354   -0.480644345285647
       842               3354.1   -0.482116701876041
       843               3354.2   -0.482982485573103
       844               3354.3   -0.483209244944623
       845               3354.4    -0.48276660023031
       846               3354.5   -0.481632272212209
       847               3354.6   -0.479893716009868
       848               3354.7   -0.477820469304853
       849               3354.8   -0.475794747485618
       850               3354.9   -0.474121633864182
       851                 3355   -0.472864831044419
       852               3355.1   -0.471844135976944
       853               3355.2   -0.470787970233257
       854               3355.3   -0.469506754529325
       855               3355.4    -0.46796851706781
       856               3355.5   -0.466266813610242
       857               3355.6   -0.464542314325763
       858               3355.7    -0.46292155355663
       859               3355.8   -0.461508496728118
       860               3355.9   -0.460414163645275
       861                 3356   -0.459757380188161
       862               3356.1   -0.459589410212181
       863               3356.2   -0.459796714901817
       864               3356.3   -0.460100787289914
       865               3356.4   -0.460198108650255
       866               3356.5   -0.459933801045407
       867               3356.6   -0.459354853318752
       868               3356.7   -0.458606703473954
       869               3356.8   -0.457782558158234
       870               3356.9    -0.45685096148453
       871                 3357   -0.455694623614426
       872               3357.1   -0.454213475302867
       873               3357.2   -0.452418744185592
       874               3357.3   -0.450451248222247
       875               3357.4   -0.448505248653354
       876               3357.5   -0.446719134076515
       877               3357.6   -0.445125230878268
       878               3357.7   -0.443687883374829
       879               3357.8   -0.442375556550184
       880               3357.9   -0.441198831625879
       881                 3358   -0.440190542798786
       882               3358.1   -0.439348077324936
       883               3358.2   -0.438584176807231
       884               3358.3   -0.437735007553956
       885               3358.4   -0.436630641983476
       886               3358.5    -0.43517709445826
       887               3358.6   -0.433404333216873
       888               3358.7   -0.431479669604653
       889               3358.8   -0.429680414369005
       890               3358.9   -0.428289649271867
       891                 3359   -0.427434767875956
       892               3359.1   -0.426992555960062
       893               3359.2   -0.426668926282307
       894               3359.3   -0.426203919046122
       895               3359.4   -0.425531503519972
       896               3359.5   -0.424767634820203
       897               3359.6    -0.42404872808132
       898               3359.7   -0.423362863996567
       899               3359.8   -0.422520926411787
       900               3359.9   -0.421292986897257
       901                 3360   -0.419582128004241
       902               3360.1   -0.417483228408784
       903               3360.2   -0.415209637923367
       904               3360.3   -0.412993255644575
       905               3360.4   -0.411031372910963
       906               3360.5   -0.409458771137356
       907               3360.6   -0.408319381323732
       908               3360.7   -0.407566964068303
       909               3360.8   -0.407114936957312
       910               3360.9    -0.40689133828967
       911                 3361     -0.4068442343692
       912               3361.1     -0.4069034135339
       913               3361.2   -0.406951410823854
       914               3361.3   -0.406844638577141
       915               3361.4   -0.406485605268211
       916               3361.5   -0.405906757780214
       917               3361.6   -0.405291003169329
       918               3361.7   -0.404870017900707
       919               3361.8   -0.404749100492855
       920               3361.9   -0.404812606392619
       921                 3362   -0.404809460465431
       922               3362.1    -0.40453174984782
       923               3362.2   -0.403909526881945
       924               3362.3   -0.402965447305115
       925               3362.4   -0.401734292948095
       926               3362.5   -0.400255132077701
       927               3362.6   -0.398625714529599
       928               3362.7   -0.397035841796569
       929               3362.8   -0.395721199097337
       930               3362.9   -0.394842658974575
       931                 3363   -0.394363268836884
       932               3363.1   -0.394040427811323
       933               3363.2   -0.393595004518156
       934               3363.3   -0.392947894214211
       935               3363.4   -0.392301358552094
       936               3363.5   -0.391965178376948
       937               3363.6   -0.392084971521002
       938               3363.7   -0.392530178427803
       939               3363.8   -0.393029981122881
       940               3363.9   -0.393399833724641
       941                 3364   -0.393633107892903
       942               3364.1   -0.393793188230119
       943               3364.2   -0.393850895623809
       944               3364.3   -0.393645951182686
       945               3364.4   -0.392989743698204
       946               3364.5   -0.391786412036843
       947               3364.6   -0.390090190407199
       948               3364.7   -0.388119384481202
       949               3364.8   -0.386231182951384
       950               3364.9   -0.384798572570152
       951                 3365   -0.384004214269413
       952               3365.1   -0.383716125740119
       953               3365.2     -0.3835945206665
       954               3365.3   -0.383363210620645
       955               3365.4   -0.383009842952031
       956               3365.5   -0.382749778837365
       957               3365.6    -0.38281170847592
       958               3365.7   -0.383251406444548
       959               3365.8   -0.383944015938968
       960               3365.9    -0.38471365145878
       961                 3366   -0.385436052772496
       962               3366.1   -0.386029046944964
       963               3366.2    -0.38641022221701
       964               3366.3   -0.386520981322295
       965               3366.4   -0.386379852745478
       966               3366.5   -0.386060219438104
       967               3366.6   -0.385592990516958
       968               3366.7   -0.384905225427019
       969               3366.8   -0.383865375867229
       970               3366.9   -0.382395417130824
       971                 3367    -0.38057241847634
       972               3367.1    -0.37866461317367
       973               3367.2   -0.377060552083691
       974               3367.3   -0.376091429413027
       975               3367.4   -0.375851274240733
       976               3367.5   -0.376167526212422
       977               3367.6   -0.376749616139435
       978               3367.7   -0.377370016964037
       979               3367.8   -0.377933215418302
       980               3367.9   -0.378443193247511
       981                 3368   -0.378958955475971
       982               3368.1   -0.379556649090097
       983               3368.2   -0.380267062762114
       984               3368.3   -0.381023253662614
       985               3368.4   -0.381694661627499
       986               3368.5   -0.382192727539974
       987               3368.6   -0.382532750627762
       988               3368.7    -0.38278085078389
       989               3368.8   -0.382948005565758
       990               3368.9   -0.382949906232246
       991                 3369   -0.382680271102058
       992               3369.1    -0.38213138871853
       993               3369.2   -0.381442738703992
       994               3369.3   -0.380815271432096
       995               3369.4   -0.380359236503867
       996               3369.5   -0.380023631799144
       997               3369.6   -0.379680332828144
       998               3369.7   -0.379270867392459
       999               3369.8    -0.37886283894577
      1000               3369.9   -0.378583346036796
      1001                 3370   -0.378539518583882
      1002               3370.1   -0.378814772049591
      1003               3370.2   -0.379491044281409
      1004               3370.3    -0.38060590953895
      1005               3370.4   -0.382070266720148
      1006               3370.5   -0.383660800764637
      1007               3370.6   -0.385118457223168
      1008               3370.7   -0.386254054738435
      1009               3370.8    -0.38697291274332
      1010               3370.9   -0.387245947841242
      1011                 3371   -0.387101899669132
      1012               3371.1   -0.386652627925259
      1013               3371.2   -0.386097529972144
      1014               3371.3   -0.385659730222489
      1015               3371.4   -0.385465938886761
      1016               3371.5   -0.385444163952835
      1017               3371.6   -0.385334461402672
      1018               3371.7   -0.384849688534032
      1019               3371.8    -0.38389870717849
      1020               3371.9   -0.382697837774243
      1021                 3372   -0.381663164450676
      1022               3372.1   -0.381164237193427
      1023               3372.2   -0.381337719292271
      1024               3372.3   -0.382078225313689
      1025               3372.4   -0.383148801086323
      1026               3372.5   -0.384288556173595
      1027               3372.6   -0.385275873553617
      1028               3372.7    -0.38598165666917
      1029               3372.8   -0.386414073848238
      1030               3372.9   -0.386696790895188
      1031                 3373   -0.386963590468086
      1032               3373.1   -0.387258352313353
      1033               3373.2   -0.387541772250471
      1034               3373.3   -0.387782819359281
      1035               3373.4   -0.388013173231799
      1036               3373.5   -0.388284381729156
      1037               3373.6   -0.388600579967699
      1038               3373.7   -0.388921838159154
      1039               3373.8   -0.389231546236871
      1040               3373.9   -0.389584135889119
      1041                 3374   -0.390085339751611
      1042               3374.1   -0.390841288498795
      1043               3374.2   -0.391935993015689
      1044               3374.3   -0.393436547900536
      1045               3374.4   -0.395366122182775
      1046               3374.5   -0.397617438762154
      1047               3374.6   -0.399881224463035
      1048               3374.7   -0.401709212881406
      1049               3374.8    -0.40273691248545
      1050               3374.9   -0.402928271254773
      1051                 3375   -0.402641000798344
      1052               3375.1   -0.402438120467771
      1053               3375.2   -0.402783370233274
      1054               3375.3   -0.403846469675271
      1055               3375.4   -0.405522790132115
      1056               3375.5    -0.40757805189179
      1057               3375.6   -0.409764333731153
      1058               3375.7   -0.411856663924948
      1059               3375.8   -0.413676664945888
      1060               3375.9    -0.41515511704845
      1061                 3376   -0.416374673067495
      1062               3376.1   -0.417493860226049
      1063               3376.2   -0.418571760620754
      1064               3376.3   -0.419467590563278
      1065               3376.4   -0.419964784698196
      1066               3376.5   -0.420031343037154
      1067               3376.6   -0.419932804512609
      1068               3376.7   -0.420032239045025
      1069               3376.8    -0.42045861024086
      1070               3376.9   -0.421002029267651
      1071                 3377   -0.421365330852585
      1072               3377.1   -0.421513584910991
      1073               3377.2    -0.42176200117271
      1074               3377.3   -0.422524623211638
      1075               3377.4    -0.42397167534434
      1076               3377.5    -0.42588717005625
      1077               3377.6   -0.427812049073113
      1078               3377.7   -0.429341041447269
      1079               3377.8   -0.430359226563092
      1080               3377.9   -0.431058855696695
      1081                 3378   -0.431732995406749
      1082               3378.1   -0.432525712348679
      1083               3378.2   -0.433369459186851
      1084               3378.3    -0.43415551245795
      1085               3378.4   -0.434923535362923
      1086               3378.5   -0.435831923573657
      1087               3378.6   -0.436936495469737
      1088               3378.7   -0.438040489595528
      1089               3378.8   -0.438795800988521
      1090               3378.9   -0.438954344265887
      1091                 3379   -0.438528082291459
      1092               3379.1   -0.437735681137525
      1093               3379.2   -0.436816621346601
      1094               3379.3   -0.435880417499736
      1095               3379.4   -0.434895176066652
      1096               3379.5   -0.433795668933922
      1097               3379.6   -0.432605598174745
      1098               3379.7   -0.431467107988789
      1099               3379.8   -0.430546619960189
      1100               3379.9   -0.429896024288926
      1101                 3380   -0.429403943003632
      1102               3380.1   -0.428894119754945
      1103               3380.2   -0.428271307366443
      1104               3380.3   -0.427558384102718
      1105               3380.4   -0.426798770750471
      1106               3380.5   -0.425965693910377
      1107               3380.6   -0.425005914712365
      1108               3380.7   -0.423957582066064
      1109               3380.8   -0.422970915324992
      1110               3380.9   -0.422185125529553
      1111                 3381   -0.421603138954242
      1112               3381.1   -0.421099258493081
      1113               3381.2   -0.420525717109204
      1114               3381.3   -0.419794259701298
      1115               3381.4   -0.418884853556085
      1116               3381.5   -0.417837827054841
      1117               3381.6   -0.416784202754564
      1118               3381.7   -0.415970068788244
      1119               3381.8   -0.415665129392153
      1120               3381.9   -0.415945889742407
      1121                 3382   -0.416539290941399
      1122               3382.1   -0.416930216240539
      1123               3382.2   -0.416682624896089
      1124               3382.3   -0.415694549807461
      1125               3382.4   -0.414188406720095
      1126               3382.5    -0.41250193719097
      1127               3382.6   -0.410879197860859
      1128               3382.7   -0.409394744129019
      1129               3382.8   -0.408018950748001
      1130               3382.9   -0.406742920069979
      1131                 3383   -0.405649031957485
      1132               3383.1   -0.404863547860883
      1133               3383.2   -0.404438678729229
      1134               3383.3   -0.404281521887075
      1135               3383.4   -0.404203182129833
      1136               3383.5   -0.404045921082399
      1137               3383.6   -0.403772904558349
      1138               3383.7   -0.403447045091715
      1139               3383.8   -0.403135012671811
      1140               3383.9   -0.402825898134078
      1141                 3384    -0.40240616065939
      1142               3384.1   -0.401675225727851
      1143               3384.2   -0.400399698404754
      1144               3384.3   -0.398428098696686
      1145               3384.4   -0.395829916968358
      1146               3384.5   -0.392938293809616
      1147               3384.6   -0.390214627623778
      1148               3384.7   -0.388020657762562
      1149               3384.8   -0.386483775597629
      1150               3384.9   -0.385539024785789
      1151                 3385    -0.38505433603959
      1152               3385.1   -0.384908314283554
      1153               3385.2   -0.384999682493111
      1154               3385.3   -0.385249182637714
      1155               3385.4    -0.38561555463136
      1156               3385.5   -0.386080938716827
      1157               3385.6   -0.386586579551767
      1158               3385.7   -0.386986613970487
      1159               3385.8   -0.387099866432707
      1160               3385.9   -0.386836225179297
      1161                 3386   -0.386281925384936
      1162               3386.1   -0.385663726258411
      1163               3386.2   -0.385221868843771
      1164               3386.3   -0.385079608509686
      1165               3386.4   -0.385179526609006
      1166               3386.5   -0.385322160378691
      1167               3386.6   -0.385303380104699
      1168               3386.7   -0.385077085976971
      1169               3386.8   -0.384812151580294
      1170               3386.9   -0.384766599055983
      1171                 3387   -0.385066670259215
      1172               3387.1   -0.385589400814046
      1173               3387.2   -0.386057700357281
      1174               3387.3   -0.386249127184603
      1175               3387.4   -0.386128003473171
      1176               3387.5   -0.385824985810691
      1177               3387.6   -0.385546043336486
      1178               3387.7   -0.385507585137438
      1179               3387.8      -0.385891077544
      1180               3387.9   -0.386761386186663
      1181                 3388   -0.387975124619818
      1182               3388.1   -0.389198663215617
      1183               3388.2   -0.390100601494748
      1184               3388.3   -0.390600390775593
      1185               3388.4   -0.390948287998127
      1186               3388.5   -0.391533873143636
      1187               3388.6   -0.392570099534827
      1188               3388.7   -0.393920825452396
      1189               3388.8   -0.395207708117376
      1190               3388.9   -0.396085155439682
      1191                 3389   -0.396445878794359
      1192               3389.1     -0.3964109136168
      1193               3389.2   -0.396158886097433
      1194               3389.3    -0.39577127654694
      1195               3389.4   -0.395219545850774
      1196               3389.5   -0.394471024590578
      1197               3389.6   -0.393592199383792
      1198               3389.7   -0.392751230560249
      1199               3389.8   -0.392119295119796
      1200               3389.9   -0.391753854819868
      1201                 3390   -0.391559251535125
      1202               3390.1    -0.39135880805831
      1203               3390.2   -0.391024454352031
      1204               3390.3     -0.3905630731787
      1205               3390.4   -0.390093144113359
      1206               3390.5    -0.38973464564125
      1207               3390.6   -0.389506537312395
      1208               3390.7   -0.389320182902918
      1209               3390.8   -0.389072835649118
      1210               3390.9   -0.388748460716176
      1211                 3391   -0.388420122816203
      1212               3391.1   -0.388151069681669
      1213               3391.2   -0.387908973077893
      1214               3391.3    -0.38759784889709
      1215               3391.4   -0.387176715081409
      1216               3391.5    -0.38673320470677
      1217               3391.6   -0.386431143420358
      1218               3391.7     -0.3863841116973
      1219               3391.8   -0.386571890588697
      1220               3391.9   -0.386865710958934
      1221                 3392   -0.387131865345955
      1222               3392.1   -0.387320457087506
      1223               3392.2   -0.387456747905869
      1224               3392.3   -0.387542246212308
      1225               3392.4   -0.387475379654414
      1226               3392.5   -0.387099868129563
      1227               3392.6   -0.386359602733208
      1228               3392.7     -0.3854136022762
      1229               3392.8    -0.38457956300854
      1230               3392.9    -0.38412251356824
      1231                 3393   -0.384056496071259
      1232               3393.1   -0.384138788888179
      1233               3393.2   -0.384072827916098
      1234               3393.3    -0.38374000758297
      1235               3393.4   -0.383256124477395
      1236               3393.5   -0.382826734341138
      1237               3393.6    -0.38256418671436
      1238               3393.7   -0.382434384348094
      1239               3393.8   -0.382346669088505
      1240               3393.9   -0.382271513145638
      1241                 3394   -0.382283484428808
      1242               3394.1   -0.382517710594341
      1243               3394.2   -0.383083282463069
      1244               3394.3    -0.38398176046551
      1245               3394.4    -0.38507466530905
      1246               3394.5   -0.386124533839747
      1247               3394.6   -0.386885884809954
      1248               3394.7   -0.387193210988624
      1249               3394.8   -0.387015711115407
      1250               3394.9   -0.386472256019668
      1251                 3395   -0.385792448762672
      1252               3395.1   -0.385222019185748
      1253               3395.2   -0.384922170389349
      1254               3395.3   -0.384930042331987
      1255               3395.4   -0.385193465017904
      1256               3395.5   -0.385632483200789
      1257               3395.6   -0.386173519966839
      1258               3395.7   -0.386735435048815
      1259               3395.8   -0.387188727968342
      1260               3395.9   -0.387345996848384
      1261                 3396   -0.387038701261557
      1262               3396.1    -0.38625424094469
      1263               3396.2   -0.385205451116346
      1264               3396.3   -0.384224189051751
      1265               3396.4   -0.383541845508589
      1266               3396.5   -0.383154717058424
      1267               3396.6   -0.382890932573845
      1268               3396.7   -0.382588647193769
      1269               3396.8   -0.382207588031903
      1270               3396.9   -0.381799227058175
      1271                 3397     -0.3814005216859
      1272               3397.1   -0.380955828492524
      1273               3397.2    -0.38032972275827
      1274               3397.3   -0.379412632370493
      1275               3397.4   -0.378251275527076
      1276               3397.5   -0.377084011110229
      1277               3397.6    -0.37621142960888
      1278               3397.7   -0.375790611544957
      1279               3397.8   -0.375746955789867
      1280               3397.9   -0.375899870906572
      1281                 3398   -0.376179542428156
      1282               3398.1   -0.376711733015396
      1283               3398.2    -0.37768034879609
      1284               3398.3    -0.37910330604633
      1285               3398.4   -0.380741046200821
      1286               3398.5   -0.382218450443004
      1287               3398.6   -0.383236847615178
      1288               3398.7   -0.383699360792732
      1289               3398.8   -0.383694527196178
      1290               3398.9   -0.383407123332605
      1291                 3399   -0.383029233413992
      1292               3399.1   -0.382694863899804
      1293               3399.2   -0.382455079330772
      1294               3399.3   -0.382314762705677
      1295               3399.4   -0.382301613434323
      1296               3399.5   -0.382486517857505
      1297               3399.6   -0.382914437950372
      1298               3399.7   -0.383506721870896
      1299               3399.8   -0.384045637273743
      1300               3399.9   -0.384297244542188
      1301                 3400   -0.384204822249413
      1302               3400.1   -0.383979546811672
      1303               3400.2   -0.383950166917915
      1304               3400.3   -0.384248490289535
      1305               3400.4   -0.384615837476676
      1306               3400.5   -0.384551018242165
      1307               3400.6   -0.383696545375399
      1308               3400.7   -0.382118609448614
      1309               3400.8   -0.380247749084176
      1310               3400.9   -0.378579183681626
      1311                 3401   -0.377417612074692
      1312               3401.1   -0.376828469929927
      1313               3401.2   -0.376729483114884
      1314               3401.3   -0.376990293845243
      1315               3401.4    -0.37749685002792
      1316               3401.5   -0.378191191816817
      1317               3401.6   -0.379069200274017
      1318               3401.7   -0.380123884585533
      1319               3401.8   -0.381283691476081
      1320               3401.9    -0.38241066656803
      1321                 3402   -0.383363735694284
      1322               3402.1   -0.384078122495291
      1323               3402.2   -0.384602868661975
      1324               3402.3   -0.385057580305058
      1325               3402.4   -0.385524793920918
      1326               3402.5   -0.385970042909738
      1327               3402.6   -0.386282071067278
      1328               3402.7   -0.386408097505389
      1329               3402.8   -0.386445587315249
      1330               3402.9   -0.386580119967368
      1331                 3403   -0.386899566987464
      1332               3403.1   -0.387235085482526
      1333               3403.2    -0.38719104558499
      1334               3403.3   -0.386405855205509
      1335               3403.4   -0.384882135698561
      1336               3403.5   -0.383104638595348
      1337               3403.6   -0.381797587603918
      1338               3403.7   -0.381485006819476
      1339               3403.8   -0.382196480955868
      1340               3403.9    -0.38351694751122
      1341                 3404   -0.384881970646667
      1342               3404.1   -0.385871824863758
      1343               3404.2   -0.386338504410339
      1344               3404.3    -0.38635726035268
      1345               3404.4   -0.386087858574935
      1346               3404.5   -0.385644367917057
      1347               3404.6   -0.385043404921928
      1348               3404.7   -0.384252836255456
      1349               3404.8   -0.383301168302276
      1350               3404.9   -0.382349479262849
      1351                 3405   -0.381631688337859
      1352               3405.1   -0.381279059388839
      1353               3405.2   -0.381181323892715
      1354               3405.3   -0.381040412387062
      1355               3405.4   -0.380604067792294
      1356               3405.5   -0.379882685030641
      1357               3405.6   -0.379147875690904
      1358               3405.7   -0.378711179591166
      1359               3405.8   -0.378694101764171
      1360               3405.9   -0.378994953169184
      1361                 3406   -0.379436289692192
      1362               3406.1    -0.37990151596671
      1363               3406.2   -0.380334958467502
      1364               3406.3   -0.380665833652601
      1365               3406.4   -0.380781707840207
      1366               3406.5     -0.3805826331643
      1367               3406.6    -0.38004852431529
      1368               3406.7   -0.379257225077659
      1369               3406.8   -0.378357582583082
      1370               3406.9   -0.377536940611347
      1371                 3407   -0.376992948486422
      1372               3407.1   -0.376879898643871
      1373               3407.2   -0.377222866661648
      1374               3407.3   -0.377863450631259
      1375               3407.4   -0.378515544353962
      1376               3407.5   -0.378921667935172
      1377               3407.6   -0.379003201379467
      1378               3407.7   -0.378901751757198
      1379               3407.8    -0.37889621967654
      1380               3407.9   -0.379253124415199
      1381                 3408   -0.380085091187361
      1382               3408.1   -0.381281285954338
      1383               3408.2   -0.382546073056314
      1384               3408.3   -0.383524631027819
      1385               3408.4    -0.38393457701531
      1386               3408.5     -0.3836298334544
      1387               3408.6   -0.382603897063045
      1388               3408.7   -0.380994501715761
      1389               3408.8   -0.379102309166925
      1390               3408.9   -0.377357759934819
      1391                 3409   -0.376192345739112
      1392               3409.1     -0.3758751784745
      1393               3409.2   -0.376419050910895
      1394               3409.3   -0.377591060847727
      1395               3409.4   -0.378987578588235
      1396               3409.5   -0.380141080009077
      1397               3409.6   -0.380661144401619
      1398               3409.7   -0.380379778240038
      1399               3409.8   -0.379410622027101
      1400               3409.9   -0.378067399660422
      1401                 3410   -0.376711180239943
      1402               3410.1   -0.375641377937441
      1403               3410.2   -0.375049141532539
      1404               3410.3   -0.374976527064329
      1405               3410.4   -0.375289114658277
      1406               3410.5   -0.375737468993096
      1407               3410.6   -0.376102534629455
      1408               3410.7   -0.376304280773262
      1409               3410.8   -0.376391676159533
      1410               3410.9   -0.376465182002825
      1411                 3411   -0.376613559234603
      1412               3411.1   -0.376876186326554
      1413               3411.2   -0.377223134968805
      1414               3411.3   -0.377582298780529
      1415               3411.4   -0.377913511298399
      1416               3411.5   -0.378253465512919
      1417               3411.6   -0.378672751757696
      1418               3411.7   -0.379192406110033
      1419               3411.8   -0.379748252098607
      1420               3411.9   -0.380221610006835
      1421                 3412   -0.380490560357189
      1422               3412.1   -0.380468673952105
      1423               3412.2   -0.380132107099522
      1424               3412.3   -0.379537126093949
      1425               3412.4   -0.378818585664366
      1426               3412.5   -0.378162183342463
      1427               3412.6   -0.377754251810287
      1428               3412.7   -0.377726665877321
      1429               3412.8   -0.378124120372437
      1430               3412.9   -0.378906184711903
      1431                 3413   -0.379964282719705
      1432               3413.1   -0.381130391195747
      1433               3413.2   -0.382191184477725
      1434               3413.3   -0.382941810015753
      1435               3413.4   -0.383273894481458
      1436               3413.5   -0.383233404360144
      1437               3413.6   -0.382986337554609
      1438               3413.7   -0.382709903499912
      1439               3413.8   -0.382496768021788
      1440               3413.9   -0.382334267012476
      1441                 3414   -0.382143255119566
      1442               3414.1   -0.381838332443022
      1443               3414.2    -0.38139263265437
      1444               3414.3   -0.380872922416322
      1445               3414.4   -0.380391390763601
      1446               3414.5   -0.379997367639293
      1447               3414.6     -0.3796318896142
      1448               3414.7   -0.379215998212395
      1449               3414.8   -0.378772536678535
      1450               3414.9   -0.378425333520271
      1451                 3415   -0.378266014024153
      1452               3415.1    -0.37823581602686
      1453               3415.2   -0.378146163832158
      1454               3415.3   -0.377809517307875
      1455               3415.4    -0.37715794268165
      1456               3415.5   -0.376271541671291
      1457               3415.6   -0.375338357254492
      1458               3415.7   -0.374601597288896
      1459               3415.8   -0.374301243332858
      1460               3415.9   -0.374580131785251
      1461                 3416   -0.375374160629807
      1462               3416.1   -0.376380241675159
      1463               3416.2   -0.377171950908251
      1464               3416.3   -0.377408760615574
      1465               3416.4   -0.376994846698466
      1466               3416.5   -0.376088398938394
      1467               3416.6   -0.374986938272106
      1468               3416.7   -0.373985280933866
      1469               3416.8   -0.373273660446471
      1470               3416.9   -0.372890383486021
      1471                 3417   -0.372735380752147
      1472               3417.1   -0.372654477132988
      1473               3417.2   -0.372562960621598
      1474               3417.3   -0.372521682501829
      1475               3417.4   -0.372692226743829
      1476               3417.5   -0.373198209534086
      1477               3417.6   -0.374014457416276
      1478               3417.7   -0.374978191875137
      1479               3417.8   -0.375884104191201
      1480               3417.9   -0.376552462789465
      1481                 3418   -0.376838531213182
      1482               3418.1   -0.376655399593204
      1483               3418.2   -0.376046328424812
      1484               3418.3   -0.375217710585418
      1485               3418.4   -0.374431622426317
      1486               3418.5   -0.373815591647451
      1487               3418.6   -0.373281936756293
      1488               3418.7     -0.3726604667669
      1489               3418.8   -0.371919222339636
      1490               3418.9   -0.371252860657162
      1491                 3419   -0.370958858710795
      1492               3419.1   -0.371215538175965
      1493               3419.2   -0.371932956102445
      1494               3419.3    -0.37277635799882
      1495               3419.4   -0.373352887015001
      1496               3419.5   -0.373443189669644
      1497               3419.6   -0.373104364279745
      1498               3419.7   -0.372570446235692
      1499               3419.8   -0.372069376952913
      1500               3419.9   -0.371719431902623
