     index            Field [G]         Intensity []

         1                 3270   -0.379578533823919
         2               3270.1   -0.379217329584909
         3               3270.2   -0.378854213774687
         4               3270.3   -0.378473362037995
         5               3270.4   -0.378016845141417
         6               3270.5   -0.377416105278665
         7               3270.6    -0.37666604821524
         8               3270.7   -0.375861641485139
         9               3270.8   -0.375137580291574
        10               3270.9   -0.374570360690266
        11                 3271   -0.374143296718652
        12               3271.1    -0.37379446852079
        13               3271.2    -0.37349597844109
        14               3271.3   -0.373308233631811
        15               3271.4   -0.373365938497059
        16               3271.5    -0.37378473549241
        17               3271.6   -0.374555683109802
        18               3271.7    -0.37553457455116
        19               3271.8    -0.37654080409916
        20               3271.9   -0.377451358383546
        21                 3272   -0.378191450476721
        22               3272.1   -0.378670059328102
        23               3272.2   -0.378776902045618
        24               3272.3   -0.378453010360411
        25               3272.4   -0.377735265513772
        26               3272.5   -0.376723694600779
        27               3272.6   -0.375538645403045
        28               3272.7   -0.374329912976674
        29               3272.8   -0.373291032033677
        30               3272.9   -0.372606188171078
        31                 3273   -0.372357984351912
        32               3273.1   -0.372495968756297
        33               3273.2   -0.372904260926809
        34               3273.3   -0.373495817783076
        35               3273.4   -0.374237527756345
        36               3273.5   -0.375094893722831
        37               3273.6   -0.375974625086343
        38               3273.7   -0.376737932870181
        39               3273.8   -0.377273115764279
        40               3273.9   -0.377556329153763
        41                 3274   -0.377652845023827
        42               3274.1    -0.37767423246737
        43               3274.2   -0.377733939071679
        44               3274.3   -0.377914881764624
        45               3274.4   -0.378232843116894
        46               3274.5   -0.378607229484594
        47               3274.6   -0.378896115120584
        48               3274.7   -0.379009609697618
        49               3274.8   -0.378998681765759
        50               3274.9   -0.379001222581948
        51                 3275   -0.379091928849524
        52               3275.1   -0.379226397915335
        53               3275.2    -0.37936178504942
        54               3275.3   -0.379582223215261
        55               3275.4   -0.380010411258334
        56               3275.5   -0.380563583921509
        57               3275.6   -0.380875561278833
        58               3275.7    -0.38057318340903
        59               3275.8   -0.379670828442159
        60               3275.9   -0.378650118628222
        61                 3276   -0.378100362883158
        62               3276.1   -0.378262582649741
        63               3276.2   -0.378904335749683
        64               3276.3   -0.379586061832774
        65               3276.4   -0.380006244865376
        66               3276.5   -0.380117529407673
        67               3276.6   -0.380005345841363
        68               3276.7   -0.379742448540211
        69               3276.8   -0.379369480349804
        70               3276.9   -0.378949724205855
        71                 3277   -0.378573241866283
        72               3277.1   -0.378296429428018
        73               3277.2   -0.378110353671197
        74               3277.3   -0.377984734306955
        75               3277.4   -0.377917962527489
        76               3277.5   -0.377914345523967
        77               3277.6   -0.377920511173894
        78               3277.7   -0.377825154681019
        79               3277.8   -0.377558421038572
        80               3277.9   -0.377200124525464
        81                 3278   -0.376969394199421
        82               3278.1   -0.377071472255885
        83               3278.2   -0.377523981627115
        84               3278.3    -0.37812690227256
        85               3278.4   -0.378623058089438
        86               3278.5   -0.378919379957571
        87               3278.6   -0.379169179646734
        88               3278.7   -0.379628972535127
        89               3278.8   -0.380407630268622
        90               3278.9   -0.381328968723235
        91                 3279   -0.382026531683616
        92               3279.1   -0.382184847564056
        93               3279.2   -0.381735464332977
        94               3279.3   -0.380883201696007
        95               3279.4   -0.379976257959843
        96               3279.5   -0.379320769130245
        97               3279.6   -0.379050177810012
        98               3279.7   -0.379114475642136
        99               3279.8   -0.379370297548208
       100               3279.9   -0.379683604061896
       101                 3280   -0.379976703300706
       102               3280.1   -0.380230018321104
       103               3280.2   -0.380469406457548
       104               3280.3   -0.380728569954595
       105               3280.4    -0.38099002969624
       106               3280.5   -0.381173649005279
       107               3280.6   -0.381214862685198
       108               3280.7   -0.381150587300686
       109               3280.8   -0.381094579103701
       110               3280.9   -0.381113625238401
       111                 3281   -0.381148640431461
       112               3281.1   -0.381084809704472
       113               3281.2   -0.380896575145494
       114               3281.3   -0.380684655831682
       115               3281.4   -0.380538592062494
       116               3281.5   -0.380386973128366
       117               3281.6   -0.380042629703765
       118               3281.7   -0.379421505538165
       119               3281.8   -0.378691734114152
       120               3281.9    -0.37817472764612
       121                 3282   -0.378081089733744
       122               3282.1   -0.378318703731297
       123               3282.2   -0.378533303959149
       124               3282.3   -0.378348266916814
       125               3282.4   -0.377621459518499
       126               3282.5   -0.376530084113292
       127               3282.6   -0.375438723349279
       128               3282.7   -0.374683848532111
       129               3282.8   -0.374448348484914
       130               3282.9   -0.374773325004427
       131                 3283   -0.375620309949509
       132               3283.1   -0.376896840456407
       133               3283.2   -0.378451001195947
       134               3283.3   -0.380089927063055
       135               3283.4   -0.381634713966785
       136               3283.5    -0.38296510547033
       137               3283.6   -0.384013495856047
       138               3283.7   -0.384726557898148
       139               3283.8   -0.385046164273483
       140               3283.9     -0.3849305054071
       141                 3284   -0.384388439141534
       142               3284.1   -0.383497838722168
       143               3284.2   -0.382408339767395
       144               3284.3   -0.381329908916376
       145               3284.4   -0.380487519496995
       146               3284.5   -0.380044274060638
       147               3284.6   -0.380045809072435
       148               3284.7   -0.380421730676574
       149               3284.8   -0.381004413965493
       150               3284.9   -0.381530864879419
       151                 3285   -0.381694494681091
       152               3285.1   -0.381314591920034
       153               3285.2   -0.380512062345452
       154               3285.3    -0.37967191451939
       155               3285.4   -0.379161267523059
       156               3285.5   -0.379051554703023
       157               3285.6   -0.379093644317432
       158               3285.7   -0.378926026868119
       159               3285.8   -0.378307511780479
       160               3285.9    -0.37722660729541
       161                 3286    -0.37588931635529
       162               3286.1   -0.374649809455931
       163               3286.2   -0.373920920531959
       164               3286.3   -0.374053627629338
       165               3286.4   -0.375171751063214
       166               3286.5   -0.377027541764408
       167               3286.6   -0.379026652064363
       168               3286.7   -0.380492885439764
       169               3286.8    -0.38101385818204
       170               3286.9   -0.380597873508915
       171                 3287   -0.379554948116217
       172               3287.1   -0.378277169991783
       173               3287.2   -0.377114412037748
       174               3287.3   -0.376347333922885
       175               3287.4   -0.376150778719639
       176               3287.5    -0.37653575659827
       177               3287.6   -0.377361278786421
       178               3287.7   -0.378439835765722
       179               3287.8   -0.379625104505304
       180               3287.9   -0.380784002556835
       181                 3288   -0.381716889168791
       182               3288.1   -0.382170972044855
       183               3288.2   -0.381968929845936
       184               3288.3   -0.381117451194984
       185               3288.4    -0.37978725316913
       186               3288.5    -0.37821794330972
       187               3288.6   -0.376665254298925
       188               3288.7   -0.375401008083283
       189               3288.8   -0.374672226673878
       190               3288.9   -0.374581254178816
       191                 3289   -0.374984756000117
       192               3289.1   -0.375534355375583
       193               3289.2   -0.375853229458118
       194               3289.3    -0.37571599475275
       195               3289.4     -0.3751174420384
       196               3289.5   -0.374234930457929
       197               3289.6   -0.373356123631254
       198               3289.7   -0.372803187070413
       199               3289.8   -0.372829874343151
       200               3289.9   -0.373494004336051
       201                 3290   -0.374586371877261
       202               3290.1   -0.375713802073341
       203               3290.2    -0.37652443746045
       204               3290.3   -0.376912238256959
       205               3290.4   -0.377021929618123
       206               3290.5   -0.377055865244206
       207               3290.6   -0.377083240862192
       208               3290.7   -0.377038108900026
       209               3290.8   -0.376875976561503
       210               3290.9   -0.376692448000743
       211                 3291   -0.376673810330635
       212               3291.1   -0.376948295886765
       213               3291.2   -0.377501148754103
       214               3291.3   -0.378221939278443
       215               3291.4   -0.379007220309282
       216               3291.5   -0.379807581377381
       217               3291.6   -0.380589043441605
       218               3291.7   -0.381270266446436
       219               3291.8   -0.381723251468422
       220               3291.9   -0.381865383872431
       221                 3292   -0.381760214422447
       222               3292.1   -0.381601938293246
       223               3292.2   -0.381570149956873
       224               3292.3    -0.38168958862018
       225               3292.4   -0.381820919022279
       226               3292.5   -0.381767775620312
       227               3292.6   -0.381402279630414
       228               3292.7   -0.380737075387437
       229               3292.8   -0.379911521586064
       230               3292.9   -0.379095596166991
       231                 3293   -0.378381937718753
       232               3293.1    -0.37775861773224
       233               3293.2   -0.377162224509659
       234               3293.3   -0.376523241878228
       235               3293.4   -0.375773911340791
       236               3293.5    -0.37488849453658
       237               3293.6   -0.373974062247933
       238               3293.7   -0.373291681561064
       239               3293.8    -0.37310890087461
       240               3293.9   -0.373484928217916
       241                 3294   -0.374200533387586
       242               3294.1   -0.374902481706713
       243               3294.2   -0.375317211730079
       244               3294.3   -0.375356792201794
       245               3294.4   -0.375086026983262
       246               3294.5   -0.374639949055202
       247               3294.6    -0.37416945250347
       248               3294.7   -0.373819739443039
       249               3294.8   -0.373707196023807
       250               3294.9   -0.373879351954179
       251                 3295   -0.374291592754909
       252               3295.1   -0.374851208421132
       253               3295.2   -0.375515589130254
       254               3295.3   -0.376347136503933
       255               3295.4      -0.377450440655
       256               3295.5   -0.378845432875513
       257               3295.6   -0.380400978422173
       258               3295.7    -0.38188061324382
       259               3295.8   -0.383049458261888
       260               3295.9   -0.383776273240629
       261                 3296   -0.384095864371525
       262               3296.1   -0.384203993110095
       263               3296.2   -0.384372005818987
       264               3296.3    -0.38482120495192
       265               3296.4   -0.385624160490735
       266               3296.5   -0.386665181784558
       267               3296.6   -0.387661221522764
       268               3296.7   -0.388256546419241
       269               3296.8   -0.388190499136253
       270               3296.9   -0.387454721681072
       271                 3297    -0.38630394644145
       272               3297.1   -0.385081194294597
       273               3297.2   -0.383997165753645
       274               3297.3   -0.383052574406626
       275               3297.4    -0.38213649429855
       276               3297.5   -0.381163910154699
       277               3297.6   -0.380132049175387
       278               3297.7   -0.379111991828731
       279               3297.8   -0.378241333265594
       280               3297.9    -0.37770833378567
       281                 3298    -0.37766898830167
       282               3298.1   -0.378104113167859
       283               3298.2   -0.378722831219253
       284               3298.3    -0.37903190239541
       285               3298.4   -0.378586056927039
       286               3298.5   -0.377283009202544
       287               3298.6   -0.375491806366541
       288               3298.7   -0.373890726976583
       289               3298.8   -0.373097249794353
       290               3298.9   -0.373337618894287
       291                 3299   -0.374381218095703
       292               3299.1    -0.37575699929713
       293               3299.2   -0.377049301069845
       294               3299.3   -0.378043241915541
       295               3299.4   -0.378673208791515
       296               3299.5    -0.37891471008511
       297               3299.6   -0.378760437182781
       298               3299.7   -0.378282412481355
       299               3299.8   -0.377684147049089
       300               3299.9   -0.377264952534032
       301                 3300   -0.377293368387252
       302               3300.1   -0.377856314336627
       303               3300.2   -0.378787020974483
       304               3300.3   -0.379741664125627
       305               3300.4   -0.380389414622735
       306               3300.5    -0.38058785081937
       307               3300.6   -0.380426346348592
       308               3300.7   -0.380121470013765
       309               3300.8   -0.379850994857398
       310               3300.9   -0.379647875936248
       311                 3301   -0.379426583303806
       312               3301.1   -0.379109644523851
       313               3301.2   -0.378735836589446
       314               3301.3   -0.378443877244074
       315               3301.4   -0.378341259449924
       316               3301.5   -0.378387522476868
       317               3301.6   -0.378419872008224
       318               3301.7   -0.378304766907097
       319               3301.8   -0.378054222988404
       320               3301.9   -0.377781516217899
       321                 3302   -0.377567238146334
       322               3302.1    -0.37741445039804
       323               3302.2   -0.377335198271208
       324               3302.3   -0.377413806055037
       325               3302.4   -0.377718304342255
       326               3302.5   -0.378150239078798
       327               3302.6   -0.378430302494871
       328               3302.7   -0.378270103059678
       329               3302.8   -0.377580791602247
       330               3302.9   -0.376552263004549
       331                 3303   -0.375569541149485
       332               3303.1   -0.375036242318787
       333               3303.2   -0.375190296560765
       334               3303.3   -0.375989524512841
       335               3303.4    -0.37713628927414
       336               3303.5   -0.378252788012178
       337               3303.6   -0.379106454495088
       338               3303.7   -0.379716093837423
       339               3303.8   -0.380252541563733
       340               3303.9   -0.380837390472676
       341                 3304   -0.381433265233761
       342               3304.1   -0.381895838713128
       343               3304.2   -0.382082574011598
       344               3304.3   -0.381905807549198
       345               3304.4   -0.381344549558484
       346               3304.5    -0.38048127192556
       347               3304.6   -0.379545636292743
       348               3304.7   -0.378877400769048
       349               3304.8   -0.378783996864758
       350               3304.9   -0.379386426204747
       351                 3305   -0.380568121289779
       352               3305.1   -0.382044156569569
       353               3305.2   -0.383475362674961
       354               3305.3    -0.38455891223218
       355               3305.4   -0.385090505283043
       356               3305.5   -0.385015033875015
       357               3305.6   -0.384447443833277
       358               3305.7   -0.383623640558573
       359               3305.8   -0.382779657627379
       360               3305.9   -0.382023017852097
       361                 3306    -0.38128717591294
       362               3306.1   -0.380414624145207
       363               3306.2   -0.379319263366846
       364               3306.3   -0.378104237047513
       365               3306.4   -0.377035856534354
       366               3306.5   -0.376399110106617
       367               3306.6   -0.376363447517482
       368               3306.7   -0.376946309685953
       369               3306.8   -0.378037903736307
       370               3306.9    -0.37942270008257
       371                 3307   -0.380816990314854
       372               3307.1   -0.381963150485478
       373               3307.2   -0.382722779490935
       374               3307.3   -0.383065662771847
       375               3307.4    -0.38296868271112
       376               3307.5   -0.382365788413915
       377               3307.6   -0.381239257270496
       378               3307.7   -0.379764701536895
       379               3307.8   -0.378332118589892
       380               3307.9   -0.377371704243352
       381                 3308   -0.377106080524337
       382               3308.1   -0.377429781246721
       383               3308.2   -0.378003849054126
       384               3308.3   -0.378470931416922
       385               3308.4   -0.378624599515465
       386               3308.5   -0.378444788229607
       387               3308.6   -0.378029043647292
       388               3308.7   -0.377503526754785
       389               3308.8   -0.376976430716532
       390               3308.9   -0.376536304387822
       391                 3309   -0.376251301204469
       392               3309.1   -0.376142986973285
       393               3309.2   -0.376169445259535
       394               3309.3   -0.376263041544683
       395               3309.4   -0.376399650762201
       396               3309.5   -0.376625605857848
       397               3309.6   -0.377010599421665
       398               3309.7   -0.377569963773349
       399               3309.8   -0.378219470050475
       400               3309.9   -0.378790908776508
       401                 3310   -0.379096033932305
       402               3310.1   -0.379001338485161
       403               3310.2   -0.378473367513252
       404               3310.3   -0.377584072343822
       405               3310.4   -0.376503640716177
       406               3310.5   -0.375497654938447
       407               3310.6   -0.374888426474832
       408               3310.7   -0.374931244218085
       409               3310.8   -0.375649463167949
       410               3310.9   -0.376765110031069
       411                 3311   -0.377814069251011
       412               3311.1    -0.37837851460764
       413               3311.2   -0.378276504123878
       414               3311.3   -0.377601903973871
       415               3311.4   -0.376618775466147
       416               3311.5   -0.375582486232727
       417               3311.6   -0.374587089877618
       418               3311.7   -0.373542358267338
       419               3311.8   -0.372316011205593
       420               3311.9   -0.370932648496424
       421                 3312   -0.369641165073527
       422               3312.1   -0.368773534239292
       423               3312.2   -0.368517368169641
       424               3312.3   -0.368790036411713
       425               3312.4   -0.369288879921413
       426               3312.5   -0.369657504427587
       427               3312.6   -0.369663230482883
       428               3312.7   -0.369294973552694
       429               3312.8   -0.368729563949679
       430               3312.9   -0.368191562332006
       431                 3313   -0.367809303937973
       432               3313.1   -0.367561361913786
       433               3313.2   -0.367314725486943
       434               3313.3   -0.366890308125049
       435               3313.4   -0.366118333326388
       436               3313.5   -0.364896726636685
       437               3313.6   -0.363252883994656
       438               3313.7   -0.361362499331218
       439               3313.8   -0.359489063168718
       440               3313.9    -0.35787750999675
       441                 3314    -0.35667771185571
       442               3314.1   -0.355940602891273
       443               3314.2   -0.355664021422296
       444               3314.3   -0.355826599877517
       445               3314.4   -0.356365066249053
       446               3314.5    -0.35711821416109
       447               3314.6   -0.357818440936756
       448               3314.7   -0.358178129482633
       449               3314.8   -0.358015633149428
       450               3314.9     -0.3573221330161
       451                 3315   -0.356237726337696
       452               3315.1   -0.354981256016349
       453               3315.2   -0.353773902444392
       454               3315.3   -0.352760554079204
       455               3315.4   -0.351946852427323
       456               3315.5    -0.35120624821912
       457               3315.6   -0.350381658528647
       458               3315.7   -0.349410887564019
       459               3315.8   -0.348359314509302
       460               3315.9   -0.347327219563795
       461                 3316   -0.346330549352503
       462               3316.1   -0.345278704701851
       463               3316.2   -0.344061801924817
       464               3316.3   -0.342644130025635
       465               3316.4   -0.341067773649877
       466               3316.5   -0.339380071260585
       467               3316.6   -0.337577442508291
       468               3316.7   -0.335620462264545
       469               3316.8   -0.333484386106676
       470               3316.9   -0.331186576488973
       471                 3317   -0.328786047152882
       472               3317.1   -0.326383547697037
       473               3317.2    -0.32412217083536
       474               3317.3   -0.322157532055954
       475               3317.4   -0.320583368738481
       476               3317.5   -0.319350022451126
       477               3317.6   -0.318253981058764
       478               3317.7   -0.317046675137958
       479               3317.8   -0.315595458335957
       480               3317.9   -0.313944121328287
       481                 3318   -0.312205890969755
       482               3318.1   -0.310408986294845
       483               3318.2   -0.308459856441786
       484               3318.3   -0.306227674474969
       485               3318.4   -0.303619282194407
       486               3318.5    -0.30058493386499
       487               3318.6   -0.297123886315592
       488               3318.7   -0.293329092139222
       489               3318.8    -0.28939108621852
       490               3318.9   -0.285494364889467
       491                 3319    -0.28168449502185
       492               3319.1   -0.277840151347953
       493               3319.2   -0.273761940058019
       494               3319.3   -0.269264546839694
       495               3319.4   -0.264202437929768
       496               3319.5   -0.258492130562859
       497               3319.6   -0.252206155251822
       498               3319.7   -0.245669922110106
       499               3319.8   -0.239395975914474
       500               3319.9   -0.233813624014695
       501                 3320   -0.228985375449489
       502               3320.1   -0.224561358903241
       503               3320.2   -0.220011135012794
       504               3320.3   -0.214920469715789
       505               3320.4   -0.209126719121517
       506               3320.5    -0.20267103555785
       507               3320.6   -0.195704627986532
       508               3320.7   -0.188447189662388
       509               3320.8   -0.181173749065686
       510               3320.9   -0.174169975150512
       511                 3321   -0.167647912347007
       512               3321.1   -0.161662935688321
       513               3321.2   -0.156090565737895
       514               3321.3   -0.150712965431571
       515               3321.4   -0.145392318512192
       516               3321.5   -0.140195931849464
       517               3321.6   -0.135336603896336
       518               3321.7   -0.130966733653319
       519               3321.8   -0.127025452524417
       520               3321.9   -0.123278572723323
       521                 3322   -0.119494657913299
       522               3322.1   -0.115604913976087
       523               3322.2   -0.111757511655975
       524               3322.3   -0.108269058058073
       525               3322.4    -0.10551230435259
       526               3322.5   -0.103783441056181
       527               3322.6   -0.103195042975252
       528               3322.7   -0.103638336015271
       529               3322.8   -0.104839101998909
       530               3322.9   -0.106488214619806
       531                 3323   -0.108378325524964
       532               3323.1   -0.110472011812974
       533               3323.2   -0.112884314577128
       534               3323.3   -0.115825691302308
       535               3323.4   -0.119547036237794
       536               3323.5   -0.124273304963426
       537               3323.6   -0.130101091135466
       538               3323.7   -0.136907195692229
       539               3323.8   -0.144371971196196
       540               3323.9   -0.152147664056908
       541                 3324   -0.160053424183322
       542               3324.1   -0.168137019727625
       543               3324.2   -0.176562852440614
       544               3324.3   -0.185422927607297
       545               3324.4   -0.194598953872172
       546               3324.5   -0.203755915158578
       547               3324.6   -0.212476497586445
       548               3324.7   -0.220465713077379
       549               3324.8   -0.227705179072138
       550               3324.9   -0.234462638264584
       551                 3325    -0.24114065431096
       552               3325.1   -0.248035171493113
       553               3325.2    -0.25514948739652
       554               3325.3   -0.262204814861714
       555               3325.4   -0.268841912405018
       556               3325.5   -0.274834715029763
       557               3325.6    -0.28014422836038
       558               3325.7   -0.284822680894197
       559               3325.8   -0.288906584043683
       560               3325.9   -0.292392959700124
       561                 3326   -0.295287494673047
       562               3326.1   -0.297665707283504
       563               3326.2   -0.299687432260157
       564               3326.3   -0.301530652970871
       565               3326.4    -0.30328211059235
       566               3326.5   -0.304882279594526
       567               3326.6   -0.306172895843402
       568               3326.7   -0.306984189483942
       569               3326.8   -0.307178788160101
       570               3326.9   -0.306653277578716
       571                 3327   -0.305352345543118
       572               3327.1   -0.303317200310412
       573               3327.2   -0.300737608272906
       574               3327.3   -0.297953139304286
       575               3327.4   -0.295357007770129
       576               3327.5   -0.293220774056481
       577               3327.6   -0.291559714782188
       578               3327.7   -0.290167004164666
       579               3327.8   -0.288792656642004
       580               3327.9   -0.287288758922214
       581                 3328   -0.285587112236127
       582               3328.1    -0.28357362339182
       583               3328.2   -0.281038966178452
       584               3328.3   -0.277796138563646
       585               3328.4   -0.273874268927921
       586               3328.5   -0.269606540740921
       587               3328.6   -0.265505564078799
       588               3328.7   -0.261997192218138
       589               3328.8   -0.259212273659338
       590               3328.9   -0.256990527151408
       591                 3329   -0.255064145897737
       592               3329.1   -0.253244879814309
       593               3329.2   -0.251474121790762
       594               3329.3   -0.249747440299649
       595               3329.4   -0.248031394947795
       596               3329.5   -0.246275165555636
       597               3329.6   -0.244515151657673
       598               3329.7   -0.242961432797073
       599               3329.8   -0.241949569891892
       600               3329.9   -0.241775626353947
       601                 3330   -0.242563765201935
       602               3330.1   -0.244269544736741
       603               3330.2   -0.246760947134635
       604               3330.3   -0.249875368510854
       605               3330.4   -0.253463219107196
       606               3330.5   -0.257479382459384
       607               3330.6   -0.262072694211293
       608               3330.7   -0.267555320272667
       609               3330.8   -0.274262367487031
       610               3330.9   -0.282444154665547
       611                 3331    -0.29224789750871
       612               3331.1   -0.303693759108314
       613               3331.2   -0.316605209202883
       614               3331.3   -0.330624530080106
       615               3331.4   -0.345418245457795
       616               3331.5   -0.360944838784084
       617               3331.6   -0.377535987311494
       618               3331.7   -0.395701822313969
       619               3331.8   -0.415816598514064
       620               3331.9   -0.437906458007227
       621                 3332   -0.461625147292559
       622               3332.1   -0.486359227417402
       623               3332.2   -0.511389447774437
       624               3332.3   -0.536083608287984
       625               3332.4   -0.560074876127938
       626               3332.5   -0.583311157395319
       627               3332.6   -0.605907637544108
       628               3332.7   -0.627921533079879
       629               3332.8   -0.649262337844966
       630               3332.9   -0.669778039950529
       631                 3333   -0.689335220497008
       632               3333.1   -0.707773602399689
       633               3333.2   -0.724862484356066
       634               3333.3   -0.740400362060887
       635               3333.4   -0.754339876177444
       636               3333.5   -0.766721808840344
       637               3333.6   -0.777457850788153
       638               3333.7   -0.786238273925654
       639               3333.8   -0.792708651170813
       640               3333.9    -0.79674609279538
       641                 3334   -0.798566919785224
       642               3334.1   -0.798585477160017
       643               3334.2   -0.797172277389452
       644               3334.3   -0.794513947588969
       645               3334.4   -0.790651753960342
       646               3334.5    -0.78561523805095
       647               3334.6   -0.779519029589731
       648               3334.7   -0.772565773335438
       649               3334.8    -0.76498519527736
       650               3334.9   -0.756958884526492
       651                 3335   -0.748560389250482
       652               3335.1   -0.739731347141046
       653               3335.2   -0.730313501125973
       654               3335.3   -0.720137052092264
       655               3335.4    -0.70912955019807
       656               3335.5   -0.697386603976181
       657               3335.6   -0.685157956568879
       658               3335.7   -0.672741761276943
       659               3335.8   -0.660329433908781
       660               3335.9   -0.647890343388193
       661                 3336   -0.635191480723278
       662               3336.1   -0.621967038363108
       663               3336.2   -0.608126532302116
       664               3336.3   -0.593845372021258
       665               3336.4   -0.579480484429133
       666               3336.5   -0.565393073544815
       667               3336.6    -0.55179976426435
       668               3336.7   -0.538712587031424
       669               3336.8   -0.525974852933099
       670               3336.9   -0.513384164081032
       671                 3337   -0.500846433988332
       672               3337.1   -0.488434411002953
       673               3337.2   -0.476262635656153
       674               3337.3   -0.464274205848876
       675               3337.4   -0.452168670211983
       676               3337.5   -0.439585673832631
       677               3337.6   -0.426388111510757
       678               3337.7   -0.412767596346237
       679               3337.8   -0.399071150209629
       680               3337.9   -0.385529819644609
       681                 3338   -0.372155229234644
       682               3338.1   -0.358881926889628
       683               3338.2   -0.345780629715551
       684               3338.3   -0.333103608259326
       685               3338.4   -0.321096351146732
       686               3338.5   -0.309744074472785
       687               3338.6   -0.298697530419846
       688               3338.7   -0.287466106184847
       689               3338.8   -0.275719185665218
       690               3338.9   -0.263441234251615
       691                 3339   -0.250839243306186
       692               3339.1   -0.238131514682718
       693               3339.2   -0.225408047403028
       694               3339.3   -0.212619269824678
       695               3339.4   -0.199617939733192
       696               3339.5   -0.186190517394822
       697               3339.6   -0.172098093890309
       698               3339.7   -0.157161150308205
       699               3339.8   -0.141355131292789
       700               3339.9   -0.124841626255371
       701                 3340   -0.107899207268898
       702               3340.1  -0.0907813195426523
       703               3340.2  -0.0735597310941801
       704               3340.3  -0.0560281706404999
       705               3340.4  -0.0377444536109247
       706               3340.5   -0.018223453875207
       707               3340.6  0.00283679965125326
       708               3340.7   0.0254752661976467
       709               3340.8   0.0496027644770952
       710               3340.9   0.0752237071661279
       711                 3341     0.10253761841091
       712               3341.1    0.131837379652692
       713               3341.2    0.163313097678277
       714               3341.3    0.196933455487516
       715               3341.4    0.232477835186548
       716               3341.5    0.269661723777717
       717               3341.6    0.308244357186861
       718               3341.7    0.348043533427425
       719               3341.8    0.388871573698342
       720               3341.9    0.430477381029985
       721                 3342    0.472556402711539
       722               3342.1    0.514794923180036
       723               3342.2    0.556862460148359
       724               3342.3    0.598310911511131
       725               3342.4    0.638423005425263
       726               3342.5    0.676109555367106
       727               3342.6    0.709957478443744
       728               3342.7    0.738450036858716
       729               3342.8    0.760235756283829
       730               3342.9    0.774246315208255
       731                 3343    0.779579777132862
       732               3343.1     0.77528811262738
       733               3343.2    0.760303115525487
       734               3343.3    0.733606676970782
       735               3343.4    0.694545550669732
       736               3343.5    0.643086591493196
       737               3343.6    0.579846016857006
       738               3343.7    0.505869044100083
       739               3343.8    0.422326027471324
       740               3343.9    0.330380059226377
       741                 3344    0.231322545230642
       742               3344.1    0.126784900194272
       743               3344.2   0.0187508503525876
       744               3344.3  -0.0906725219053304
       745               3344.4   -0.199510550490432
       746               3344.5   -0.306013506546178
       747               3344.6   -0.408619236314586
       748               3344.7   -0.505941168755728
       749               3344.8   -0.596848618988943
       750               3344.9   -0.680565613980491
       751                 3345   -0.756688612920019
       752               3345.1   -0.825106587811931
       753               3345.2   -0.885885551898401
       754               3345.3   -0.939184189721468
       755               3345.4   -0.985222317874342
       756               3345.5    -1.02428349140167
       757               3345.6    -1.05671832298349
       758               3345.7    -1.08292756838085
       759               3345.8    -1.10334179563957
       760               3345.9    -1.11843735988046
       761                 3346    -1.12878213097077
       762               3346.1    -1.13503188862671
       763               3346.2    -1.13782346402861
       764               3346.3    -1.13763792027219
       765               3346.4    -1.13476637492913
       766               3346.5    -1.12940484927671
       767               3346.6    -1.12177297753865
       768               3346.7    -1.11216463851665
       769               3346.8    -1.10094455800498
       770               3346.9    -1.08853566424513
       771                 3347     -1.0753831401218
       772               3347.1    -1.06186537146862
       773               3347.2    -1.04819062961633
       774               3347.3    -1.03436118473031
       775               3347.4    -1.02023248989888
       776               3347.5    -1.00561477554149
       777               3347.6   -0.990345761418211
       778               3347.7   -0.974301689883332
       779               3347.8   -0.957363692876041
       780               3347.9   -0.939393068035794
       781                 3348   -0.920269660754612
       782               3348.1   -0.899993405469613
       783               3348.2   -0.878775290001883
       784               3348.3    -0.85702531412127
       785               3348.4   -0.835211575606473
       786               3348.5   -0.813667918468954
       787               3348.6   -0.792483665995418
       788               3348.7   -0.771556844905757
       789               3348.8   -0.750755565956254
       790               3348.9    -0.73004034244996
       791                 3349    -0.70946341571628
       792               3349.1   -0.689102962382562
       793               3349.2   -0.669025328730896
       794               3349.3    -0.64927390446215
       795               3349.4   -0.629829963435487
       796               3349.5    -0.61056552083537
       797               3349.6   -0.591278765033804
       798               3349.7   -0.571835265661114
       799               3349.8   -0.552302516028624
       800               3349.9   -0.532932765476163
       801                 3350   -0.513975649922548
       802               3350.1   -0.495473300724643
       803               3350.2   -0.477232943112163
       804               3350.3   -0.459016115001907
       805               3350.4   -0.440767713872809
       806               3350.5   -0.422670437756428
       807               3350.6   -0.405001760118343
       808               3350.7   -0.387962605703599
       809               3350.8   -0.371626598106737
       810               3350.9   -0.355998141576457
       811                 3351   -0.341077419598279
       812               3351.1   -0.326873823745463
       813               3351.2   -0.313388486832443
       814               3351.3   -0.300613440622088
       815               3351.4   -0.288567235750543
       816               3351.5   -0.277345598589322
       817               3351.6   -0.267144100616737
       818               3351.7   -0.258219873917563
       819               3351.8   -0.250799513810506
       820               3351.9   -0.244988029420512
       821                 3352   -0.240741462026516
       822               3352.1   -0.237912642800611
       823               3352.2   -0.236318443957604
       824               3352.3   -0.235775253753823
       825               3352.4    -0.23609984917485
       826               3352.5   -0.237113127214034
       827               3352.6   -0.238679800267565
       828               3352.7   -0.240780797461544
       829               3352.8   -0.243572750785406
       830               3352.9   -0.247367903231911
       831                 3353    -0.25250020618664
       832               3353.1   -0.259134533882146
       833               3353.2   -0.267157010904238
       834               3353.3   -0.276249387353038
       835               3353.4   -0.286093593899233
       836               3353.5   -0.296526339605551
       837               3353.6   -0.307515465964394
       838               3353.7   -0.319009407401488
       839               3353.8   -0.330824730220479
       840               3353.9   -0.342677308439358
       841                 3354   -0.354312802055521
       842               3354.1   -0.365607761827146
       843               3354.2   -0.376560388969173
       844               3354.3   -0.387201728202947
       845               3354.4   -0.397519239907214
       846               3354.5   -0.407451552067131
       847               3354.6   -0.416939978969656
       848               3354.7   -0.425982582608646
       849               3354.8   -0.434644756407581
       850               3354.9   -0.443006976525561
       851                 3355   -0.451064694774078
       852               3355.1   -0.458644095941829
       853               3355.2   -0.465425344980892
       854               3355.3   -0.471107199490572
       855               3355.4   -0.475617163082385
       856               3355.5   -0.479197602940833
       857               3355.6   -0.482284484760744
       858               3355.7    -0.48527271397526
       859               3355.8   -0.488347501517516
       860               3355.9   -0.491472699736411
       861                 3356    -0.49447832164875
       862               3356.1    -0.49714224946968
       863               3356.2   -0.499236391896779
       864               3356.3   -0.500585739241217
       865               3356.4   -0.501167659194456
       866               3356.5   -0.501188998327926
       867               3356.6   -0.501040680943891
       868               3356.7   -0.501111701241187
       869               3356.8   -0.501577497177037
       870               3356.9   -0.502321637647245
       871                 3357   -0.503042955405509
       872               3357.1   -0.503437981616625
       873               3357.2   -0.503299744941633
       874               3357.3    -0.50249558438353
       875               3357.4   -0.500935497044801
       876               3357.5    -0.49863283916267
       877               3357.6   -0.495805210750971
       878               3357.7   -0.492873337732017
       879               3357.8   -0.490311263641759
       880               3357.9   -0.488451245242596
       881                 3358   -0.487366796727604
       882               3358.1   -0.486869560931569
       883               3358.2   -0.486605304277189
       884               3358.3   -0.486227823852577
       885               3358.4   -0.485570087064807
       886               3358.5   -0.484674510421453
       887               3358.6   -0.483644881885233
       888               3358.7   -0.482476250159496
       889               3358.8   -0.481042752440562
       890               3358.9   -0.479225120046837
       891                 3359    -0.47700696594006
       892               3359.1   -0.474449899026678
       893               3359.2    -0.47162520030566
       894               3359.3   -0.468608256424562
       895               3359.4   -0.465531915485615
       896               3359.5   -0.462608076471237
       897               3359.6   -0.460056139434762
       898               3359.7   -0.457977323680815
       899               3359.8   -0.456281336161767
       900               3359.9   -0.454739323891881
       901                 3360   -0.453131712145497
       902               3360.1   -0.451380486985416
       903               3360.2   -0.449574869449654
       904               3360.3   -0.447892519521552
       905               3360.4   -0.446497082596177
       906               3360.5    -0.44548967043159
       907               3360.6   -0.444917354704033
       908               3360.7   -0.444779139231633
       909               3360.8   -0.444993689219732
       910               3360.9   -0.445370674027862
       911                 3361   -0.445646628848122
       912               3361.1   -0.445572854558712
       913               3361.2   -0.444979850087834
       914               3361.3   -0.443778830186601
       915               3361.4   -0.441941724744176
       916               3361.5   -0.439515969860771
       917               3361.6   -0.436666011522581
       918               3361.7   -0.433678725838201
       919               3361.8   -0.430893028286796
       920               3361.9   -0.428581167184825
       921                 3362   -0.426843915355815
       922               3362.1   -0.425570196452421
       923               3362.2   -0.424490613622507
       924               3362.3   -0.423320668097776
       925               3362.4    -0.42192104375669
       926               3362.5   -0.420356462702492
       927               3362.6     -0.4187988568004
       928               3362.7   -0.417359129886925
       929               3362.8   -0.415999243605878
       930               3362.9   -0.414600093741863
       931                 3363   -0.413119183454583
       932               3363.1   -0.411692443790815
       933               3363.2   -0.410580329898927
       934               3363.3   -0.409995442231705
       935               3363.4   -0.409959192558745
       936               3363.5   -0.410305711602874
       937               3363.6   -0.410809853853633
       938               3363.7   -0.411318653031934
       939               3363.8   -0.411799572352395
       940               3363.9   -0.412305240706819
       941                 3364    -0.41289500845941
       942               3364.1   -0.413559964658084
       943               3364.2   -0.414203236176802
       944               3364.3   -0.414699215134341
       945               3364.4   -0.414983601392784
       946               3364.5   -0.415088279303373
       947               3364.6   -0.415089490425872
       948               3364.7   -0.415027588179106
       949               3364.8   -0.414881592355529
       950               3364.9   -0.414617805292323
       951                 3365   -0.414248400654309
       952               3365.1   -0.413823292076179
       953               3365.2    -0.41335669834591
       954               3365.3   -0.412773492736228
       955               3365.4   -0.411946323028575
       956               3365.5   -0.410794738695525
       957               3365.6   -0.409351057837128
       958               3365.7   -0.407735720810394
       959               3365.8   -0.406073090368159
       960               3365.9   -0.404425720992508
       961                 3366    -0.40280029299381
       962               3366.1   -0.401211765416522
       963               3366.2   -0.399740385055595
       964               3366.3   -0.398527486834703
       965               3366.4   -0.397716735317855
       966               3366.5   -0.397383077268896
       967               3366.6   -0.397473630512961
       968               3366.7   -0.397777405726472
       969               3366.8   -0.397973283550834
       970               3366.9   -0.397788972602771
       971                 3367   -0.397186326649928
       972               3367.1   -0.396403204168355
       973               3367.2    -0.39578381052957
       974               3367.3   -0.395536622766001
       975               3367.4   -0.395625790144165
       976               3367.5   -0.395854126825125
       977               3367.6   -0.396029234786515
       978               3367.7   -0.396091631600258
       979               3367.8   -0.396154855570278
       980               3367.9   -0.396437953835476
       981                 3368   -0.397106217810698
       982               3368.1   -0.398135506775582
       983               3368.2    -0.39934489131618
       984               3368.3   -0.400582543558136
       985               3368.4   -0.401870060058808
       986               3368.5   -0.403354474074808
       987               3368.6   -0.405125973108681
       988               3368.7    -0.40707199887515
       989               3368.8   -0.408874331839801
       990               3368.9   -0.410149200129054
       991                 3369   -0.410666462113252
       992               3369.1   -0.410532372571536
       993               3369.2   -0.410193834642451
       994               3369.3   -0.410202930932859
       995               3369.4   -0.410867912284895
       996               3369.5   -0.412053830730555
       997               3369.6   -0.413311393598174
       998               3369.7   -0.414235388825977
       999               3369.8   -0.414742708811879
      1000               3369.9   -0.415045305230152
      1001                 3370   -0.415397556156129
      1002               3370.1   -0.415897921436837
      1003               3370.2     -0.4165174982324
      1004               3370.3   -0.417255238529557
      1005               3370.4   -0.418196025693666
      1006               3370.5   -0.419399911425922
      1007               3370.6   -0.420780528113697
      1008               3370.7   -0.422156363930476
      1009               3370.8   -0.423450711010697
      1010               3370.9   -0.424826834808044
      1011                 3371   -0.426599293650457
      1012               3371.1   -0.428995548665838
      1013               3371.2   -0.431991792592165
      1014               3371.3   -0.435359240513084
      1015               3371.4   -0.438839724861993
      1016               3371.5   -0.442257035447041
      1017               3371.6   -0.445475668516619
      1018               3371.7   -0.448314209236275
      1019               3371.8    -0.45057227708992
      1020               3371.9   -0.452170003371601
      1021                 3372   -0.453228269905794
      1022               3372.1   -0.453966593528345
      1023               3372.2   -0.454517645488682
      1024               3372.3    -0.45487145207916
      1025               3372.4   -0.455009005050075
      1026               3372.5   -0.455047646823483
      1027               3372.6   -0.455207614894475
      1028               3372.7   -0.455645037651934
      1029               3372.8   -0.456366053699425
      1030               3372.9    -0.45731168628747
      1031                 3373   -0.458471419528678
      1032               3373.1   -0.459870448895992
      1033               3373.2   -0.461470288823067
      1034               3373.3   -0.463131329466705
      1035               3373.4   -0.464685416255406
      1036               3373.5    -0.46603346705924
      1037               3373.6   -0.467181820859118
      1038               3373.7   -0.468208037809687
      1039               3373.8   -0.469187770519122
      1040               3373.9   -0.470119879795545
      1041                 3374   -0.470901737643688
      1042               3374.1    -0.47139592010048
      1043               3374.2   -0.471549493173556
      1044               3374.3   -0.471454039352682
      1045               3374.4   -0.471284084329923
      1046               3374.5   -0.471181837880106
      1047               3374.6   -0.471197697370019
      1048               3374.7   -0.471302484465908
      1049               3374.8     -0.4714051241453
      1050               3374.9   -0.471344608497336
      1051                 3375   -0.470897387832807
      1052               3375.1   -0.469842711257353
      1053               3375.2   -0.468077513442487
      1054               3375.3   -0.465730307066661
      1055               3375.4   -0.463196238746952
      1056               3375.5   -0.461019402166983
      1057               3375.6   -0.459637764591874
      1058               3375.7   -0.459145202340869
      1059               3375.8   -0.459253934035448
      1060               3375.9   -0.459480463670993
      1061                 3376   -0.459390211428914
      1062               3376.1   -0.458735771774628
      1063               3376.2   -0.457481961587164
      1064               3376.3   -0.455798512793221
      1065               3376.4   -0.454026201852589
      1066               3376.5   -0.452547080725093
      1067               3376.6   -0.451568286615931
      1068               3376.7   -0.450972683233265
      1069               3376.8   -0.450388427573538
      1070               3376.9   -0.449442253694956
      1071                 3377    -0.44798799171458
      1072               3377.1   -0.446142174774613
      1073               3377.2   -0.444155721674336
      1074               3377.3   -0.442270632928146
      1075               3377.4   -0.440655540708358
      1076               3377.5   -0.439409833421021
      1077               3377.6   -0.438588048468825
      1078               3377.7    -0.43819798399071
      1079               3377.8   -0.438145206603774
      1080               3377.9   -0.438170701104024
      1081                 3378    -0.43789679249473
      1082               3378.1   -0.437018006961985
      1083               3378.2   -0.435489885965374
      1084               3378.3   -0.433525287432697
      1085               3378.4   -0.431400460311151
      1086               3378.5   -0.429272819018653
      1087               3378.6   -0.427171024545403
      1088               3378.7   -0.425104814726372
      1089               3378.8    -0.42313139378869
      1090               3378.9   -0.421319999940789
      1091                 3379   -0.419708234233871
      1092               3379.1   -0.418338734814699
      1093               3379.2   -0.417326283188788
      1094               3379.3   -0.416834759277299
      1095               3379.4   -0.416943917120284
      1096               3379.5   -0.417531310538167
      1097               3379.6   -0.418300055461199
      1098               3379.7   -0.418939051780326
      1099               3379.8   -0.419276932530305
      1100               3379.9   -0.419317020406677
      1101                 3380    -0.41916119389442
      1102               3380.1   -0.418898572827673
      1103               3380.2   -0.418518546440851
      1104               3380.3   -0.417891238301797
      1105               3380.4   -0.416852888486699
      1106               3380.5   -0.415359110912899
      1107               3380.6   -0.413567040369236
      1108               3380.7   -0.411750360669846
      1109               3380.8   -0.410137906438035
      1110               3380.9   -0.408845501677995
      1111                 3381   -0.407920811550415
      1112               3381.1   -0.407370263850912
      1113               3381.2   -0.407109033654633
      1114               3381.3   -0.406937113127808
      1115               3381.4   -0.406634428685565
      1116               3381.5   -0.406103465299897
      1117               3381.6   -0.405414341295831
      1118               3381.7   -0.404721459495203
      1119               3381.8   -0.404155992895171
      1120               3381.9   -0.403787734159957
      1121                 3382   -0.403645014923586
      1122               3382.1   -0.403735623636222
      1123               3382.2   -0.404048221792013
      1124               3382.3   -0.404538814784793
      1125               3382.4   -0.405100294908692
      1126               3382.5   -0.405540980413147
      1127               3382.6   -0.405638024766214
      1128               3382.7   -0.405275188241159
      1129               3382.8   -0.404548836195661
      1130               3382.9   -0.403718051960207
      1131                 3383   -0.403040474488853
      1132               3383.1   -0.402664000845412
      1133               3383.2   -0.402652680151158
      1134               3383.3   -0.403044252214297
      1135               3383.4   -0.403824001188574
      1136               3383.5   -0.404855427374378
      1137               3383.6   -0.405891164464024
      1138               3383.7   -0.406683748658869
      1139               3383.8   -0.407086610518975
      1140               3383.9    -0.40705728790655
      1141                 3384   -0.406599285079261
      1142               3384.1   -0.405736091880248
      1143               3384.2   -0.404546066457883
      1144               3384.3   -0.403201710378276
      1145               3384.4   -0.401950482374827
      1146               3384.5   -0.401031743747624
      1147               3384.6   -0.400573922222034
      1148               3384.7   -0.400528224938804
      1149               3384.8   -0.400683545463915
      1150               3384.9   -0.400772103025069
      1151                 3385   -0.400610526688202
      1152               3385.1   -0.400171963393742
      1153               3385.2    -0.39953012493837
      1154               3385.3   -0.398742358232659
      1155               3385.4    -0.39780230725717
      1156               3385.5   -0.396703012632537
      1157               3385.6   -0.395522459909991
      1158               3385.7    -0.39443790420925
      1159               3385.8   -0.393668913455606
      1160               3385.9   -0.393400216838718
      1161                 3386   -0.393711900490624
      1162               3386.1   -0.394527038764387
      1163               3386.2   -0.395606116160099
      1164               3386.3   -0.396625161356024
      1165               3386.4   -0.397333356134322
      1166               3386.5   -0.397707072772261
      1167               3386.6   -0.397963158561411
      1168               3386.7   -0.398363631751101
      1169               3386.8   -0.398943244169237
      1170               3386.9   -0.399425255180116
      1171                 3387   -0.399448170602771
      1172               3387.1   -0.398903360027721
      1173               3387.2   -0.398045195409702
      1174               3387.3   -0.397270681864566
      1175               3387.4   -0.396814675951795
      1176               3387.5   -0.396661436022766
      1177               3387.6   -0.396688410524807
      1178               3387.7   -0.396804623357107
      1179               3387.8   -0.396926081744434
      1180               3387.9   -0.396898135709128
      1181                 3388   -0.396554862838986
      1182               3388.1   -0.395898931188157
      1183               3388.2   -0.395182219067915
      1184               3388.3   -0.394745370015704
      1185               3388.4   -0.394737586523268
      1186               3388.5   -0.394968879790104
      1187               3388.6   -0.395020205661034
      1188               3388.7   -0.394519679580647
      1189               3388.8   -0.393384252409311
      1190               3388.9   -0.391869580249824
      1191                 3389   -0.390407239727516
      1192               3389.1   -0.389350771530637
      1193               3389.2   -0.388804301022161
      1194               3389.3   -0.388629033192356
      1195               3389.4   -0.388585359965712
      1196               3389.5    -0.38848872181231
      1197               3389.6   -0.388282075970256
      1198               3389.7   -0.388010750475902
      1199               3389.8   -0.387753385984504
      1200               3389.9   -0.387571698655264
      1201                 3390   -0.387497541830267
      1202               3390.1    -0.38753135316196
      1203               3390.2   -0.387632980307457
      1204               3390.3   -0.387721967645093
      1205               3390.4   -0.387702747930563
      1206               3390.5   -0.387496527574763
      1207               3390.6   -0.387066250333803
      1208               3390.7   -0.386453004617346
      1209               3390.8   -0.385816244701587
      1210               3390.9   -0.385408938051147
      1211                 3391   -0.385448964865948
      1212               3391.1   -0.385970337394503
      1213               3391.2   -0.386789928616647
      1214               3391.3   -0.387627375256891
      1215               3391.4    -0.38828155571786
      1216               3391.5   -0.388730625920654
      1217               3391.6   -0.389092076050984
      1218               3391.7   -0.389485356521051
      1219               3391.8   -0.389912675357201
      1220               3391.9   -0.390257644485278
      1221                 3392   -0.390393080589194
      1222               3392.1   -0.390283552929568
      1223               3392.2    -0.38998136883879
      1224               3392.3   -0.389535666966681
      1225               3392.4    -0.38892742718012
      1226               3392.5   -0.388112382183972
      1227               3392.6   -0.387137722761385
      1228               3392.7   -0.386210585313642
      1229               3392.8   -0.385626706095546
      1230               3392.9   -0.385602783902065
      1231                 3393   -0.386158072647884
      1232               3393.1   -0.387136171988241
      1233               3393.2   -0.388313476364775
      1234               3393.3   -0.389485575867032
      1235               3393.4   -0.390497131316156
      1236               3393.5   -0.391251290349156
      1237               3393.6   -0.391717968856645
      1238               3393.7   -0.391924589840271
      1239               3393.8   -0.391925774130571
      1240               3393.9   -0.391769765542818
      1241                 3394   -0.391469579278635
      1242               3394.1   -0.390987778981358
      1243               3394.2   -0.390267111109223
      1244               3394.3   -0.389311753170017
      1245               3394.4   -0.388244089904036
      1246               3394.5   -0.387259593553683
      1247               3394.6   -0.386520156666195
      1248               3394.7   -0.386103188630203
      1249               3394.8   -0.386041508875707
      1250               3394.9   -0.386372504501772
      1251                 3395   -0.387129801319198
      1252               3395.1   -0.388308408046727
      1253               3395.2   -0.389861576042318
      1254               3395.3   -0.391726475209171
      1255               3395.4   -0.393828628297227
      1256               3395.5   -0.396039278944311
      1257               3395.6   -0.398122958214506
      1258               3395.7   -0.399749305360722
      1259               3395.8   -0.400607172532883
      1260               3395.9   -0.400567893279309
      1261                 3396   -0.399782290983326
      1262               3396.1   -0.398627948028603
      1263               3396.2   -0.397526418045962
      1264               3396.3   -0.396745198383575
      1265               3396.4   -0.396314487039872
      1266               3396.5   -0.396101188816169
      1267               3396.6   -0.395956837183291
      1268               3396.7   -0.395812536011018
      1269               3396.8   -0.395671545625175
      1270               3396.9   -0.395546992963823
      1271                 3397   -0.395409726696268
      1272               3397.1   -0.395176960881165
      1273               3397.2   -0.394746471023529
      1274               3397.3   -0.394053276390698
      1275               3397.4    -0.39309537565568
      1276               3397.5   -0.391904955872172
      1277               3397.6   -0.390521384384811
      1278               3397.7   -0.389024644431302
      1279               3397.8   -0.387582880823764
      1280               3397.9   -0.386418549475245
      1281                 3398   -0.385697865606842
      1282               3398.1   -0.385447237441828
      1283               3398.2   -0.385554911427518
      1284               3398.3   -0.385822155728261
      1285               3398.4   -0.386026760680497
      1286               3398.5   -0.386003006535193
      1287               3398.6   -0.385719520289942
      1288               3398.7   -0.385288922389295
      1289               3398.8   -0.384874616892266
      1290               3398.9   -0.384559750343499
      1291                 3399   -0.384297132363269
      1292               3399.1   -0.383994884449826
      1293               3399.2    -0.38366274491342
      1294               3399.3   -0.383469639960235
      1295               3399.4   -0.383622699677718
      1296               3399.5   -0.384143279951702
      1297               3399.6   -0.384753908077432
      1298               3399.7   -0.385036365382234
      1299               3399.8   -0.384760873098845
      1300               3399.9   -0.384075246413996
      1301                 3400   -0.383361662692931
      1302               3400.1   -0.382916766129125
      1303               3400.2   -0.382775942507713
      1304               3400.3   -0.382805737681514
      1305               3400.4   -0.382902565582064
      1306               3400.5   -0.383077367384086
      1307               3400.6    -0.38336750997688
      1308               3400.7   -0.383694959271347
      1309               3400.8   -0.383839731273096
      1310               3400.9   -0.383593552333529
      1311                 3401   -0.382980633150102
      1312               3401.1   -0.382341677563552
      1313               3401.2   -0.382173209720161
      1314               3401.3   -0.382811938848688
      1315               3401.4   -0.384178393690415
      1316               3401.5   -0.385760547889522
      1317               3401.6   -0.386867029903177
      1318               3401.7   -0.387004408110844
      1319               3401.8   -0.386139859442736
      1320               3401.9   -0.384681557844457
      1321                 3402   -0.383213621617291
      1322               3402.1   -0.382191849524547
      1323               3402.2    -0.38179182162044
      1324               3402.3   -0.381945336906634
      1325               3402.4   -0.382474111336833
      1326               3402.5   -0.383215308163612
      1327               3402.6   -0.384079918967674
      1328               3402.7   -0.385034117225178
      1329               3402.8   -0.386041455075886
      1330               3402.9   -0.387031442531787
      1331                 3403   -0.387922357614792
      1332               3403.1   -0.388647992426616
      1333               3403.2    -0.38912806711154
      1334               3403.3   -0.389216387917447
      1335               3403.4   -0.388729757576435
      1336               3403.5   -0.387579496027553
      1337               3403.6   -0.385885204065185
      1338               3403.7   -0.383946880075855
      1339               3403.8   -0.382105737465159
      1340               3403.9   -0.380636004474273
      1341                 3404   -0.379740320521283
      1342               3404.1   -0.379579821864154
      1343               3404.2   -0.380247428221182
      1344               3404.3   -0.381693275631021
      1345               3404.4   -0.383677775404274
      1346               3404.5   -0.385797535181417
      1347               3404.6   -0.387590548720174
      1348               3404.7   -0.388712180566101
      1349               3404.8   -0.389111060583156
      1350               3404.9   -0.389059364828948
      1351                 3405    -0.38896226970546
      1352               3405.1   -0.389076487527097
      1353               3405.2   -0.389366479288447
      1354               3405.3   -0.389588586872197
      1355               3405.4   -0.389490809861518
      1356               3405.5   -0.388963344989296
      1357               3405.6    -0.38806196884132
      1358               3405.7   -0.386923492835708
      1359               3405.8   -0.385650025544589
      1360               3405.9   -0.384260172379339
      1361                 3406   -0.382759591888713
      1362               3406.1   -0.381268732546641
      1363               3406.2   -0.380062675679219
      1364               3406.3   -0.379437709194899
      1365               3406.4   -0.379494651044294
      1366               3406.5   -0.380046155858973
      1367               3406.6   -0.380760503224939
      1368               3406.7   -0.381412410193218
      1369               3406.8   -0.381988590244573
      1370               3406.9   -0.382557378263956
      1371                 3407    -0.38307950877754
      1372               3407.1   -0.383386685960452
      1373               3407.2   -0.383336901326911
      1374               3407.3   -0.382954579281369
      1375               3407.4    -0.38240976550779
      1376               3407.5   -0.381884256580278
      1377               3407.6   -0.381467398357048
      1378               3407.7   -0.381148921235135
      1379               3407.8   -0.380866262599928
      1380               3407.9   -0.380545364980607
      1381                 3408   -0.380124222888432
      1382               3408.1   -0.379573182775957
      1383               3408.2   -0.378903125133536
      1384               3408.3   -0.378144352218807
      1385               3408.4   -0.377315042965059
      1386               3408.5   -0.376422508847224
      1387               3408.6   -0.375505916839337
      1388               3408.7   -0.374676301164452
      1389               3408.8   -0.374103760494552
      1390               3408.9   -0.373945364528792
      1391                 3409   -0.374256590316035
      1392               3409.1   -0.374948568936942
      1393               3409.2   -0.375829914206969
      1394               3409.3   -0.376715094701182
      1395               3409.4    -0.37752733780866
      1396               3409.5   -0.378318020435732
      1397               3409.6   -0.379184502639887
      1398               3409.7   -0.380153831376132
      1399               3409.8   -0.381128472223868
      1400               3409.9   -0.381930071813512
      1401                 3410     -0.3823992563461
      1402               3410.1   -0.382488852909879
      1403               3410.2   -0.382304965983575
      1404               3410.3    -0.38206644162212
      1405               3410.4   -0.381991473563286
      1406               3410.5   -0.382178159957658
      1407               3410.6   -0.382552333906775
      1408               3410.7   -0.382900609596378
      1409               3410.8   -0.382970256706815
      1410               3410.9    -0.38261493183984
      1411                 3411    -0.38192646910506
      1412               3411.1    -0.38124040704151
      1413               3411.2   -0.380959906867306
      1414               3411.3   -0.381310151476438
      1415               3411.4   -0.382226142533309
      1416               3411.5   -0.383456890462319
      1417               3411.6   -0.384757739906456
      1418               3411.7   -0.385976927744099
      1419               3411.8     -0.3869869395497
      1420               3411.9   -0.387591235667222
      1421                 3412   -0.387554955452654
      1422               3412.1   -0.386759225539847
      1423               3412.2   -0.385333069479053
      1424               3412.3   -0.383626777811477
      1425               3412.4   -0.382037846329483
      1426               3412.5   -0.380829841527132
      1427               3412.6    -0.38007137193687
      1428               3412.7   -0.379698737393573
      1429               3412.8   -0.379612140275481
      1430               3412.9   -0.379733016223295
      1431                 3413   -0.380018061258755
      1432               3413.1   -0.380450001419319
      1433               3413.2    -0.38101410377044
      1434               3413.3   -0.381679358621074
      1435               3413.4   -0.382410884548572
      1436               3413.5   -0.383195755067165
      1437               3413.6   -0.384026226245726
      1438               3413.7   -0.384838837794971
      1439               3413.8   -0.385490539351302
      1440               3413.9   -0.385824997043242
      1441                 3414    -0.38576732723535
      1442               3414.1   -0.385349306822921
      1443               3414.2     -0.3846595085972
      1444               3414.3   -0.383798709176042
      1445               3414.4   -0.382888941921507
      1446               3414.5   -0.382091809708663
      1447               3414.6   -0.381566898917104
      1448               3414.7   -0.381380350966305
      1449               3414.8   -0.381458197808108
      1450               3414.9    -0.38165029313779
      1451                 3415   -0.381850446849945
      1452               3415.1   -0.382058745309612
      1453               3415.2   -0.382343321425052
      1454               3415.3   -0.382753029977574
      1455               3415.4   -0.383245657165352
      1456               3415.5   -0.383667278679185
      1457               3415.6   -0.383804240358317
      1458               3415.7   -0.383499615592458
      1459               3415.8   -0.382767531533065
      1460               3415.9   -0.381819012874497
      1461                 3416   -0.380969544593039
      1462               3416.1   -0.380478928598422
      1463               3416.2   -0.380417994843209
      1464               3416.3   -0.380646914311527
      1465               3416.4   -0.380924410498671
      1466               3416.5   -0.381070107288004
      1467               3416.6   -0.381053503605399
      1468               3416.7   -0.380950478850223
      1469               3416.8   -0.380833695369359
      1470               3416.9    -0.38070387801671
      1471                 3417   -0.380492965451914
      1472               3417.1   -0.380105826915188
      1473               3417.2    -0.37948870007005
      1474               3417.3   -0.378722135900152
      1475               3417.4   -0.378069428618483
      1476               3417.5   -0.377884931720272
      1477               3417.6   -0.378395194401371
      1478               3417.7   -0.379499496745687
      1479               3417.8   -0.380746029633723
      1480               3417.9   -0.381531624305253
      1481                 3418    -0.38143258021935
      1482               3418.1   -0.380466106962196
      1483               3418.2   -0.379088693105907
      1484               3418.3   -0.377913827753824
      1485               3418.4   -0.377356050368563
      1486               3418.5   -0.377456821097117
      1487               3418.6   -0.377969937670637
      1488               3418.7    -0.37857613144548
      1489               3418.8   -0.379051155745651
      1490               3418.9   -0.379309845735457
      1491                 3419   -0.379348825946736
      1492               3419.1    -0.37915212987072
      1493               3419.2   -0.378641289906469
      1494               3419.3   -0.377736194415118
      1495               3419.4   -0.376492077867389
      1496               3419.5   -0.375157962960903
      1497               3419.6   -0.374049992647336
      1498               3419.7   -0.373352441077846
      1499               3419.8   -0.373047000192744
      1500               3419.9   -0.372996979593572
