     index            Field [G]         Intensity []

         1                 3270   -0.363136719870277
         2               3270.1   -0.363680447187322
         3               3270.2    -0.36442095364713
         4               3270.3    -0.36536812503387
         5               3270.4   -0.366449875892055
         6               3270.5   -0.367503766180151
         7               3270.6   -0.368334274280257
         8               3270.7   -0.368814581632658
         9               3270.8   -0.368973578833089
        10               3270.9   -0.369008291484552
        11                 3271   -0.369179510557615
        12               3271.1   -0.369622381814002
        13               3271.2   -0.370214479972882
        14               3271.3   -0.370638304526452
        15               3271.4   -0.370602761576647
        16               3271.5   -0.370035410247322
        17               3271.6   -0.369099039392634
        18               3271.7   -0.368054668604421
        19               3271.8   -0.367103508143218
        20               3271.9   -0.366321022220371
        21                 3272   -0.365704910896761
        22               3272.1   -0.365272542643486
        23               3272.2   -0.365111763496248
        24               3272.3   -0.365334987701128
        25               3272.4   -0.365979112786615
        26               3272.5   -0.366943642698898
        27               3272.6   -0.368010207233682
        28               3272.7   -0.368908339947065
        29               3272.8   -0.369393612435194
        30               3272.9   -0.369350842347438
        31                 3273   -0.368899566950124
        32               3273.1    -0.36839352044016
        33               3273.2   -0.368254331713684
        34               3273.3   -0.368762469495823
        35               3273.4    -0.36998860931351
        36               3273.5   -0.371871366927106
        37               3273.6   -0.374279178006501
        38               3273.7   -0.376970891132009
        39               3273.8     -0.3795550006397
        40               3273.9   -0.381567267323775
        41                 3274   -0.382641034662019
        42               3274.1   -0.382649961654877
        43               3274.2   -0.381747334000639
        44               3274.3   -0.380306104397069
        45               3274.4   -0.378794289040458
        46               3274.5   -0.377623164219742
        47               3274.6   -0.377012991675933
        48               3274.7   -0.376923499411273
        49               3274.8   -0.377081934651424
        50               3274.9   -0.377106308347623
        51                 3275   -0.376667842159508
        52               3275.1     -0.3756062992893
        53               3275.2   -0.373956203204336
        54               3275.3   -0.371920368790754
        55               3275.4   -0.369835469129767
        56               3275.5   -0.368112995577397
        57               3275.6   -0.367123356166459
        58               3275.7   -0.367055829697949
        59               3275.8    -0.36783278684372
        60               3275.9    -0.36912604351611
        61                 3276    -0.37047483725528
        62               3276.1   -0.371476186391722
        63               3276.2   -0.371973777743834
        64               3276.3   -0.372122700170404
        65               3276.4   -0.372248353946779
        66               3276.5     -0.3725781970721
        67               3276.6   -0.373065270896039
        68               3276.7   -0.373461937178958
        69               3276.8   -0.373561174541425
        70               3276.9   -0.373357016975931
        71                 3277   -0.372981790571506
        72               3277.1     -0.3725262220128
        73               3277.2    -0.37194742427913
        74               3277.3   -0.371141584273701
        75               3277.4    -0.37008891380479
        76               3277.5   -0.368935700421481
        77               3277.6   -0.367950614806377
        78               3277.7   -0.367386519468215
        79               3277.8   -0.367334213809776
        80               3277.9   -0.367655941355907
        81                 3278   -0.368042992070807
        82               3278.1   -0.368171152511126
        83               3278.2    -0.36786238196103
        84               3278.3    -0.36715298470562
        85               3278.4   -0.366237682070192
        86               3278.5    -0.36534369607934
        87               3278.6   -0.364613290081302
        88               3278.7   -0.364044093228214
        89               3278.8    -0.36350856777929
        90               3278.9   -0.362853160472358
        91                 3279   -0.362032667117108
        92               3279.1   -0.361185374855729
        93               3279.2   -0.360574604566745
        94               3279.3     -0.3604311528818
        95               3279.4    -0.36082273843166
        96               3279.5   -0.361638231199872
        97               3279.6   -0.362653630614884
        98               3279.7   -0.363598252004021
        99               3279.8   -0.364206953826884
       100               3279.9    -0.36430358108739
       101                 3280   -0.363906893921487
       102               3280.1   -0.363252452909507
       103               3280.2   -0.362643592713167
       104               3280.3   -0.362215847745722
       105               3280.4   -0.361840851507946
       106               3280.5   -0.361301310417877
       107               3280.6   -0.360587585408587
       108               3280.7   -0.360003760944711
       109               3280.8   -0.359940382720799
       110               3280.9   -0.360514492168689
       111                 3281   -0.361425706539482
       112               3281.1   -0.362170057281884
       113               3281.2   -0.362418464146354
       114               3281.3   -0.362244188702846
       115               3281.4   -0.362046037305828
       116               3281.5   -0.362253126053128
       117               3281.6   -0.363024194751909
       118               3281.7   -0.364141207154659
       119               3281.8   -0.365163073204591
       120               3281.9   -0.365708646165524
       121                 3282   -0.365647825103669
       122               3282.1   -0.365103870758935
       123               3282.2   -0.364350216418568
       124               3282.3   -0.363701111899215
       125               3282.4   -0.363397184278647
       126               3282.5   -0.363480406437651
       127               3282.6   -0.363746663832256
       128               3282.7   -0.363870352597719
       129               3282.8   -0.363644740230418
       130               3282.9    -0.36314144417163
       131                 3283   -0.362644314124903
       132               3283.1   -0.362420234599072
       133               3283.2    -0.36253541293208
       134               3283.3   -0.362858543065591
       135               3283.4   -0.363192527134758
       136               3283.5   -0.363371301482974
       137               3283.6   -0.363263126523312
       138               3283.7    -0.36278531004109
       139               3283.8   -0.362012798710131
       140               3283.9   -0.361264279983714
       141                 3284   -0.360974740375988
       142               3284.1   -0.361382149909288
       143               3284.2   -0.362313489354424
       144               3284.3   -0.363300389501485
       145               3284.4   -0.363932013267498
       146               3284.5   -0.364133608205592
       147               3284.6   -0.364152661385163
       148               3284.7   -0.364294906753437
       149               3284.8   -0.364634981294059
       150               3284.9   -0.364928457129359
       151                 3285   -0.364797666896482
       152               3285.1   -0.364044463190842
       153               3285.2   -0.362821370736974
       154               3285.3    -0.36150815065177
       155               3285.4   -0.360419154956895
       156               3285.5   -0.359628184561625
       157               3285.6     -0.3590599838373
       158               3285.7   -0.358709770976936
       159               3285.8   -0.358730126660633
       160               3285.9   -0.359290084559828
       161                 3286   -0.360370833992886
       162               3286.1   -0.361732017089944
       163               3286.2   -0.363090450068804
       164               3286.3   -0.364316957359279
       165               3286.4   -0.365448225095267
       166               3286.5   -0.366533656359213
       167               3286.6   -0.367515737865272
       168               3286.7   -0.368271497324895
       169               3286.8   -0.368744731374537
       170               3286.9   -0.369023783476885
       171                 3287   -0.369305658282755
       172               3287.1   -0.369781397976753
       173               3287.2   -0.370506639845252
       174               3287.3   -0.371336193368285
       175               3287.4   -0.371995695163654
       176               3287.5   -0.372266023300591
       177               3287.6   -0.372123194549493
       178               3287.7   -0.371688881712381
       179               3287.8   -0.371046013517869
       180               3287.9   -0.370142795766314
       181                 3288   -0.368921539782571
       182               3288.1   -0.367537432575836
       183               3288.2   -0.366390740232613
       184               3288.3   -0.365871733331918
       185               3288.4   -0.366035006932577
       186               3288.5   -0.366526344226838
       187               3288.6   -0.366853044927548
       188               3288.7   -0.366762056992383
       189               3288.8   -0.366405672517091
       190               3288.9    -0.36618923741524
       191                 3289   -0.366462396114371
       192               3289.1    -0.36729280458892
       193               3289.2   -0.368444508714578
       194               3289.3   -0.369526467214953
       195               3289.4   -0.370194981373547
       196               3289.5   -0.370299331899618
       197               3289.6   -0.369915851246421
       198               3289.7    -0.36927815157732
       199               3289.8   -0.368649817390185
       200               3289.9   -0.368201611002312
       201                 3290   -0.367956103378669
       202               3290.1   -0.367827943372643
       203               3290.2   -0.367714179934342
       204               3290.3   -0.367548643630424
       205               3290.4   -0.367293162728515
       206               3290.5   -0.366924813912866
       207               3290.6   -0.366460944591096
       208               3290.7   -0.365969672157685
       209               3290.8   -0.365511911565469
       210               3290.9   -0.365076333869664
       211                 3291   -0.364606886497404
       212               3291.1   -0.364092492166059
       213               3291.2   -0.363588396861673
       214               3291.3   -0.363143293606674
       215               3291.4   -0.362760988989393
       216               3291.5    -0.36248023334399
       217               3291.6   -0.362467082094769
       218               3291.7   -0.362957868982922
       219               3291.8    -0.36405494899805
       220               3291.9   -0.365560283774892
       221                 3292   -0.367029393137917
       222               3292.1   -0.368042751837995
       223               3292.2   -0.368484814833505
       224               3292.3   -0.368584848912384
       225               3292.4   -0.368681136958518
       226               3292.5   -0.368940360122458
       227               3292.6   -0.369296264101175
       228               3292.7   -0.369618385370059
       229               3292.8   -0.369885812691517
       230               3292.9   -0.370188987439825
       231                 3293    -0.37060844928324
       232               3293.1   -0.371130916391875
       233               3293.2   -0.371675047473028
       234               3293.3   -0.372173927152395
       235               3293.4   -0.372630213700575
       236               3293.5   -0.373096391048138
       237               3293.6   -0.373585985120906
       238               3293.7   -0.373985714032955
       239               3293.8   -0.374065318745371
       240               3293.9   -0.373605860331716
       241                 3294   -0.372548327055063
       242               3294.1   -0.371044197562108
       243               3294.2   -0.369384666532172
       244               3294.3   -0.367872130591304
       245               3294.4   -0.366705754332909
       246               3294.5   -0.365924775042364
       247               3294.6   -0.365426035496073
       248               3294.7   -0.365040918264542
       249               3294.8    -0.36463131384333
       250               3294.9   -0.364161067114896
       251                 3295   -0.363712381431677
       252               3295.1   -0.363441649490408
       253               3295.2   -0.363500196044579
       254               3295.3   -0.363956946018273
       255               3295.4   -0.364751674871924
       256               3295.5   -0.365705630171449
       257               3295.6    -0.36659976045472
       258               3295.7   -0.367270361464208
       259               3295.8   -0.367639750534302
       260               3295.9   -0.367674689565426
       261                 3296   -0.367359652728066
       262               3296.1    -0.36674135395994
       263               3296.2   -0.365986522880577
       264               3296.3   -0.365362195752534
       265               3296.4   -0.365131470048593
       266               3296.5   -0.365440375536847
       267               3296.6    -0.36626847736248
       268               3296.7   -0.367452346792434
       269               3296.8   -0.368742550078271
       270               3296.9   -0.369869722691868
       271                 3297   -0.370630854895805
       272               3297.1   -0.370975955324617
       273               3297.2   -0.371014257365293
       274               3297.3   -0.370910639122728
       275               3297.4   -0.370782547084038
       276               3297.5   -0.370712243542659
       277               3297.6   -0.370809858607891
       278               3297.7   -0.371167320421104
       279               3297.8   -0.371706666127562
       280               3297.9   -0.372125210101894
       281                 3298   -0.372070427179115
       282               3298.1   -0.371403304484713
       283               3298.2    -0.37028028023719
       284               3298.3   -0.368973005395189
       285               3298.4   -0.367632142777727
       286               3298.5   -0.366249935239876
       287               3298.6   -0.364837044784131
       288               3298.7   -0.363586990544323
       289               3298.8   -0.362825239215969
       290               3298.9   -0.362777771625441
       291                 3299    -0.36337309321642
       292               3299.1   -0.364249521565126
       293               3299.2   -0.364961543644762
       294               3299.3   -0.365240299822331
       295               3299.4   -0.365143034619182
       296               3299.5   -0.365000491241458
       297               3299.6   -0.365192066599263
       298               3299.7   -0.365890185763359
       299               3299.8   -0.366942977243866
       300               3299.9   -0.367972011538775
       301                 3300   -0.368611341014601
       302               3300.1   -0.368719071780352
       303               3300.2   -0.368422626196974
       304               3300.3   -0.367990179164676
       305               3300.4   -0.367647600934194
       306               3300.5   -0.367473892996216
       307               3300.6   -0.367413995088715
       308               3300.7   -0.367360819125852
       309               3300.8    -0.36724670475859
       310               3300.9   -0.367102664347363
       311                 3301   -0.367050642260845
       312               3301.1   -0.367221280984228
       313               3301.2   -0.367649771054836
       314               3301.3   -0.368235354028873
       315               3301.4   -0.368807022032323
       316               3301.5   -0.369248040693035
       317               3301.6   -0.369570193932581
       318               3301.7   -0.369857532702678
       319               3301.8    -0.37011772156181
       320               3301.9   -0.370188905289145
       321                 3302   -0.369821941471366
       322               3302.1   -0.368887204267613
       323               3302.2   -0.367512340624168
       324               3302.3   -0.366012309457382
       325               3302.4   -0.364683108312501
       326               3302.5   -0.363666323361804
       327               3302.6   -0.362994614621507
       328               3302.7   -0.362709226185496
       329               3302.8   -0.362868566753613
       330               3302.9   -0.363438524680868
       331                 3303   -0.364241979613919
       332               3303.1   -0.365075683144628
       333               3303.2    -0.36585803647203
       334               3303.3   -0.366606415227622
       335               3303.4    -0.36727524578602
       336               3303.5   -0.367693430763738
       337               3303.6   -0.367714612819284
       338               3303.7   -0.367400328078426
       339               3303.8   -0.366999557646954
       340               3303.9   -0.366741648697737
       341                 3304    -0.36667898486635
       342               3304.1    -0.36672788114581
       343               3304.2   -0.366810675802048
       344               3304.3   -0.366926907885448
       345               3304.4   -0.367124348038824
       346               3304.5   -0.367453223729229
       347               3304.6   -0.367937576693206
       348               3304.7   -0.368539945913637
       349               3304.8   -0.369147215828222
       350               3304.9   -0.369636626091217
       351                 3305   -0.369984259906749
       352               3305.1   -0.370294524367592
       353               3305.2   -0.370704781189554
       354               3305.3   -0.371252927795622
       355               3305.4   -0.371817740014719
       356               3305.5    -0.37217018553215
       357               3305.6   -0.372116500365151
       358               3305.7   -0.371668737591932
       359               3305.8   -0.371112692570404
       360               3305.9    -0.37085445655171
       361                 3306   -0.371114034299747
       362               3306.1   -0.371739170226892
       363               3306.2   -0.372337936694553
       364               3306.3   -0.372594559467526
       365               3306.4   -0.372452584039211
       366               3306.5   -0.372059183259496
       367               3306.6   -0.371644822559452
       368               3306.7   -0.371476239666607
       369               3306.8   -0.371808726204735
       370               3306.9    -0.37275871791765
       371                 3307   -0.374196525519812
       372               3307.1   -0.375791002523821
       373               3307.2    -0.37717167903802
       374               3307.3   -0.378071772135953
       375               3307.4   -0.378384961519563
       376               3307.5   -0.378153788763294
       377               3307.6   -0.377511830206989
       378               3307.7   -0.376600533929243
       379               3307.8   -0.375513383937176
       380               3307.9   -0.374311296346966
       381                 3308   -0.373077089050958
       382               3308.1   -0.371928716189195
       383               3308.2   -0.370969810279589
       384               3308.3   -0.370248609059414
       385               3308.4   -0.369782688254447
       386               3308.5   -0.369599261445954
       387               3308.6   -0.369712523637203
       388               3308.7   -0.370068391556855
       389               3308.8   -0.370553932491318
       390               3308.9   -0.371070735442992
       391                 3309   -0.371566684533496
       392               3309.1   -0.371984446254876
       393               3309.2   -0.372209662323553
       394               3309.3   -0.372092352667764
       395               3309.4   -0.371514379447956
       396               3309.5   -0.370449358582722
       397               3309.6   -0.369003729809443
       398               3309.7   -0.367426744258284
       399               3309.8   -0.366049183576697
       400               3309.9   -0.365147847962041
       401                 3310   -0.364812128685157
       402               3310.1   -0.364910948303299
       403               3310.2   -0.365192934437475
       404               3310.3   -0.365445150344032
       405               3310.4   -0.365571415130175
       406               3310.5   -0.365525642011723
       407               3310.6   -0.365209942595466
       408               3310.7   -0.364501873376697
       409               3310.8   -0.363404304436027
       410               3310.9   -0.362137866091383
       411                 3311   -0.361059889757744
       412               3311.1   -0.360486811217765
       413               3311.2   -0.360558372053853
       414               3311.3   -0.361194443989456
       415               3311.4   -0.362130336261096
       416               3311.5   -0.363020781085876
       417               3311.6   -0.363584197178382
       418               3311.7   -0.363706094413869
       419               3311.8   -0.363430047480104
       420               3311.9   -0.362861143509835
       421                 3312   -0.362082540080389
       422               3312.1   -0.361147815750397
       423               3312.2   -0.360110999763809
       424               3312.3   -0.359024437740309
       425               3312.4   -0.357910129358258
       426               3312.5   -0.356776228324604
       427               3312.6   -0.355694802648857
       428               3312.7   -0.354848127162141
       429               3312.8   -0.354453721287729
       430               3312.9   -0.354609930596327
       431                 3313   -0.355198408820803
       432               3313.1   -0.355923502281073
       433               3313.2   -0.356448976684972
       434               3313.3   -0.356548402508845
       435               3313.4   -0.356207984343854
       436               3313.5    -0.35562679615135
       437               3313.6   -0.355079808996572
       438               3313.7   -0.354712940685251
       439               3313.8   -0.354431082580166
       440               3313.9   -0.353968276428163
       441                 3314   -0.353061665862596
       442               3314.1   -0.351593340127707
       443               3314.2   -0.349643319922706
       444               3314.3   -0.347463261693455
       445               3314.4   -0.345381745236815
       446               3314.5   -0.343671337552475
       447               3314.6   -0.342456218798855
       448               3314.7   -0.341721304282065
       449               3314.8   -0.341385457514916
       450               3314.9   -0.341347880661595
       451                 3315   -0.341482598603774
       452               3315.1   -0.341637396987852
       453               3315.2    -0.34166679437083
       454               3315.3   -0.341450924178855
       455               3315.4   -0.340870262225594
       456               3315.5    -0.33980256389283
       457               3315.6   -0.338209072045601
       458               3315.7   -0.336240564259074
       459               3315.8   -0.334217121265514
       460               3315.9   -0.332463032913044
       461                 3316   -0.331153118649171
       462               3316.1   -0.330304870079139
       463               3316.2   -0.329866557830484
       464               3316.3   -0.329762478800767
       465               3316.4   -0.329861852670305
       466               3316.5   -0.329960702770324
       467               3316.6   -0.329840857553056
       468               3316.7   -0.329363144853595
       469               3316.8    -0.32851676991597
       470               3316.9   -0.327397160595935
       471                 3317   -0.326127496837609
       472               3317.1   -0.324753792539852
       473               3317.2   -0.323175666041421
       474               3317.3   -0.321191990851289
       475               3317.4   -0.318659734581888
       476               3317.5   -0.315634404625755
       477               3317.6   -0.312348294097382
       478               3317.7   -0.309036606885032
       479               3317.8   -0.305779200059069
       480               3317.9   -0.302505959110755
       481                 3318   -0.299133566693054
       482               3318.1   -0.295665533454579
       483               3318.2   -0.292156847946195
       484               3318.3   -0.288625978258382
       485               3318.4   -0.285045918465049
       486               3318.5   -0.281406441869076
       487               3318.6   -0.277730551125335
       488               3318.7   -0.274009881962439
       489               3318.8    -0.27015688628274
       490               3318.9   -0.266051847877032
       491                 3319   -0.261636608886356
       492               3319.1   -0.256960815526276
       493               3319.2    -0.25214810345331
       494               3319.3   -0.247308051587593
       495               3319.4    -0.24244444753086
       496               3319.5   -0.237433231277231
       497               3319.6   -0.232114155038394
       498               3319.7   -0.226426360770812
       499               3319.8   -0.220455585506192
       500               3319.9   -0.214365383505578
       501                 3320    -0.20831500176805
       502               3320.1   -0.202430242830099
       503               3320.2   -0.196781524612896
       504               3320.3   -0.191345896698281
       505               3320.4   -0.186027203233447
       506               3320.5   -0.180760533441121
       507               3320.6   -0.175582415118688
       508               3320.7   -0.170569966155894
       509               3320.8   -0.165740854049954
       510               3320.9   -0.161062655219565
       511                 3321   -0.156546015249975
       512               3321.1   -0.152262228527938
       513               3321.2   -0.148233372863748
       514               3321.3   -0.144326750514397
       515               3321.4   -0.140298387173874
       516               3321.5   -0.135977486723121
       517               3321.6   -0.131443752928224
       518               3321.7   -0.127045720345806
       519               3321.8   -0.123235523548126
       520               3321.9   -0.120343490772085
       521                 3322   -0.118446461447838
       522               3322.1   -0.117381423099254
       523               3322.2   -0.116856243242434
       524               3322.3   -0.116603151564378
       525               3322.4   -0.116538131140589
       526               3322.5   -0.116854162407805
       527               3322.6   -0.117952324720573
       528               3322.7   -0.120201591869975
       529               3322.8   -0.123678773158942
       530               3322.9   -0.128109927264736
       531                 3323   -0.133094219180304
       532               3323.1   -0.138428396342637
       533               3323.2   -0.144228420278684
       534               3323.3   -0.150732015189783
       535               3323.4   -0.157991033599047
       536               3323.5   -0.165762637187898
       537               3323.6     -0.1736665073768
       538               3323.7    -0.18138988044512
       539               3323.8   -0.188734015946882
       540               3323.9   -0.195548209643401
       541                 3324    -0.20173343934896
       542               3324.1   -0.207354925080227
       543               3324.2   -0.212711125732777
       544               3324.3   -0.218235244121732
       545               3324.4   -0.224294043801571
       546               3324.5   -0.231036830976661
       547               3324.6    -0.23835920238878
       548               3324.7   -0.245948394511376
       549               3324.8   -0.253379390696057
       550               3324.9   -0.260249481659569
       551                 3325   -0.266303452223883
       552               3325.1   -0.271486275999148
       553               3325.2   -0.275915522801668
       554               3325.3   -0.279808987538231
       555               3325.4   -0.283386008392193
       556               3325.5   -0.286763555986098
       557               3325.6   -0.289916216621817
       558               3325.7   -0.292750503823298
       559               3325.8   -0.295226250760945
       560               3325.9    -0.29739592633721
       561                 3326   -0.299329387422955
       562               3326.1   -0.301024438523508
       563               3326.2   -0.302409455709131
       564               3326.3   -0.303435770195288
       565               3326.4   -0.304163332198892
       566               3326.5   -0.304746220076876
       567               3326.6   -0.305316486916997
       568               3326.7   -0.305868461109953
       569               3326.8   -0.306256883129805
       570               3326.9    -0.30631485881047
       571                 3327   -0.305982823423874
       572               3327.1   -0.305339872143521
       573               3327.2   -0.304522578895777
       574               3327.3     -0.3035992588004
       575               3327.4   -0.302500413945113
       576               3327.5   -0.301087691715388
       577               3327.6   -0.299336930243362
       578               3327.7   -0.297460945597152
       579               3327.8   -0.295800426825116
       580               3327.9   -0.294543262249287
       581                 3328    -0.29353978500842
       582               3328.1   -0.292392630190387
       583               3328.2   -0.290727580288669
       584               3328.3   -0.288416226452662
       585               3328.4   -0.285608921333358
       586               3328.5   -0.282592265918206
       587               3328.6   -0.279594429969387
       588               3328.7   -0.276688526263722
       589               3328.8   -0.273848968899547
       590               3328.9   -0.271057761810868
       591                 3329   -0.268325043840871
       592               3329.1   -0.265631037635451
       593               3329.2   -0.262904712548616
       594               3329.3   -0.260074413182545
       595               3329.4   -0.257108483630042
       596               3329.5   -0.254006087137797
       597               3329.6   -0.250813128196421
       598               3329.7   -0.247710112265915
       599               3329.8    -0.24507064640479
       600               3329.9   -0.243357752394319
       601                 3330   -0.242893091507785
       602               3330.1   -0.243690640267769
       603               3330.2    -0.24548554919253
       604               3330.3   -0.247902602511389
       605               3330.4   -0.250633609279174
       606               3330.5   -0.253560553757761
       607               3330.6    -0.25680749577477
       608               3330.7   -0.260683771357556
       609               3330.8   -0.265517491544855
       610               3330.9   -0.271488979249804
       611                 3331   -0.278599684950895
       612               3331.1   -0.286783975653813
       613               3331.2   -0.296037399636448
       614               3331.3    -0.30644750198894
       615               3331.4   -0.318131044458451
       616               3331.5   -0.331156607903526
       617               3331.6   -0.345503059347198
       618               3331.7   -0.361045908919391
       619               3331.8   -0.377561260855955
       620               3331.9   -0.394769899069421
       621                 3332    -0.41243100698407
       622               3332.1   -0.430436511923023
       623               3332.2   -0.448837878676762
       624               3332.3   -0.467786228746841
       625               3332.4   -0.487421246233787
       626               3332.5   -0.507762673184901
       627               3332.6   -0.528655037351259
       628               3332.7     -0.5497901683507
       629               3332.8   -0.570776750036061
       630               3332.9   -0.591196638186079
       631                 3333   -0.610632593017377
       632               3333.1   -0.628709298970092
       633               3333.2   -0.645168684442291
       634               3333.3   -0.659933513871398
       635               3333.4   -0.673106087786864
       636               3333.5   -0.684911032844747
       637               3333.6   -0.695625489343986
       638               3333.7   -0.705505449413911
       639               3333.8   -0.714694589807321
       640               3333.9     -0.7231526464274
       641                 3334   -0.730685825619917
       642               3334.1   -0.737095685999325
       643               3334.2   -0.742329299420629
       644               3334.3   -0.746473481114541
       645               3334.4   -0.749567752548027
       646               3334.5    -0.75140432898551
       647               3334.6   -0.751537389284565
       648               3334.7   -0.749547706114241
       649               3334.8   -0.745351130393509
       650               3334.9   -0.739272792066383
       651                 3335   -0.731824544805778
       652               3335.1   -0.723398050407242
       653               3335.2    -0.71413628114381
       654               3335.3    -0.70405226497087
       655               3335.4   -0.693246634360196
       656               3335.5   -0.682020510727606
       657               3335.6   -0.670790579169405
       658               3335.7   -0.659877223454043
       659               3335.8   -0.649333506194413
       660               3335.9   -0.638947079029422
       661                 3336   -0.628406753292824
       662               3336.1   -0.617490134591284
       663               3336.2   -0.606116603107998
       664               3336.3   -0.594247356380651
       665               3336.4   -0.581777531821919
       666               3336.5   -0.568571841781432
       667               3336.6   -0.554620513887107
       668               3336.7   -0.540141282462326
       669               3336.8   -0.525513542220911
       670               3336.9   -0.511116247903322
       671                 3337   -0.497211946887368
       672               3337.1   -0.483919440614485
       673               3337.2    -0.47122423599156
       674               3337.3   -0.459005323824245
       675               3337.4   -0.447104232992017
       676               3337.5   -0.435412570767729
       677               3337.6   -0.423889054079173
       678               3337.7   -0.412474776914891
       679               3337.8   -0.401006307825606
       680               3337.9   -0.389248093357666
       681                 3338   -0.377032284280671
       682               3338.1   -0.364364729795084
       683               3338.2   -0.351384659844404
       684               3338.3    -0.33822120956082
       685               3338.4   -0.324903291641164
       686               3338.5   -0.311419603543868
       687               3338.6   -0.297845055041871
       688               3338.7   -0.284360988000768
       689               3338.8   -0.271126700907289
       690               3338.9   -0.258150609599933
       691                 3339    -0.24530683705635
       692               3339.1   -0.232459008017925
       693               3339.2   -0.219539864677229
       694               3339.3   -0.206517175357798
       695               3339.4   -0.193315292869419
       696               3339.5    -0.17979355412593
       697               3339.6   -0.165807122107238
       698               3339.7   -0.151292430740714
       699               3339.8   -0.136299207038856
       700               3339.9   -0.120936977120084
       701                 3340   -0.105272605119382
       702               3340.1  -0.0892529746100215
       703               3340.2  -0.0727043428274359
       704               3340.3  -0.0553949853977805
       705               3340.4  -0.0370983293850378
       706               3340.5  -0.0176110289386215
       707               3340.6  0.00325089182610462
       708               3340.7   0.0256170818717173
       709               3340.8   0.0494808583794933
       710               3340.9   0.0746522692517839
       711                 3341    0.100838194739325
       712               3341.1    0.127833652497295
       713               3341.2    0.155688234640715
       714               3341.3    0.184712607960505
       715               3341.4    0.215319513545572
       716               3341.5    0.247819389321659
       717               3341.6    0.282290633892481
       718               3341.7    0.318550224749683
       719               3341.8    0.356192132596073
       720               3341.9    0.394675860303853
       721                 3342    0.433445444413705
       722               3342.1    0.472007712008851
       723               3342.2    0.509896208660384
       724               3342.3    0.546543748493116
       725               3342.4    0.581173853405965
       726               3342.5    0.612792971553134
       727               3342.6    0.640267347894977
       728               3342.7    0.662417300815538
       729               3342.8    0.678093226602562
       730               3342.9    0.686245941158672
       731                 3343    0.685997863548481
       732               3343.1    0.676681163412865
       733               3343.2    0.657815558514554
       734               3343.3    0.629055922429808
       735               3343.4    0.590159919568618
       736               3343.5    0.540992576231807
       737               3343.6    0.481584093217838
       738               3343.7    0.412281540654971
       739               3343.8    0.333962550649858
       740               3343.9     0.24813855511428
       741                 3344     0.15678944009438
       742               3344.1   0.0620032573548806
       743               3344.2  -0.0343202602295251
       744               3344.3   -0.130539585996714
       745               3344.4    -0.22519757215282
       746               3344.5   -0.316983113858452
       747               3344.6   -0.404787547301408
       748               3344.7   -0.487772258582961
       749               3344.8    -0.56535850237231
       750               3344.9   -0.637142532645182
       751                 3345   -0.702801150666106
       752               3345.1   -0.762039203863377
       753               3345.2   -0.814598665593988
       754               3345.3   -0.860339886310694
       755               3345.4   -0.899374679538079
       756               3345.5   -0.932154738625084
       757               3345.6   -0.959398695574068
       758               3345.7   -0.981864386765722
       759               3345.8    -1.00012691321404
       760               3345.9    -1.01451766481996
       761                 3346    -1.02522357917309
       762               3346.1    -1.03243042044759
       763               3346.2    -1.03641693325268
       764               3346.3     -1.0375804537568
       765               3346.4    -1.03640352598386
       766               3346.5    -1.03337111098718
       767               3346.6     -1.0288640936438
       768               3346.7     -1.0230798327125
       769               3346.8    -1.01603383053653
       770               3346.9    -1.00766040419415
       771                 3347   -0.997959896220201
       772               3347.1   -0.987087558528047
       773               3347.2   -0.975316932042897
       774               3347.3   -0.962926744516865
       775               3347.4   -0.950130475264699
       776               3347.5    -0.93709476193665
       777               3347.6   -0.923956409071258
       778               3347.7   -0.910738399304077
       779               3347.8    -0.89723042552895
       780               3347.9   -0.883024110670688
       781                 3348   -0.867758954387312
       782               3348.1   -0.851369623042211
       783               3348.2   -0.834086942115215
       784               3348.3   -0.816214279534784
       785               3348.4   -0.797933130473282
       786               3348.5   -0.779303030591988
       787               3348.6   -0.760374072493832
       788               3348.7   -0.741248046830835
       789               3348.8   -0.722041059327894
       790               3348.9   -0.702816618685702
       791                 3349   -0.683566219415551
       792               3349.1   -0.664260856552916
       793               3349.2   -0.644935718747404
       794               3349.3   -0.625727183991194
       795               3349.4   -0.606799388759334
       796               3349.5   -0.588196759708815
       797               3349.6    -0.56976108682071
       798               3349.7   -0.551227414812266
       799               3349.8   -0.532443335729341
       800               3349.9   -0.513511006886532
       801                 3350   -0.494714948900061
       802               3350.1   -0.476318146520203
       803               3350.2    -0.45843110287952
       804               3350.3    -0.44105193840064
       805               3350.4   -0.424189375293989
       806               3350.5    -0.40792578721435
       807               3350.6   -0.392371996405094
       808               3350.7   -0.377574832182872
       809               3350.8   -0.363471997383914
       810               3350.9   -0.349949492949829
       811                 3351   -0.336967966000221
       812               3351.1   -0.324633681741905
       813               3351.2    -0.31310815951216
       814               3351.3   -0.302425789573086
       815               3351.4   -0.292441575272393
       816               3351.5   -0.283020092112851
       817               3351.6   -0.274282240063356
       818               3351.7   -0.266625851099478
       819               3351.8    -0.26048098694756
       820               3351.9   -0.256040589475441
       821                 3352    -0.25319716509374
       822               3352.1   -0.251692987005776
       823               3352.2    -0.25132496009559
       824               3352.3   -0.252036519254316
       825               3352.4   -0.253830527605397
       826               3352.5   -0.256593969316511
       827               3352.6   -0.260029718528901
       828               3352.7   -0.263807842152644
       829               3352.8   -0.267822654334535
       830               3352.9   -0.272313216707878
       831                 3353   -0.277723802857493
       832               3353.1   -0.284417011683696
       833               3353.2   -0.292464729290337
       834               3353.3   -0.301648872189278
       835               3353.4   -0.311627347297533
       836               3353.5   -0.322120740172164
       837               3353.6   -0.332999076547807
       838               3353.7   -0.344237597774108
       839               3353.8   -0.355795685520201
       840               3353.9   -0.367514325288709
       841                 3354   -0.379103200265043
       842               3354.1    -0.39020964864074
       843               3354.2   -0.400497641602713
       844               3354.3   -0.409687647506202
       845               3354.4   -0.417589805161331
       846               3354.5   -0.424183921396629
       847               3354.6   -0.429705132268321
       848               3354.7   -0.434603241483483
       849               3354.8   -0.439323485680767
       850               3354.9   -0.444064590853597
       851                 3355   -0.448743375953471
       852               3355.1   -0.453193593955907
       853               3355.2   -0.457374424789148
       854               3355.3   -0.461376555887173
       855               3355.4    -0.46526603384323
       856               3355.5   -0.468975943215376
       857               3355.6   -0.472359390362824
       858               3355.7   -0.475311224976009
       859               3355.8   -0.477808743223117
       860               3355.9   -0.479856871475037
       861                 3356   -0.481452168233376
       862               3356.1   -0.482628158870356
       863               3356.2   -0.483499789256202
       864               3356.3   -0.484211178316767
       865               3356.4    -0.48482985618509
       866               3356.5   -0.485309812042209
       867               3356.6   -0.485554153278516
       868               3356.7   -0.485490803869144
       869               3356.8   -0.485083364828665
       870               3356.9    -0.48429030180138
       871                 3357    -0.48303967834156
       872               3357.1   -0.481267933402325
       873               3357.2   -0.479010284238558
       874               3357.3   -0.476472170648951
       875               3357.4   -0.474008588158976
       876               3357.5   -0.472005305470699
       877               3357.6    -0.47072760890654
       878               3357.7   -0.470211895078936
       879               3357.8   -0.470244229770178
       880               3357.9   -0.470442588569428
       881                 3358   -0.470414743261238
       882               3358.1   -0.469896870843258
       883               3358.2   -0.468784326486451
       884               3358.3   -0.467086011479052
       885               3358.4   -0.464912331779445
       886               3358.5   -0.462510354238861
       887               3358.6    -0.46023174236241
       888               3358.7   -0.458377255224092
       889               3358.8   -0.457033358259956
       890               3358.9    -0.45604478633073
       891                 3359   -0.455119960657637
       892               3359.1   -0.453963866154824
       893               3359.2   -0.452379583075503
       894               3359.3    -0.45033822303191
       895               3359.4   -0.447989481771471
       896               3359.5   -0.445572673008066
       897               3359.6   -0.443274608992599
       898               3359.7   -0.441153893906047
       899               3359.8   -0.439183298111064
       900               3359.9   -0.437331728088783
       901                 3360   -0.435588456342155
       902               3360.1   -0.433934689242017
       903               3360.2   -0.432336071504881
       904               3360.3   -0.430777408433628
       905               3360.4   -0.429281645774428
       906               3360.5   -0.427874655562042
       907               3360.6   -0.426548067305063
       908               3360.7   -0.425289975933912
       909               3360.8    -0.42415311765271
       910               3360.9     -0.4232550324025
       911                 3361   -0.422683060687038
       912               3361.1   -0.422410498481711
       913               3361.2   -0.422322382631288
       914               3361.3   -0.422304540766618
       915               3361.4   -0.422275096354856
       916               3361.5   -0.422135674417153
       917               3361.6   -0.421740770396299
       918               3361.7   -0.420956492135547
       919               3361.8   -0.419755770201447
       920               3361.9   -0.418254446775456
       921                 3362   -0.416670135457067
       922               3362.1   -0.415253055228008
       923               3362.2   -0.414216018171073
       924               3362.3    -0.41365562387096
       925               3362.4   -0.413486985160371
       926               3362.5   -0.413458473255771
       927               3362.6   -0.413279078442043
       928               3362.7   -0.412788948583552
       929               3362.8   -0.412039904915717
       930               3362.9   -0.411213217542127
       931                 3363   -0.410449429588219
       932               3363.1   -0.409749731723434
       933               3363.2   -0.409027225971973
       934               3363.3   -0.408227642442026
       935               3363.4   -0.407385338038597
       936               3363.5   -0.406574933212705
       937               3363.6   -0.405830208676639
       938               3363.7   -0.405114109120272
       939               3363.8   -0.404356423874444
       940               3363.9   -0.403513562928709
       941                 3364   -0.402597646013108
       942               3364.1   -0.401661288986087
       943               3364.2    -0.40076401206827
       944               3364.3   -0.399947061666356
       945               3364.4   -0.399217391177793
       946               3364.5    -0.39853292534737
       947               3364.6   -0.397800311750607
       948               3364.7    -0.39690554210359
       949               3364.8   -0.395774051309754
       950               3364.9   -0.394428478611355
       951                 3365   -0.393011788498164
       952               3365.1   -0.391760428562204
       953               3365.2   -0.390924531853795
       954               3365.3   -0.390651574081594
       955               3365.4   -0.390891098105486
       956               3365.5   -0.391402489268533
       957               3365.6   -0.391893533853368
       958               3365.7   -0.392199764471668
       959               3365.8    -0.39235168199959
       960               3365.9   -0.392465088508462
       961                 3366   -0.392560037054962
       962               3366.1   -0.392485770658617
       963               3366.2   -0.392027530540109
       964               3366.3   -0.391109124043585
       965               3366.4   -0.389927469001645
       966               3366.5   -0.388903145897118
       967               3366.6   -0.388465802875725
       968               3366.7   -0.388824641693305
       969               3366.8   -0.389880295981632
       970               3366.9   -0.391300167931551
       971                 3367   -0.392662306488545
       972               3367.1   -0.393588391529818
       973               3367.2   -0.393841662131314
       974               3367.3   -0.393361366614482
       975               3367.4   -0.392218023492172
       976               3367.5   -0.390554731679389
       977               3367.6   -0.388595372326021
       978               3367.7   -0.386682064821719
       979               3367.8   -0.385227162321715
       980               3367.9   -0.384567076698171
       981                 3368   -0.384839000488869
       982               3368.1   -0.385971769917597
       983               3368.2   -0.387750431750773
       984               3368.3   -0.389875161493447
       985               3368.4   -0.392009950039402
       986               3368.5   -0.393856829655919
       987               3368.6   -0.395238635928931
       988               3368.7   -0.396131396581503
       989               3368.8   -0.396626049084517
       990               3368.9   -0.396851694768759
       991                 3369   -0.396899985046186
       992               3369.1   -0.396786689491866
       993               3369.2   -0.396485313587194
       994               3369.3   -0.396021553165505
       995               3369.4   -0.395543947398614
       996               3369.5   -0.395283182138795
       997               3369.6   -0.395409357493676
       998               3369.7   -0.395902692519326
       999               3369.8   -0.396564680038255
      1000               3369.9   -0.397188564108127
      1001                 3370   -0.397757542338925
      1002               3370.1   -0.398489149271551
      1003               3370.2    -0.39966994639477
      1004               3370.3   -0.401418057788289
      1005               3370.4   -0.403577105966267
      1006               3370.5   -0.405821886285973
      1007               3370.6   -0.407875342735191
      1008               3370.7   -0.409664357503322
      1009               3370.8   -0.411316713782181
      1010               3370.9   -0.413030039845655
      1011                 3371   -0.414914651863915
      1012               3371.1   -0.416898578696573
      1013               3371.2   -0.418737413578539
      1014               3371.3   -0.420134290955764
      1015               3371.4   -0.420924971792169
      1016               3371.5   -0.421213943724387
      1017               3371.6   -0.421340001341367
      1018               3371.7    -0.42167371266825
      1019               3371.8   -0.422411763672225
      1020               3371.9   -0.423538678107266
      1021                 3372   -0.424939992374333
      1022               3372.1   -0.426498970852261
      1023               3372.2   -0.428089925460424
      1024               3372.3   -0.429560355766647
      1025               3372.4   -0.430793433206872
      1026               3372.5   -0.431782154853666
      1027               3372.6   -0.432606544903644
      1028               3372.7   -0.433348305756274
      1029               3372.8   -0.434058065311914
      1030               3372.9   -0.434792751295208
      1031                 3373   -0.435647121027135
      1032               3373.1   -0.436741580591504
      1033               3373.2   -0.438187077757245
      1034               3373.3    -0.44003824145728
      1035               3373.4   -0.442240997746958
      1036               3373.5    -0.44461693591218
      1037               3373.6   -0.446923453442192
      1038               3373.7   -0.448959683703621
      1039               3373.8   -0.450635465209248
      1040               3373.9   -0.451945089253268
      1041                 3374   -0.452870950162738
      1042               3374.1   -0.453320973871291
      1043               3374.2   -0.453191464022089
      1044               3374.3    -0.45251467468647
      1045               3374.4   -0.451526195289079
      1046               3374.5   -0.450546162185712
      1047               3374.6   -0.449775629622981
      1048               3374.7   -0.449216000612077
      1049               3374.8   -0.448782783324002
      1050               3374.9   -0.448469625535141
      1051                 3375   -0.448380661153855
      1052               3375.1    -0.44861218038991
      1053               3375.2    -0.44912203588459
      1054               3375.3   -0.449716954798444
      1055               3375.4   -0.450161801091276
      1056               3375.5   -0.450317316535594
      1057               3375.6   -0.450211956557029
      1058               3375.7    -0.45000924229865
      1059               3375.8   -0.449892082219979
      1060               3375.9   -0.449934940755094
      1061                 3376   -0.450051428360083
      1062               3376.1    -0.45005320767177
      1063               3376.2   -0.449765560067908
      1064               3376.3   -0.449109887907598
      1065               3376.4    -0.44811476562645
      1066               3376.5    -0.44687818618567
      1067               3376.6   -0.445514379572907
      1068               3376.7   -0.444109488185232
      1069               3376.8   -0.442711746877036
      1070               3376.9     -0.4413633444017
      1071                 3377   -0.440135469146935
      1072               3377.1   -0.439116054699744
      1073               3377.2   -0.438350723234496
      1074               3377.3    -0.43778968666099
      1075               3377.4   -0.437289310640752
      1076               3377.5   -0.436675739881766
      1077               3377.6     -0.4358350650085
      1078               3377.7   -0.434763367439287
      1079               3377.8   -0.433526520058366
      1080               3377.9   -0.432168403015413
      1081                 3378   -0.430680960698691
      1082               3378.1   -0.429089123593308
      1083               3378.2   -0.427555262651632
      1084               3378.3   -0.426360542324206
      1085               3378.4   -0.425741197187465
      1086               3378.5   -0.425704552318563
      1087               3378.6   -0.425975083653655
      1088               3378.7   -0.426121011407333
      1089               3378.8   -0.425772271209245
      1090               3378.9   -0.424768336087018
      1091                 3379    -0.42315038995648
      1092               3379.1    -0.42107555703109
      1093               3379.2   -0.418781576583435
      1094               3379.3   -0.416595898399884
      1095               3379.4   -0.414868184069698
      1096               3379.5   -0.413800864224626
      1097               3379.6   -0.413324974532265
      1098               3379.7   -0.413156081675608
      1099               3379.8   -0.412980521786607
      1100               3379.9   -0.412611769791064
      1101                 3380     -0.4120207976607
      1102               3380.1   -0.411254364654594
      1103               3380.2   -0.410316181449083
      1104               3380.3   -0.409115971635831
      1105               3380.4   -0.407559144681157
      1106               3380.5   -0.405708341055361
      1107               3380.6   -0.403829448122368
      1108               3380.7   -0.402230848284844
      1109               3380.8   -0.401041025127999
      1110               3380.9   -0.400150774320588
      1111                 3381   -0.399361477622392
      1112               3381.1   -0.398560640693245
      1113               3381.2   -0.397754448586797
      1114               3381.3   -0.396986581139376
      1115               3381.4   -0.396287627793309
      1116               3381.5   -0.395694794672082
      1117               3381.6   -0.395247257877073
      1118               3381.7   -0.394917503685334
      1119               3381.8   -0.394581703264099
      1120               3381.9   -0.394110717810573
      1121                 3382   -0.393497366942111
      1122               3382.1   -0.392876405265705
      1123               3382.2   -0.392413959585336
      1124               3382.3   -0.392164645260219
      1125               3382.4   -0.392000675631969
      1126               3382.5   -0.391665799981059
      1127               3382.6   -0.390944786564913
      1128               3382.7   -0.389848963691407
      1129               3382.8    -0.38865743764395
      1130               3382.9   -0.387740715670963
      1131                 3383   -0.387301182915441
      1132               3383.1   -0.387269356340192
      1133               3383.2   -0.387439550570411
      1134               3383.3   -0.387672718881992
      1135               3383.4   -0.387947952968227
      1136               3383.5   -0.388252304240267
      1137               3383.6   -0.388477479138164
      1138               3383.7   -0.388440489658381
      1139               3383.8   -0.387993054519063
      1140               3383.9   -0.387123343921687
      1141                 3384   -0.385975138184633
      1142               3384.1   -0.384751106505263
      1143               3384.2   -0.383557221953359
      1144               3384.3   -0.382340914644348
      1145               3384.4   -0.381013461788424
      1146               3384.5   -0.379633479889377
      1147               3384.6   -0.378431453857188
      1148               3384.7      -0.377631762316
      1149               3384.8    -0.37726601651651
      1150               3384.9   -0.377175347900307
      1151                 3385   -0.377182032930782
      1152               3385.1   -0.377239093271063
      1153               3385.2   -0.377415011281633
      1154               3385.3   -0.377755419803656
      1155               3385.4   -0.378183797638402
      1156               3385.5   -0.378554337329942
      1157               3385.6   -0.378810746810097
      1158               3385.7   -0.379083744584524
      1159               3385.8   -0.379599021142754
      1160               3385.9   -0.380450086696297
      1161                 3386   -0.381445751373393
      1162               3386.1   -0.382200233315569
      1163               3386.2   -0.382417736652002
      1164               3386.3   -0.382135654860412
      1165               3386.4   -0.381709840815374
      1166               3386.5   -0.381541754267063
      1167               3386.6   -0.381773679714891
      1168               3386.7   -0.382206373872393
      1169               3386.8   -0.382490730516349
      1170               3386.9   -0.382407512385223
      1171                 3387   -0.382002218660176
      1172               3387.1    -0.38149878392667
      1173               3387.2   -0.381098658110147
      1174               3387.3   -0.380832191950885
      1175               3387.4   -0.380559055565459
      1176               3387.5   -0.380092651134859
      1177               3387.6   -0.379345610195953
      1178               3387.7   -0.378409513335914
      1179               3387.8    -0.37754175983896
      1180               3387.9   -0.377057547776776
      1181                 3388    -0.37714679291484
      1182               3388.1   -0.377721888724324
      1183               3388.2   -0.378452550096358
      1184               3388.3   -0.379001222118183
      1185               3388.4   -0.379250603235126
      1186               3388.5   -0.379315522417097
      1187               3388.6   -0.379376958612389
      1188               3388.7   -0.379541773883126
      1189               3388.8   -0.379828254705369
      1190               3388.9   -0.380201163926396
      1191                 3389   -0.380574929078961
      1192               3389.1   -0.380819419817256
      1193               3389.2    -0.38082834062723
      1194               3389.3    -0.38060468143859
      1195               3389.4   -0.380254603823908
      1196               3389.5   -0.379878727805153
      1197               3389.6   -0.379482762862428
      1198               3389.7   -0.379003994970465
      1199               3389.8   -0.378396619226433
      1200               3389.9   -0.377655757308884
      1201                 3390   -0.376770109981035
      1202               3390.1   -0.375704693675889
      1203               3390.2   -0.374464346208607
      1204               3390.3   -0.373158598074447
      1205               3390.4   -0.371973711825623
      1206               3390.5   -0.371078048991765
      1207               3390.6    -0.37056938457945
      1208               3390.7   -0.370504609507938
      1209               3390.8   -0.370934479536585
      1210               3390.9   -0.371864142819991
      1211                 3391   -0.373171812438433
      1212               3391.1   -0.374585174761586
      1213               3391.2    -0.37575851557991
      1214               3391.3   -0.376410525599374
      1215               3391.4   -0.376463067651638
      1216               3391.5   -0.376115028776835
      1217               3391.6   -0.375764894692623
      1218               3391.7   -0.375769799914141
      1219               3391.8   -0.376212567246763
      1220               3391.9   -0.376903588820216
      1221                 3392   -0.377614514110151
      1222               3392.1   -0.378281942922118
      1223               3392.2   -0.378980413983915
      1224               3392.3   -0.379756431201047
      1225               3392.4   -0.380545471176425
      1226               3392.5   -0.381238874218358
      1227               3392.6   -0.381782775573484
      1228               3392.7   -0.382190896108873
      1229               3392.8   -0.382476770153489
      1230               3392.9   -0.382596966976701
      1231                 3393   -0.382471843237679
      1232               3393.1   -0.382054038233356
      1233               3393.2   -0.381357090038133
      1234               3393.3   -0.380414374619846
      1235               3393.4   -0.379241430199749
      1236               3393.5   -0.377873928118624
      1237               3393.6   -0.376438860305089
      1238               3393.7    -0.37514822087286
      1239               3393.8   -0.374185175215306
      1240               3393.9   -0.373580648307058
      1241                 3394   -0.373194509841454
      1242               3394.1   -0.372813081971548
      1243               3394.2   -0.372279511217329
      1244               3394.3   -0.371568249429277
      1245               3394.4   -0.370771311284367
      1246               3394.5   -0.370024672379374
      1247               3394.6   -0.369435391792037
      1248               3394.7   -0.369053743672469
      1249               3394.8   -0.368883996557334
      1250               3394.9     -0.3689011398879
      1251                 3395    -0.36906236078531
      1252               3395.1   -0.369320294881031
      1253               3395.2   -0.369627650251792
      1254               3395.3   -0.369914308173746
      1255               3395.4   -0.370055043702052
      1256               3395.5   -0.369884092640955
      1257               3395.6    -0.36928435199224
      1258               3395.7   -0.368293887085481
      1259               3395.8   -0.367128769147926
      1260               3395.9    -0.36608949506453
      1261                 3396   -0.365424530156905
      1262               3396.1   -0.365235726287686
      1263               3396.2   -0.365440609713321
      1264               3396.3   -0.365791279381593
      1265               3396.4    -0.36599060861722
      1266               3396.5   -0.365893207185046
      1267               3396.6   -0.365633284451462
      1268               3396.7   -0.365516644358008
      1269               3396.8   -0.365746228077545
      1270               3396.9   -0.366255348539552
      1271                 3397   -0.366813148847659
      1272               3397.1   -0.367256497214289
      1273               3397.2   -0.367576896346659
      1274               3397.3   -0.367801336127705
      1275               3397.4   -0.367874109200069
      1276               3397.5   -0.367725940253057
      1277               3397.6   -0.367442408710973
      1278               3397.7   -0.367288959229871
      1279               3397.8   -0.367526113415207
      1280               3397.9   -0.368214292415649
      1281                 3398   -0.369208910812301
      1282               3398.1   -0.370307742711967
      1283               3398.2   -0.371367974058323
      1284               3398.3   -0.372312884008414
      1285               3398.4   -0.373101631696312
      1286               3398.5   -0.373731358640765
      1287               3398.6   -0.374236766933694
      1288               3398.7   -0.374631521523941
      1289               3398.8   -0.374830919861753
      1290               3398.9   -0.374664112107312
      1291                 3399   -0.374012097724956
      1292               3399.1   -0.372960440755491
      1293               3399.2   -0.371809731737651
      1294               3399.3   -0.370914538401225
      1295               3399.4   -0.370485291254328
      1296               3399.5   -0.370503221059661
      1297               3399.6   -0.370772856733327
      1298               3399.7   -0.371040591161883
      1299               3399.8   -0.371121183784784
      1300               3399.9   -0.370998568666381
      1301                 3400   -0.370837334995495
      1302               3400.1   -0.370857201494111
      1303               3400.2   -0.371153987388449
      1304               3400.3   -0.371644910406814
      1305               3400.4   -0.372197980885068
      1306               3400.5   -0.372786197442526
      1307               3400.6   -0.373476773377268
      1308               3400.7   -0.374278824753051
      1309               3400.8   -0.375055852102394
      1310               3400.9   -0.375629269435625
      1311                 3401   -0.375964592081318
      1312               3401.1   -0.376231085679403
      1313               3401.2    -0.37666439735944
      1314               3401.3    -0.37736480592276
      1315               3401.4    -0.37821330355402
      1316               3401.5   -0.378963217647086
      1317               3401.6   -0.379413961477191
      1318               3401.7   -0.379522490706277
      1319               3401.8   -0.379372607496536
      1320               3401.9   -0.379041989242122
      1321                 3402   -0.378491012310827
      1322               3402.1     -0.3775770086152
      1323               3402.2   -0.376191067264032
      1324               3402.3   -0.374414053973702
      1325               3402.4   -0.372565620758236
      1326               3402.5   -0.371082304874989
      1327               3402.6   -0.370278844284617
      1328               3402.7   -0.370156201744664
      1329               3402.8   -0.370420996547429
      1330               3402.9   -0.370724589724815
      1331                 3403   -0.370923163377314
      1332               3403.1   -0.371118430961077
      1333               3403.2   -0.371450520225159
      1334               3403.3   -0.371874709551292
      1335               3403.4   -0.372160165795017
      1336               3403.5   -0.372093320473483
      1337               3403.6   -0.371662998357148
      1338               3403.7   -0.371062219328211
      1339               3403.8   -0.370535021015451
      1340               3403.9   -0.370207109669772
      1341                 3404   -0.370022322591926
      1342               3404.1   -0.369822234317386
      1343               3404.2   -0.369501151745534
      1344               3404.3   -0.369111631338489
      1345               3404.4   -0.368845138594287
      1346               3404.5   -0.368915564885653
      1347               3404.6   -0.369429207299855
      1348               3404.7   -0.370321569200189
      1349               3404.8   -0.371409728307553
      1350               3404.9   -0.372530440405292
      1351                 3405   -0.373635568627932
      1352               3405.1   -0.374735583859137
      1353               3405.2   -0.375756843392943
      1354               3405.3   -0.376498032390378
      1355               3405.4   -0.376753605409255
      1356               3405.5   -0.376469121017043
      1357               3405.6    -0.37577457219085
      1358               3405.7   -0.374895950204835
      1359               3405.8   -0.374048467755443
      1360               3405.9   -0.373380724135165
      1361                 3406   -0.372968233323901
      1362               3406.1   -0.372831353061583
      1363               3406.2   -0.372967194613001
      1364               3406.3    -0.37339102697968
      1365               3406.4   -0.374152696504347
      1366               3406.5   -0.375273254121353
      1367               3406.6   -0.376616300422198
      1368               3406.7   -0.377822983139848
      1369               3406.8   -0.378432803030385
      1370               3406.9   -0.378146235540122
      1371                 3407   -0.377037756534061
      1372               3407.1   -0.375550751951321
      1373               3407.2    -0.37425759634227
      1374               3407.3   -0.373528714430647
      1375               3407.4   -0.373332014547536
      1376               3407.5   -0.373309674917814
      1377               3407.6   -0.373071074810128
      1378               3407.7   -0.372466846449261
      1379               3407.8   -0.371639417833275
      1380               3407.9   -0.370848193692364
      1381                 3408   -0.370246772851386
      1382               3408.1   -0.369799643458366
      1383               3408.2   -0.369384981034279
      1384               3408.3   -0.368965459699418
      1385               3408.4   -0.368652571011966
      1386               3408.5   -0.368592481108784
      1387               3408.6   -0.368779446952931
      1388               3408.7   -0.368989193826181
      1389               3408.8   -0.368923283527498
      1390               3408.9   -0.368449334524652
      1391                 3409   -0.367711680410769
      1392               3409.1   -0.367001675033367
      1393               3409.2   -0.366516931563213
      1394               3409.3   -0.366245332830651
      1395               3409.4   -0.366060978762894
      1396               3409.5   -0.365898327806944
      1397               3409.6    -0.36582624580673
      1398               3409.7   -0.365975783313794
      1399               3409.8   -0.366405876550414
      1400               3409.9   -0.367025853815824
      1401                 3410    -0.36764714082997
      1402               3410.1   -0.368128033325995
      1403               3410.2   -0.368474980085813
      1404               3410.3   -0.368800241097341
      1405               3410.4   -0.369196365434525
      1406               3410.5   -0.369666913206251
      1407               3410.6   -0.370148478949288
      1408               3410.7    -0.37054385984105
      1409               3410.8   -0.370724743767128
      1410               3410.9   -0.370553569094125
      1411                 3411    -0.36995493548533
      1412               3411.1   -0.368985595159654
      1413               3411.2   -0.367845583440647
      1414               3411.3   -0.366828731010133
      1415               3411.4   -0.366234645609874
      1416               3411.5   -0.366258918696651
      1417               3411.6   -0.366898150200063
      1418               3411.7   -0.367931844721164
      1419               3411.8   -0.369016382936633
      1420               3411.9   -0.369850763628103
      1421                 3412   -0.370313568420172
      1422               3412.1   -0.370483156524236
      1423               3412.2   -0.370539861448774
      1424               3412.3   -0.370641734547267
      1425               3412.4   -0.370873167698966
      1426               3412.5   -0.371273369065598
      1427               3412.6   -0.371861682806174
      1428               3412.7   -0.372602452458208
      1429               3412.8   -0.373361322177815
      1430               3412.9   -0.373940550649813
      1431                 3413   -0.374181627932103
      1432               3413.1   -0.374031392874126
      1433               3413.2   -0.373520848073822
      1434               3413.3   -0.372719032757892
      1435               3413.4   -0.371726460300583
      1436               3413.5   -0.370680251406577
      1437               3413.6   -0.369717746017244
      1438               3413.7   -0.368923411492499
      1439               3413.8   -0.368330350908733
      1440               3413.9   -0.367980186501772
      1441                 3414   -0.367956747655677
      1442               3414.1   -0.368327911384847
      1443               3414.2   -0.369041733709267
      1444               3414.3   -0.369893354685907
      1445               3414.4   -0.370623817791827
      1446               3414.5   -0.371088158190867
      1447               3414.6   -0.371358373193649
      1448               3414.7   -0.371669487999193
      1449               3414.8   -0.372239732274509
      1450               3414.9   -0.373102503757811
      1451                 3415   -0.374083507685052
      1452               3415.1   -0.374929841557622
      1453               3415.2   -0.375461617169706
      1454               3415.3   -0.375616352012413
      1455               3415.4    -0.37539508357048
      1456               3415.5    -0.37482475095259
      1457               3415.6   -0.373989899030138
      1458               3415.7   -0.373058841809981
      1459               3415.8   -0.372231758902769
      1460               3415.9   -0.371661650730732
      1461                 3416   -0.371440521653362
      1462               3416.1   -0.371634858424703
      1463               3416.2   -0.372275969013652
      1464               3416.3   -0.373291644955242
      1465               3416.4   -0.374474712305953
      1466               3416.5   -0.375549337437646
      1467               3416.6   -0.376276623344293
      1468               3416.7   -0.376516210712798
      1469               3416.8   -0.376246360351262
      1470               3416.9   -0.375590513496711
      1471                 3417     -0.3748332228002
      1472               3417.1   -0.374345315316353
      1473               3417.2   -0.374396067230278
      1474               3417.3   -0.374959112945532
      1475               3417.4   -0.375668209641316
      1476               3417.5   -0.375985641535874
      1477               3417.6   -0.375492668829591
      1478               3417.7   -0.374124667123051
      1479               3417.8   -0.372210426673199
      1480               3417.9   -0.370298811522245
      1481                 3418   -0.368883509884553
      1482               3418.1   -0.368190364483166
      1483               3418.2   -0.368134993581128
      1484               3418.3   -0.368431506407797
      1485               3418.4   -0.368744671679982
      1486               3418.5   -0.368797767994521
      1487               3418.6    -0.36842410072839
      1488               3418.7   -0.367589743278304
      1489               3418.8   -0.366405358820516
      1490               3418.9   -0.365120984848114
      1491                 3419   -0.364073324466696
      1492               3419.1   -0.363557225386824
      1493               3419.2   -0.363661265875308
      1494               3419.3   -0.364191083654025
      1495               3419.4   -0.364776909048811
      1496               3419.5   -0.365104759435266
      1497               3419.6   -0.365082904301801
      1498               3419.7   -0.364820036987816
      1499               3419.8   -0.364485009138969
      1500               3419.9   -0.364197355603818
