     index            Field [G]         Intensity []

         1                 3270   -0.374473983245917
         2               3270.1   -0.374003190586935
         3               3270.2    -0.37334124134349
         4               3270.3   -0.372561284825753
         5               3270.4   -0.371825970187496
         6               3270.5   -0.371333689611814
         7               3270.6    -0.37120191140148
         8               3270.7     -0.3713926746457
         9               3270.8   -0.371771979726618
        10               3270.9    -0.37224222405646
        11                 3271   -0.372795534302864
        12               3271.1   -0.373439100018678
        13               3271.2    -0.37410763155248
        14               3271.3   -0.374681523098206
        15               3271.4   -0.375077603072194
        16               3271.5   -0.375295331696155
        17               3271.6   -0.375381655085793
        18               3271.7   -0.375373760429279
        19               3271.8   -0.375268809908617
        20               3271.9   -0.375023412272843
        21                 3272   -0.374588181235549
        22               3272.1   -0.373984948363786
        23               3272.2   -0.373375158405194
        24               3272.3   -0.373020447989164
        25               3272.4   -0.373112527060853
        26               3272.5   -0.373602695942834
        27               3272.6   -0.374202971349552
        28               3272.7    -0.37457976301136
        29               3272.8    -0.37457486813398
        30               3272.9   -0.374270643192803
        31                 3273   -0.373871219006974
        32               3273.1   -0.373529029107708
        33               3273.2   -0.373264331665318
        34               3273.3   -0.373013396920314
        35               3273.4   -0.372721272625845
        36               3273.5    -0.37238158107874
        37               3273.6    -0.37201114800445
        38               3273.7   -0.371618665084905
        39               3273.8   -0.371210701421757
        40               3273.9   -0.370820624734958
        41                 3274   -0.370522825813893
        42               3274.1   -0.370417068588482
        43               3274.2   -0.370600081038322
        44               3274.3   -0.371149058281217
        45               3274.4   -0.372111454209808
        46               3274.5   -0.373464769914539
        47               3274.6   -0.375044244170275
        48               3274.7   -0.376518739487082
        49               3274.8   -0.377505875956811
        50               3274.9   -0.377793656171545
        51                 3275   -0.377493200335911
        52               3275.1   -0.376966958319873
        53               3275.2   -0.376578862870236
        54               3275.3   -0.376491135836395
        55               3275.4   -0.376674253670665
        56               3275.5   -0.377062582231745
        57               3275.6   -0.377657800198672
        58               3275.7   -0.378489361489621
        59               3275.8   -0.379518691032083
        60               3275.9   -0.380613621229794
        61                 3276   -0.381621156955845
        62               3276.1   -0.382463230381886
        63               3276.2   -0.383164495947603
        64               3276.3   -0.383793509997729
        65               3276.4   -0.384383148818003
        66               3276.5   -0.384901315164549
        67               3276.6   -0.385271580750085
        68               3276.7   -0.385399265477584
        69               3276.8   -0.385191619900672
        70               3276.9   -0.384594768252725
        71                 3277    -0.38364377786684
        72               3277.1   -0.382490957988195
        73               3277.2   -0.381394148364849
        74               3277.3   -0.380662855483087
        75               3277.4   -0.380544613830901
        76               3277.5   -0.381064837222661
        77               3277.6    -0.38193599900498
        78               3277.7   -0.382671747625624
        79               3277.8   -0.382866084824172
        80               3277.9   -0.382405806987603
        81                 3278   -0.381441605988585
        82               3278.1   -0.380198879536306
        83               3278.2   -0.378843204362831
        84               3278.3   -0.377487952812745
        85               3278.4    -0.37625057348586
        86               3278.5   -0.375252651534283
        87               3278.6    -0.37456929765818
        88               3278.7   -0.374191226858647
        89               3278.8   -0.374028966775348
        90               3278.9   -0.373948471820244
        91                 3279   -0.373822473803111
        92               3279.1   -0.373579815140203
        93               3279.2   -0.373225465361633
        94               3279.3   -0.372819354396172
        95               3279.4   -0.372440643754847
        96               3279.5   -0.372172135289672
        97               3279.6   -0.372101809618606
        98               3279.7    -0.37231324033355
        99               3279.8   -0.372857366995469
       100               3279.9   -0.373720945448462
       101                 3280   -0.374805431238725
       102               3280.1   -0.375936355827246
       103               3280.2   -0.376928753975639
       104               3280.3    -0.37768626466112
       105               3280.4   -0.378250145092664
       106               3280.5   -0.378745972282652
       107               3280.6   -0.379278681799598
       108               3280.7   -0.379863466554663
       109               3280.8   -0.380421044137989
       110               3280.9    -0.38081565102399
       111                 3281   -0.380917772005725
       112               3281.1   -0.380674598573058
       113               3281.2   -0.380152555419607
       114               3281.3   -0.379523849217757
       115               3281.4   -0.379008546870653
       116               3281.5   -0.378809069538523
       117               3281.6   -0.379059828673384
       118               3281.7   -0.379781204858557
       119               3281.8   -0.380820557735251
       120               3281.9   -0.381814983110822
       121                 3282   -0.382269927310147
       122               3282.1   -0.381798431174648
       123               3282.2    -0.38039495037293
       124               3282.3   -0.378506698405635
       125               3282.4   -0.376790737669392
       126               3282.5    -0.37572146492696
       127               3282.6   -0.375358443276897
       128               3282.7   -0.375439833707144
       129               3282.8   -0.375671168888888
       130               3282.9   -0.375922628133769
       131                 3283   -0.376180961315615
       132               3283.1   -0.376378993958618
       133               3283.2   -0.376343689246338
       134               3283.3   -0.375936689310744
       135               3283.4   -0.375214912593079
       136               3283.5   -0.374409066139551
       137               3283.6   -0.373731991760837
       138               3283.7   -0.373222095370981
       139               3283.8   -0.372776675863339
       140               3283.9   -0.372313920910681
       141                 3284    -0.37187938067764
       142               3284.1   -0.371604194015544
       143               3284.2     -0.3715924780436
       144               3284.3   -0.371864031371434
       145               3284.4   -0.372380971036866
       146               3284.5   -0.373088669087956
       147               3284.6   -0.373912235840143
       148               3284.7   -0.374727546182247
       149               3284.8   -0.375368538463059
       150               3284.9   -0.375701914327488
       151                 3285   -0.375729399271618
       152               3285.1   -0.375627034228244
       153               3285.2   -0.375657177444938
       154               3285.3   -0.375992432012238
       155               3285.4   -0.376582085612218
       156               3285.5   -0.377170166600615
       157               3285.6   -0.377452469905762
       158               3285.7   -0.377255782981825
       159               3285.8   -0.376621224457975
       160               3285.9   -0.375753393820844
       161                 3286    -0.37488854597946
       162               3286.1   -0.374181003400674
       163               3286.2   -0.373672170671346
       164               3286.3    -0.37331869146451
       165               3286.4   -0.373019047810367
       166               3286.5   -0.372638138017735
       167               3286.6   -0.372078733420067
       168               3286.7   -0.371383801225753
       169               3286.8   -0.370764721678093
       170               3286.9   -0.370492384711051
       171                 3287   -0.370728145120077
       172               3287.1   -0.371434253951982
       173               3287.2   -0.372424243099726
       174               3287.3   -0.373494307175027
       175               3287.4    -0.37452315046282
       176               3287.5   -0.375465885665218
       177               3287.6    -0.37627082850258
       178               3287.7   -0.376833653358624
       179               3287.8   -0.377066442038854
       180               3287.9   -0.377016184267745
       181                 3288   -0.376886490268465
       182               3288.1   -0.376910373211393
       183               3288.2   -0.377187410925254
       184               3288.3   -0.377640277154635
       185               3288.4   -0.378113717208252
       186               3288.5   -0.378488956835769
       187               3288.6   -0.378699233798729
       188               3288.7   -0.378683562790474
       189               3288.8   -0.378390474980149
       190               3288.9     -0.3778362687827
       191                 3289   -0.377112730953846
       192               3289.1    -0.37631542424366
       193               3289.2   -0.375498936682993
       194               3289.3   -0.374715561134645
       195               3289.4    -0.37402855354356
       196               3289.5   -0.373409878720977
       197               3289.6   -0.372650453137621
       198               3289.7    -0.37148065018964
       199               3289.8    -0.36985335184086
       200               3289.9   -0.368097020669095
       201                 3290   -0.366751695708603
       202               3290.1   -0.366229369890586
       203               3290.2   -0.366586968220614
       204               3290.3   -0.367542673001219
       205               3290.4   -0.368654741236377
       206               3290.5   -0.369531343225451
       207               3290.6   -0.369991858216309
       208               3290.7   -0.370121991736971
       209               3290.8   -0.370178447370653
       210               3290.9   -0.370388219154088
       211                 3291   -0.370795699355693
       212               3291.1    -0.37128384270548
       213               3291.2    -0.37172325861636
       214               3291.3   -0.372076657892907
       215               3291.4   -0.372360892751965
       216               3291.5   -0.372553415670365
       217               3291.6   -0.372592761705077
       218               3291.7   -0.372485969408145
       219               3291.8   -0.372380500223284
       220               3291.9   -0.372487357307627
       221                 3292    -0.37291153975937
       222               3292.1   -0.373543269549615
       223               3292.2   -0.374102885180783
       224               3292.3   -0.374312493927747
       225               3292.4   -0.374081737535148
       226               3292.5   -0.373569624306301
       227               3292.6   -0.373056664906987
       228               3292.7   -0.372721252657122
       229               3292.8   -0.372512141699834
       230               3292.9   -0.372215680339226
       231                 3293    -0.37163197039135
       232               3293.1   -0.370706742492781
       233               3293.2   -0.369550101670995
       234               3293.3   -0.368371029791924
       235               3293.4   -0.367386237248787
       236               3293.5   -0.366756243807729
       237               3293.6   -0.366574969773523
       238               3293.7   -0.366878779502662
       239               3293.8   -0.367610547773468
       240               3293.9   -0.368551293902048
       241                 3294   -0.369337329605411
       242               3294.1   -0.369640702765283
       243               3294.2   -0.369402438653473
       244               3294.3   -0.368897792279986
       245               3294.4   -0.368547400898894
       246               3294.5    -0.36863400238021
       247               3294.6   -0.369163286808207
       248               3294.7    -0.36994712634762
       249               3294.8   -0.370789490554848
       250               3294.9   -0.371614902737559
       251                 3295   -0.372470002538321
       252               3295.1   -0.373418475818846
       253               3295.2   -0.374399588979992
       254               3295.3   -0.375158826962529
       255               3295.4   -0.375346079587836
       256               3295.5   -0.374751624066726
       257               3295.6   -0.373494621654422
       258               3295.7   -0.371983381276009
       259               3295.8   -0.370673931947609
       260               3295.9   -0.369847130927166
       261                 3296   -0.369578817530133
       262               3296.1    -0.36985373360835
       263               3296.2   -0.370643110951562
       264               3296.3   -0.371860961340153
       265               3296.4   -0.373287520477425
       266               3296.5   -0.374589094891575
       267               3296.6   -0.375450031444891
       268               3296.7   -0.375716355753746
       269               3296.8   -0.375448890790594
       270               3296.9   -0.374863006727637
       271                 3297   -0.374199353377847
       272               3297.1   -0.373595327789861
       273               3297.2   -0.373028424368937
       274               3297.3   -0.372372730603505
       275               3297.4   -0.371534697925061
       276               3297.5   -0.370558419275039
       277               3297.6   -0.369601221393327
       278               3297.7   -0.368800233065841
       279               3297.8    -0.36816800600316
       280               3297.9   -0.367628952790004
       281                 3298   -0.367156907702192
       282               3298.1   -0.366867820503939
       283               3298.2   -0.366967181963768
       284               3298.3   -0.367590248047997
       285               3298.4   -0.368678779004685
       286               3298.5   -0.370014022283917
       287               3298.6   -0.371369884454976
       288               3298.7   -0.372618753886049
       289               3298.8   -0.373692843554574
       290               3298.9   -0.374499616757116
       291                 3299   -0.374939654998214
       292               3299.1   -0.375014861804664
       293               3299.2   -0.374884095845805
       294               3299.3   -0.374790581109608
       295               3299.4   -0.374928287428156
       296               3299.5   -0.375355142762157
       297               3299.6   -0.375995856035779
       298               3299.7   -0.376701138409094
       299               3299.8   -0.377303250403258
       300               3299.9    -0.37763815230518
       301                 3300   -0.377554693025922
       302               3300.1   -0.376943817746917
       303               3300.2   -0.375788911114981
       304               3300.3   -0.374207704997454
       305               3300.4   -0.372449124238248
       306               3300.5   -0.370820294717076
       307               3300.6   -0.369562777508552
       308               3300.7   -0.368759455981063
       309               3300.8    -0.36835195444631
       310               3300.9   -0.368244617002928
       311                 3301   -0.368377251662935
       312               3301.1    -0.36869752906203
       313               3301.2   -0.369101783748045
       314               3301.3   -0.369453406724264
       315               3301.4    -0.36967314242848
       316               3301.5   -0.369786712165756
       317               3301.6   -0.369866979560442
       318               3301.7   -0.369944179199247
       319               3301.8   -0.369985174131847
       320               3301.9   -0.369939166063837
       321                 3302   -0.369776878883617
       322               3302.1   -0.369494615709601
       323               3302.2    -0.36911185517995
       324               3302.3   -0.368672594026618
       325               3302.4   -0.368220358458795
       326               3302.5   -0.367740088599641
       327               3302.6   -0.367132857831196
       328               3302.7    -0.36630546661573
       329               3302.8   -0.365341600354725
       330               3302.9   -0.364573239159209
       331                 3303   -0.364404963257481
       332               3303.1   -0.364990898461898
       333               3303.2   -0.366054715291265
       334               3303.3   -0.367036998057196
       335               3303.4   -0.367459658429864
       336               3303.5   -0.367217267056738
       337               3303.6     -0.3665863236644
       338               3303.7   -0.365980210326773
       339               3303.8   -0.365661797380192
       340               3303.9   -0.365621885681998
       341                 3304   -0.365674361905196
       342               3304.1   -0.365658982254912
       343               3304.2   -0.365589213118059
       344               3304.3   -0.365639416643969
       345               3304.4   -0.365987494743055
       346               3304.5   -0.366641840822068
       347               3304.6   -0.367392177728045
       348               3304.7   -0.367917587523759
       349               3304.8   -0.367967992352051
       350               3304.9   -0.367505663173977
       351                 3305   -0.366732272594316
       352               3305.1   -0.365977556301526
       353               3305.2    -0.36549377913813
       354               3305.3   -0.365290864085473
       355               3305.4   -0.365165047003203
       356               3305.5   -0.364924051709334
       357               3305.6   -0.364601217446282
       358               3305.7   -0.364433765247394
       359               3305.8   -0.364620367347796
       360               3305.9   -0.365108472236613
       361                 3306   -0.365624750317668
       362               3306.1   -0.365910704161413
       363               3306.2   -0.365935725329136
       364               3306.3   -0.365897096575815
       365               3306.4   -0.366017403949456
       366               3306.5   -0.366329485042863
       367               3306.6   -0.366640677421237
       368               3306.7   -0.366693546185085
       369               3306.8   -0.366365998817464
       370               3306.9   -0.365748275208717
       371                 3307   -0.365071408017739
       372               3307.1    -0.36458047564308
       373               3307.2   -0.364450734760967
       374               3307.3   -0.364771942605177
       375               3307.4   -0.365560209176929
       376               3307.5   -0.366751279101675
       377               3307.6   -0.368181009741146
       378               3307.7    -0.36960580604469
       379               3307.8   -0.370787400630419
       380               3307.9   -0.371580827003455
       381                 3308   -0.371938848435732
       382               3308.1   -0.371843606222388
       383               3308.2   -0.371279179948056
       384               3308.3   -0.370305469589148
       385               3308.4   -0.369133332709945
       386               3308.5   -0.368061688533393
       387               3308.6   -0.367299371597632
       388               3308.7   -0.366849797625348
       389               3308.8   -0.366574241665275
       390               3308.9   -0.366352587005275
       391                 3309   -0.366178229356484
       392               3309.1   -0.366128180473681
       393               3309.2   -0.366276439272677
       394               3309.3   -0.366632045698897
       395               3309.4   -0.367129121650597
       396               3309.5   -0.367663961730384
       397               3309.6   -0.368158177416529
       398               3309.7   -0.368601082818912
       399               3309.8   -0.369027357645942
       400               3309.9   -0.369442568589411
       401                 3310   -0.369762189080374
       402               3310.1   -0.369819721019253
       403               3310.2   -0.369443880066706
       404               3310.3   -0.368557759621854
       405               3310.4   -0.367243389494765
       406               3310.5   -0.365739869397148
       407               3310.6   -0.364376776135511
       408               3310.7    -0.36346205148247
       409               3310.8    -0.36315479581569
       410               3310.9   -0.363378491241851
       411                 3311   -0.363840477386841
       412               3311.1   -0.364171491466487
       413               3311.2   -0.364111092827553
       414               3311.3    -0.36362948010553
       415               3311.4   -0.362926985141298
       416               3311.5   -0.362327493745156
       417               3311.6   -0.362120366872502
       418               3311.7   -0.362416107234958
       419               3311.8   -0.363082749466331
       420               3311.9   -0.363800357146542
       421                 3312   -0.364207998728022
       422               3312.1   -0.364071056346665
       423               3312.2   -0.363392360599083
       424               3312.3   -0.362410174702015
       425               3312.4    -0.36147470581553
       426               3312.5   -0.360873694338462
       427               3312.6   -0.360713845309962
       428               3312.7   -0.360905334410923
       429               3312.8   -0.361218633704689
       430               3312.9   -0.361377372849846
       431                 3313   -0.361175747590251
       432               3313.1   -0.360583962912003
       433               3313.2   -0.359765239772675
       434               3313.3   -0.358964696240673
       435               3313.4   -0.358337707555335
       436               3313.5   -0.357850589354399
       437               3313.6   -0.357329505841447
       438               3313.7   -0.356608240070437
       439               3313.8   -0.355655223530527
       440               3313.9   -0.354595058172891
       441                 3314   -0.353628794896748
       442               3314.1    -0.35293067483769
       443               3314.2   -0.352604813266824
       444               3314.3   -0.352704932152329
       445               3314.4   -0.353234931784671
       446               3314.5   -0.354086945661173
       447               3314.6   -0.355003258890079
       448               3314.7   -0.355665601219616
       449               3314.8   -0.355858322177429
       450               3314.9   -0.355539225348089
       451                 3315   -0.354763124310946
       452               3315.1   -0.353591487249978
       453               3315.2   -0.352120990590138
       454               3315.3   -0.350575541516008
       455               3315.4   -0.349290607712288
       456               3315.5   -0.348531488861787
       457               3315.6   -0.348285526633928
       458               3315.7   -0.348216163261765
       459               3315.8   -0.347822388252939
       460               3315.9   -0.346675676272587
       461                 3316   -0.344573262246637
       462               3316.1   -0.341559346470636
       463               3316.2    -0.33788673149271
       464               3316.3   -0.333981742071975
       465               3316.4   -0.330364566969919
       466               3316.5   -0.327453020154323
       467               3316.6   -0.325328159039747
       468               3316.7   -0.323678604732049
       469               3316.8   -0.322033787094906
       470               3316.9   -0.320113922064839
       471                 3317    -0.31798395117375
       472               3317.1   -0.315874086809826
       473               3317.2   -0.313851396706502
       474               3317.3   -0.311674126870652
       475               3317.4   -0.308979464268692
       476               3317.5   -0.305616613449034
       477               3317.6   -0.301794002380951
       478               3317.7   -0.297918261761254
       479               3317.8    -0.29430842100239
       480               3317.9   -0.291021832757957
       481                 3318   -0.287848714351892
       482               3318.1   -0.284417422324628
       483               3318.2   -0.280385387236544
       484               3318.3   -0.275673201121555
       485               3318.4   -0.270584220542929
       486               3318.5   -0.265665653806015
       487               3318.6   -0.261394226761751
       488               3318.7   -0.257945475779172
       489               3318.8   -0.255200717834093
       490               3318.9   -0.252903530548741
       491                 3319   -0.250783334164775
       492               3319.1   -0.248566747069139
       493               3319.2   -0.245933711883189
       494               3319.3   -0.242519059340878
       495               3319.4   -0.238010782701329
       496               3319.5   -0.232308564893659
       497               3319.6   -0.225637519344945
       498               3319.7   -0.218512199097049
       499               3319.8   -0.211536631565715
       500               3319.9    -0.20515782372909
       501                 3320   -0.199539510889296
       502               3320.1   -0.194616316839319
       503               3320.2   -0.190227426509689
       504               3320.3   -0.186190352179408
       505               3320.4   -0.182287784637687
       506               3320.5   -0.178257523575161
       507               3320.6   -0.173866493413451
       508               3320.7   -0.169039621390023
       509               3320.8   -0.163935808307747
       510               3320.9   -0.158905044121067
       511                 3321   -0.154367800957672
       512               3321.1   -0.150702485053684
       513               3321.2   -0.148173574423922
       514               3321.3   -0.146873971572726
       515               3321.4   -0.146671127584736
       516               3321.5   -0.147204416791011
       517               3321.6    -0.14799180108252
       518               3321.7   -0.148633089481798
       519               3321.8   -0.149001213973922
       520               3321.9   -0.149289726116145
       521                 3322    -0.14988101602041
       522               3322.1   -0.151139668942773
       523               3322.2   -0.153276818479444
       524               3322.3   -0.156334640906346
       525               3322.4   -0.160228795723888
       526               3322.5   -0.164784630393353
       527               3322.6   -0.169773287507671
       528               3322.7   -0.174977112913464
       529               3322.8   -0.180268002226996
       530               3322.9   -0.185645617544777
       531                 3323   -0.191201636448428
       532               3323.1     -0.1970304811657
       533               3323.2   -0.203157983020632
       534               3323.3    -0.20955758911879
       535               3323.4   -0.216235074893521
       536               3323.5   -0.223263795957416
       537               3323.6   -0.230689795378543
       538               3323.7   -0.238392816984832
       539               3323.8   -0.246073932115871
       540               3323.9   -0.253411221171339
       541                 3324   -0.260236982712229
       542               3324.1   -0.266575199015972
       543               3324.2   -0.272533317326606
       544               3324.3   -0.278170190527465
       545               3324.4   -0.283447455854759
       546               3324.5   -0.288278520741149
       547               3324.6    -0.29261942127103
       548               3324.7   -0.296531076297146
       549               3324.8   -0.300170848004837
       550               3324.9   -0.303721469109591
       551                 3325   -0.307303821044695
       552               3325.1   -0.310920974799277
       553               3325.2   -0.314454575787741
       554               3325.3    -0.31771143444304
       555               3325.4   -0.320511774607633
       556               3325.5   -0.322802662483483
       557               3325.6   -0.324742888737697
       558               3325.7   -0.326665124154022
       559               3325.8   -0.328871097617783
       560               3325.9   -0.331377417258948
       561                 3326   -0.333834870189656
       562               3326.1   -0.335717172677494
       563               3326.2   -0.336624643020589
       564               3326.3   -0.336468934002632
       565               3326.4   -0.335468544863537
       566               3326.5   -0.334047839422361
       567               3326.6   -0.332708954223541
       568               3326.7   -0.331856626223627
       569               3326.8   -0.331593376974199
       570               3326.9   -0.331622377849958
       571                 3327    -0.33139416633152
       572               3327.1   -0.330451283886825
       573               3327.2   -0.328734366891173
       574               3327.3   -0.326616591463817
       575               3327.4   -0.324642057993299
       576               3327.5   -0.323168704004119
       577               3327.6   -0.322163323332713
       578               3327.7   -0.321256647363828
       579               3327.8   -0.319991168780622
       580               3327.9   -0.318104177402165
       581                 3328   -0.315686977352915
       582               3328.1   -0.313125729710297
       583               3328.2   -0.310862032719409
       584               3328.3   -0.309150079019515
       585               3328.4   -0.307988617685594
       586               3328.5   -0.307230911155256
       587               3328.6   -0.306708888808454
       588               3328.7    -0.30624607783437
       589               3328.8   -0.305610440064077
       590               3328.9   -0.304535475035609
       591                 3329   -0.302839980618698
       592               3329.1   -0.300553998888888
       593               3329.2   -0.297945393685121
       594               3329.3   -0.295415985684334
       595               3329.4   -0.293315305242466
       596               3329.5    -0.29176640167713
       597               3329.6   -0.290605897847741
       598               3329.7    -0.28949334576632
       599               3329.8   -0.288140964190318
       600               3329.9   -0.286516507705267
       601                 3330   -0.284874128104493
       602               3330.1   -0.283591574950765
       603               3330.2   -0.282942117386497
       604               3330.3   -0.282976783374358
       605               3330.4   -0.283590758680147
       606               3330.5    -0.28468708205891
       607               3330.6   -0.286285009877634
       608               3330.7   -0.288504050085474
       609               3330.8   -0.291476610610619
       610               3330.9   -0.295272212454804
       611                 3331   -0.299865155405544
       612               3331.1    -0.30514188140964
       613               3331.2   -0.310951592158431
       614               3331.3   -0.317201733925668
       615               3331.4   -0.323960601832919
       616               3331.5   -0.331488874609407
       617               3331.6   -0.340137538946738
       618               3331.7   -0.350143019166611
       619               3331.8   -0.361459222237725
       620               3331.9   -0.373765821003599
       621                 3332   -0.386643271357791
       622               3332.1   -0.399757337373251
       623               3332.2   -0.412924475385644
       624               3332.3   -0.426085658753029
       625               3332.4   -0.439285012786156
       626               3332.5   -0.452660912229782
       627               3332.6   -0.466379715402663
       628               3332.7   -0.480512404587461
       629               3332.8    -0.49496253838477
       630               3332.9   -0.509522902172426
       631                 3333   -0.524003421296134
       632               3333.1   -0.538313569353376
       633               3333.2   -0.552444410759998
       634               3333.3   -0.566374120170029
       635               3333.4   -0.579963880057046
       636               3333.5   -0.592935074887598
       637               3333.6   -0.604983347192349
       638               3333.7   -0.615956519799151
       639               3333.8   -0.625920728850328
       640               3333.9   -0.635023078963413
       641                 3334   -0.643277127267324
       642               3334.1   -0.650498250968178
       643               3334.2   -0.656463195495006
       644               3334.3   -0.661131266208379
       645               3334.4   -0.664714001279311
       646               3334.5   -0.667551045806044
       647               3334.6   -0.669921578730373
       648               3334.7     -0.6719205715351
       649               3334.8   -0.673429520357973
       650               3334.9   -0.674166993215075
       651                 3335   -0.673815745709407
       652               3335.1   -0.672186937722566
       653               3335.2   -0.669311988273968
       654               3335.3   -0.665379875552955
       655               3335.4   -0.660579665392876
       656               3335.5   -0.655000244027877
       657               3335.6   -0.648661619102566
       658               3335.7   -0.641600949113465
       659               3335.8   -0.633892170846016
       660               3335.9    -0.62558039336078
       661                 3336   -0.616629644645834
       662               3336.1   -0.606972461395079
       663               3336.2   -0.596619679919077
       664               3336.3   -0.585697393546068
       665               3336.4   -0.574355473814452
       666               3336.5   -0.562660271462502
       667               3336.6   -0.550621087021247
       668               3336.7   -0.538327413386158
       669               3336.8   -0.526006322229551
       670               3336.9   -0.513892991097989
       671                 3337   -0.502051921035661
       672               3337.1   -0.490356632827215
       673               3337.2   -0.478633563909755
       674               3337.3   -0.466788074324269
       675               3337.4   -0.454799775560225
       676               3337.5   -0.442664503690515
       677               3337.6   -0.430399384223032
       678               3337.7   -0.418098086002167
       679               3337.8   -0.405931800568197
       680               3337.9   -0.394054271521979
       681                 3338    -0.38248804450572
       682               3338.1   -0.371095483001468
       683               3338.2   -0.359657564034653
       684               3338.3   -0.347999491355654
       685               3338.4   -0.336084074557297
       686               3338.5   -0.324017890687365
       687               3338.6     -0.3119569017823
       688               3338.7   -0.299972218317147
       689               3338.8   -0.287999285981188
       690               3338.9    -0.27593481334286
       691                 3339    -0.26377515040403
       692               3339.1   -0.251612531881625
       693               3339.2   -0.239466958346155
       694               3339.3   -0.227159186359786
       695               3339.4   -0.214410956810482
       696               3339.5   -0.201080737005966
       697               3339.6   -0.187265086043419
       698               3339.7   -0.173162589748506
       699               3339.8   -0.158882357695637
       700               3339.9   -0.144406111240994
       701                 3340   -0.129683698573927
       702               3340.1   -0.114686854642122
       703               3340.2  -0.0993408381432164
       704               3340.3  -0.0834333281052568
       705               3340.4   -0.066632807575334
       706               3340.5  -0.0486169770419885
       707               3340.6  -0.0291915581068791
       708               3340.7 -0.00831008946996672
       709               3340.8    0.013975894138847
       710               3340.9   0.0375608475891416
       711                 3341   0.0623057088349439
       712               3341.1   0.0880628821381314
       713               3341.2    0.114708194656025
       714               3341.3    0.142156982908023
       715               3341.4    0.170366060642955
       716               3341.5    0.199343729004822
       717               3341.6    0.229158117412861
       718               3341.7    0.259895636654446
       719               3341.8    0.291546871537472
       720               3341.9     0.32387495770853
       721                 3342     0.35636067063335
       722               3342.1    0.388263845165084
       723               3342.2    0.418748357465528
       724               3342.3    0.446985242998637
       725               3342.4    0.472198788249807
       726               3342.5     0.49368802647587
       727               3342.6     0.51086197890446
       728               3342.7      0.5232620706111
       729               3342.8    0.530498211488408
       730               3342.9    0.532089629097621
       731                 3343    0.527329701037432
       732               3343.1    0.515320832116247
       733               3343.2    0.495187598367232
       734               3343.3    0.466322380869033
       735               3343.4    0.428524170311238
       736               3343.5    0.382026476977121
       737               3343.6     0.32748339681064
       738               3343.7    0.265921511703944
       739               3343.8    0.198612740485514
       740               3343.9    0.126894919226597
       741                 3344   0.0520527887129107
       742               3344.1  -0.0246840127157319
       743               3344.2   -0.102106549879349
       744               3344.3   -0.179058959645183
       745               3344.4   -0.254513841749639
       746               3344.5   -0.327579137980705
       747               3344.6   -0.397422204195739
       748               3344.7   -0.463248988719934
       749               3344.8   -0.524433873502977
       750               3344.9   -0.580674082222108
       751                 3345   -0.631956465413675
       752               3345.1   -0.678334030049382
       753               3345.2   -0.719744764137484
       754               3345.3   -0.756047311394879
       755               3345.4   -0.787196519144852
       756               3345.5   -0.813374169154933
       757               3345.6   -0.834998387174776
       758               3345.7   -0.852646574101126
       759               3345.8   -0.866935742151205
       760               3345.9   -0.878408028273909
       761                 3346   -0.887496975265804
       762               3346.1   -0.894595680700128
       763               3346.2   -0.900117583293374
       764               3346.3   -0.904421904989079
       765               3346.4   -0.907649071104884
       766               3346.5   -0.909667092167539
       767               3346.6   -0.910233452546734
       768               3346.7   -0.909228170331813
       769               3346.8   -0.906737437020156
       770               3346.9   -0.902954330637895
       771                 3347   -0.898048372857429
       772               3347.1   -0.892120915225855
       773               3347.2     -0.8852238848818
       774               3347.3    -0.87738442277721
       775               3347.4   -0.868636716634652
       776               3347.5   -0.859073383685079
       777               3347.6   -0.848874352196616
       778               3347.7   -0.838258700192751
       779               3347.8   -0.827377121735683
       780               3347.9   -0.816233728634212
       781                 3348   -0.804707718828642
       782               3348.1    -0.79265861435064
       783               3348.2   -0.780030834560225
       784               3348.3   -0.766879307010096
       785               3348.4   -0.753305595132323
       786               3348.5   -0.739364231135113
       787               3348.6   -0.725011415798953
       788               3348.7   -0.710124778549418
       789               3348.8     -0.6945790334341
       790               3348.9   -0.678341064687606
       791                 3349   -0.661531728198558
       792               3349.1   -0.644406933927258
       793               3349.2   -0.627263348329488
       794               3349.3   -0.610329592075203
       795               3349.4   -0.593702178770835
       796               3349.5   -0.577347489423896
       797               3349.6   -0.561164003456608
       798               3349.7   -0.545073330257027
       799               3349.8   -0.529076283773722
       800               3349.9   -0.513225196447659
       801                 3350    -0.49754818712739
       802               3350.1    -0.48202034766915
       803               3350.2   -0.466618202096997
       804               3350.3   -0.451387740232335
       805               3350.4   -0.436448843417449
       806               3350.5   -0.421948444988421
       807               3350.6   -0.408024369423287
       808               3350.7   -0.394801689850891
       809               3350.8   -0.382400747302336
       810               3350.9    -0.37094426233143
       811                 3351   -0.360563961167335
       812               3351.1    -0.35139128453233
       813               3351.2   -0.343508820287781
       814               3351.3    -0.33687570084111
       815               3351.4   -0.331295661807172
       816               3351.5   -0.326497966477143
       817               3351.6   -0.322305645894657
       818               3351.7   -0.318750779890325
       819               3351.8   -0.316022645373851
       820               3351.9   -0.314315697384347
       821                 3352    -0.31375317084962
       822               3352.1   -0.314431606372681
       823               3352.2   -0.316446996175918
       824               3352.3   -0.319806719355605
       825               3352.4   -0.324332663011444
       826               3352.5   -0.329704044467687
       827               3352.6   -0.335611002790681
       828               3352.7   -0.341858893650679
       829               3352.8   -0.348348661415882
       830               3352.9   -0.355011625124229
       831                 3353   -0.361792656512459
       832               3353.1   -0.368673618690701
       833               3353.2   -0.375671848350271
       834               3353.3   -0.382798717438982
       835               3353.4   -0.390026911209524
       836               3353.5   -0.397297707688076
       837               3353.6   -0.404536934225405
       838               3353.7   -0.411643734075647
       839               3353.8   -0.418478105134383
       840               3353.9   -0.424895812219751
       841                 3354   -0.430817477078755
       842               3354.1   -0.436271988795852
       843               3354.2   -0.441393624042998
       844               3354.3    -0.44639129615458
       845               3354.4   -0.451477169014638
       846               3354.5   -0.456737803706942
       847               3354.6   -0.462028077221928
       848               3354.7    -0.46702700889501
       849               3354.8    -0.47146589299755
       850               3354.9   -0.475338763190433
       851                 3355   -0.478884929551854
       852               3355.1   -0.482339338420321
       853               3355.2   -0.485665224814841
       854               3355.3   -0.488501011885653
       855               3355.4   -0.490370123284907
       856               3355.5   -0.490998062094551
       857               3355.6   -0.490519597681988
       858               3355.7   -0.489448606081516
       859               3355.8   -0.488426971853191
       860               3355.9    -0.48789293350936
       861                 3356   -0.487872251192671
       862               3356.1   -0.488036823016348
       863               3356.2   -0.487984880107645
       864               3356.3    -0.48751629125906
       865               3356.4   -0.486691157219316
       866               3356.5   -0.485667468555885
       867               3356.6   -0.484501532320738
       868               3356.7   -0.483085570953215
       869               3356.8   -0.481242079173909
       870               3356.9   -0.478876581983885
       871                 3357   -0.476090975031308
       872               3357.1   -0.473206553324553
       873               3357.2   -0.470669192694229
       874               3357.3   -0.468846513137484
       875               3357.4   -0.467820102903774
       876               3357.5   -0.467337317621997
       877               3357.6   -0.466989708703179
       878               3357.7   -0.466481634299054
       879               3357.8   -0.465763674294238
       880               3357.9    -0.46493850501015
       881                 3358   -0.464056250292439
       882               3358.1   -0.462999317844267
       883               3358.2   -0.461565178043889
       884               3358.3   -0.459678901360246
       885               3358.4   -0.457538865918176
       886               3358.5   -0.455534991088321
       887               3358.6   -0.453976633271451
       888               3358.7   -0.452855376570482
       889               3358.8    -0.45185822558932
       890               3358.9   -0.450634801311939
       891                 3359   -0.449091525513972
       892               3359.1   -0.447446826350562
       893               3359.2   -0.445995734220859
       894               3359.3   -0.444818127187924
       895               3359.4   -0.443722420947604
       896               3359.5   -0.442462675989559
       897               3359.6   -0.440983403543532
       898               3359.7   -0.439452016068921
       899               3359.8   -0.438089448958369
       900               3359.9   -0.436989115527258
       901                 3360   -0.436063770874481
       902               3360.1   -0.435114173410513
       903               3360.2   -0.433942006626806
       904               3360.3   -0.432443926450979
       905               3360.4   -0.430659852262979
       906               3360.5   -0.428772064320098
       907               3360.6   -0.427054107757503
       908               3360.7   -0.425767653024151
       909               3360.8    -0.42503639640495
       910               3360.9   -0.424770965859182
       911                 3361   -0.424704514373636
       912               3361.1   -0.424513825162105
       913               3361.2   -0.423937210366932
       914               3361.3   -0.422831728365935
       915               3361.4   -0.421193313311702
       916               3361.5   -0.419189813128507
       917               3361.6   -0.417191130830009
       918               3361.7   -0.415704228692657
       919               3361.8   -0.415157601336859
       920               3361.9   -0.415637379605518
       921                 3362    -0.41678576575448
       922               3362.1   -0.417973520145109
       923               3362.2   -0.418635173138451
       924               3362.3   -0.418539656387946
       925               3362.4   -0.417839727805415
       926               3362.5   -0.416894606306141
       927               3362.6   -0.416000073285356
       928               3362.7   -0.415232092299159
       929               3362.8   -0.414516795240057
       930               3362.9   -0.413808932631944
       931                 3363   -0.413155574173242
       932               3363.1   -0.412603572153019
       933               3363.2   -0.412129164608668
       934               3363.3   -0.411700894142344
       935               3363.4   -0.411347668566039
       936               3363.5   -0.411082343909697
       937               3363.6   -0.410772132273375
       938               3363.7   -0.410171749749164
       939               3363.8    -0.40913742621416
       940               3363.9   -0.407799318233087
       941                 3364   -0.406510323429502
       942               3364.1   -0.405622915372589
       943               3364.2   -0.405276363101608
       944               3364.3   -0.405327638715897
       945               3364.4    -0.40545760808907
       946               3364.5   -0.405394484229065
       947               3364.6   -0.405112836146839
       948               3364.7   -0.404854849302863
       949               3364.8   -0.404948678755218
       950               3364.9   -0.405572249887718
       951                 3365   -0.406648371279708
       952               3365.1   -0.407920799123782
       953               3365.2   -0.409106237208167
       954               3365.3   -0.409998397903349
       955               3365.4   -0.410495571306055
       956               3365.5    -0.41059437572513
       957               3365.6    -0.41037601498164
       958               3365.7   -0.409975565686458
       959               3365.8   -0.409536325025406
       960               3365.9   -0.409175404340931
       961                 3366   -0.408967459877913
       962               3366.1    -0.40892315029068
       963               3366.2   -0.408963768067913
       964               3366.3   -0.408941267021747
       965               3366.4   -0.408725005292349
       966               3366.5   -0.408283202708848
       967               3366.6   -0.407667474994768
       968               3366.7   -0.406917639039483
       969               3366.8   -0.406000527364267
       970               3366.9   -0.404845472446494
       971                 3367    -0.40341651646322
       972               3367.1   -0.401735771035069
       973               3367.2   -0.399859108100394
       974               3367.3   -0.397867865892302
       975               3367.4   -0.395895971989067
       976               3367.5   -0.394135285344835
       977               3367.6   -0.392772984674896
       978               3367.7   -0.391909460478111
       979               3367.8   -0.391547299334527
       980               3367.9   -0.391654642113263
       981                 3368   -0.392203926319208
       982               3368.1   -0.393121218943141
       983               3368.2   -0.394210664368327
       984               3368.3   -0.395165521232024
       985               3368.4   -0.395685083373883
       986               3368.5   -0.395612095574325
       987               3368.6   -0.395002238368721
       988               3368.7   -0.394102925782027
       989               3368.8    -0.39326369828779
       990               3368.9    -0.39280704533329
       991                 3369   -0.392897061482957
       992               3369.1   -0.393465753245301
       993               3369.2   -0.394252762963616
       994               3369.3   -0.394952315229409
       995               3369.4   -0.395379126442713
       996               3369.5   -0.395541757436225
       997               3369.6   -0.395578555933897
       998               3369.7   -0.395618863325001
       999               3369.8   -0.395697095364162
      1000               3369.9    -0.39580486007629
      1001                 3370   -0.396027877048858
      1002               3370.1   -0.396606377144803
      1003               3370.2   -0.397815362348269
      1004               3370.3   -0.399743994630137
      1005               3370.4   -0.402167290404316
      1006               3370.5   -0.404633380594565
      1007               3370.6   -0.406709717067296
      1008               3370.7    -0.40819691191773
      1009               3370.8   -0.409143803690828
      1010               3370.9   -0.409678037255754
      1011                 3371    -0.40984140745023
      1012               3371.1   -0.409599896366997
      1013               3371.2   -0.408999553654934
      1014               3371.3    -0.40828003168914
      1015               3371.4   -0.407804361249517
      1016               3371.5   -0.407857355271665
      1017               3371.6   -0.408500332787425
      1018               3371.7    -0.40960422131099
      1019               3371.8   -0.410992959356138
      1020               3371.9   -0.412538138031076
      1021                 3372   -0.414147619524683
      1022               3372.1   -0.415724141350023
      1023               3372.2   -0.417160814622514
      1024               3372.3   -0.418354343990442
      1025               3372.4   -0.419217329449908
      1026               3372.5   -0.419727440386975
      1027               3372.6   -0.420006039177124
      1028               3372.7   -0.420311692864343
      1029               3372.8   -0.420883133828531
      1030               3372.9   -0.421770395636776
      1031                 3373   -0.422853486714319
      1032               3373.1   -0.424030828051237
      1033               3373.2   -0.425347268663655
      1034               3373.3   -0.426914763580083
      1035               3373.4   -0.428735509342222
      1036               3373.5   -0.430636019228567
      1037               3373.6   -0.432375805209799
      1038               3373.7   -0.433814781571329
      1039               3373.8   -0.434998095743375
      1040               3373.9   -0.436118609334878
      1041                 3374   -0.437407342767023
      1042               3374.1   -0.439019008197484
      1043               3374.2   -0.440963016043375
      1044               3374.3    -0.44311069592267
      1045               3374.4   -0.445270312084033
      1046               3374.5   -0.447271350626549
      1047               3374.6   -0.448991165640283
      1048               3374.7   -0.450314540596897
      1049               3374.8   -0.451093473816349
      1050               3374.9   -0.451187603318397
      1051                 3375   -0.450579616105013
      1052               3375.1   -0.449458788406448
      1053               3375.2   -0.448180056766215
      1054               3375.3   -0.447127305822631
      1055               3375.4   -0.446583437603707
      1056               3375.5   -0.446660129875723
      1057               3375.6   -0.447269527386202
      1058               3375.7   -0.448133276762869
      1059               3375.8   -0.448872807671695
      1060               3375.9    -0.44919196884068
      1061                 3376   -0.449046357728117
      1062               3376.1   -0.448642723412171
      1063               3376.2   -0.448246947148283
      1064               3376.3   -0.447981424244562
      1065               3376.4   -0.447800923293451
      1066               3376.5   -0.447615247199007
      1067               3376.6   -0.447367867337852
      1068               3376.7   -0.446994364920332
      1069               3376.8   -0.446387682397962
      1070               3376.9   -0.445486853967921
      1071                 3377   -0.444409331697123
      1072               3377.1   -0.443453421107758
      1073               3377.2   -0.442929661162209
      1074               3377.3    -0.44295808456794
      1075               3377.4   -0.443389904005783
      1076               3377.5   -0.443891353297654
      1077               3377.6   -0.444110108513663
      1078               3377.7   -0.443816384056028
      1079               3377.8   -0.442957649318964
      1080               3377.9   -0.441638419074055
      1081                 3378   -0.440078568833007
      1082               3378.1   -0.438578113970173
      1083               3378.2   -0.437458397743023
      1084               3378.3   -0.436945382162179
      1085               3378.4    -0.43703511543009
      1086               3378.5   -0.437448449497924
      1087               3378.6   -0.437744185461755
      1088               3378.7   -0.437534858181845
      1089               3378.8   -0.436661887814215
      1090               3378.9   -0.435226353428368
      1091                 3379    -0.43348943871097
      1092               3379.1   -0.431731870760246
      1093               3379.2   -0.430146693470176
      1094               3379.3   -0.428792051253171
      1095               3379.4   -0.427608795067366
      1096               3379.5   -0.426495525624486
      1097               3379.6   -0.425399027463956
      1098               3379.7    -0.42435332306521
      1099               3379.8   -0.423435524651647
      1100               3379.9   -0.422673728517567
      1101                 3380   -0.421973220143924
      1102               3380.1   -0.421113127234336
      1103               3380.2   -0.419834899910234
      1104               3380.3    -0.41799474449739
      1105               3380.4    -0.41569277514186
      1106               3380.5   -0.413281984034089
      1107               3380.6   -0.411230570636961
      1108               3380.7   -0.409905547079481
      1109               3380.8    -0.40939637816091
      1110               3380.9   -0.409486853673262
      1111                 3381   -0.409807499818594
      1112               3381.1   -0.410072187707501
      1113               3381.2   -0.410214345584756
      1114               3381.3   -0.410309350180935
      1115               3381.4   -0.410370472723315
      1116               3381.5   -0.410234264149396
      1117               3381.6   -0.409656752120663
      1118               3381.7   -0.408517558369229
      1119               3381.8   -0.406920907887858
      1120               3381.9   -0.405111469565632
      1121                 3382   -0.403334004984681
      1122               3382.1   -0.401800257789574
      1123               3382.2   -0.400749206604904
      1124               3382.3   -0.400441677834442
      1125               3382.4    -0.40101199255829
      1126               3382.5   -0.402295661632063
      1127               3382.6   -0.403817185738275
      1128               3382.7   -0.404989659041128
      1129               3382.8   -0.405396069458574
      1130               3382.9   -0.404960956737167
      1131                 3383   -0.403919309914351
      1132               3383.1   -0.402641752212628
      1133               3383.2   -0.401447720701487
      1134               3383.3    -0.40050495794996
      1135               3383.4   -0.399838598923975
      1136               3383.5   -0.399404185019917
      1137               3383.6    -0.39914521552022
      1138               3383.7   -0.398997307441085
      1139               3383.8   -0.398883001766125
      1140               3383.9   -0.398744848210688
      1141                 3384   -0.398576665914477
      1142               3384.1    -0.39838375477695
      1143               3384.2    -0.39810184683021
      1144               3384.3   -0.397587754804089
      1145               3384.4   -0.396727468291429
      1146               3384.5   -0.395567123742113
      1147               3384.6   -0.394325622984505
      1148               3384.7   -0.393243228697886
      1149               3384.8    -0.39237104953594
      1150               3384.9   -0.391485643796012
      1151                 3385   -0.390235414822634
      1152               3385.1   -0.388426760127587
      1153               3385.2   -0.386217713150556
      1154               3385.3   -0.384063839272299
      1155               3385.4   -0.382484006850464
      1156               3385.5   -0.381843153574956
      1157               3385.6     -0.3822694107627
      1158               3385.7   -0.383667885195541
      1159               3385.8   -0.385753564461373
      1160               3385.9   -0.388108276522839
      1161                 3386   -0.390308886900238
      1162               3386.1   -0.392086394992311
      1163               3386.2   -0.393387092378148
      1164               3386.3   -0.394278863460551
      1165               3386.4   -0.394807917135137
      1166               3386.5   -0.394950760654156
      1167               3386.6   -0.394685138129267
      1168               3386.7   -0.394087648791742
      1169               3386.8   -0.393358163633275
      1170               3386.9   -0.392730201376688
      1171                 3387   -0.392313349888803
      1172               3387.1    -0.39200069798505
      1173               3387.2   -0.391555139730765
      1174               3387.3   -0.390818140335911
      1175               3387.4   -0.389844426918765
      1176               3387.5   -0.388849733427255
      1177               3387.6   -0.388061407785837
      1178               3387.7   -0.387623717326861
      1179               3387.8   -0.387595261357892
      1180               3387.9   -0.387972161819977
      1181                 3388   -0.388681694706225
      1182               3388.1   -0.389553639559003
      1183               3388.2   -0.390318382743243
      1184               3388.3   -0.390677584564668
      1185               3388.4    -0.39043320604657
      1186               3388.5   -0.389586784784253
      1187               3388.6   -0.388330224658199
      1188               3388.7   -0.386950944917183
      1189               3388.8   -0.385741261873811
      1190               3388.9   -0.384951668292389
      1191                 3389   -0.384750134896169
      1192               3389.1   -0.385165083861993
      1193               3389.2   -0.386061894656693
      1194               3389.3   -0.387203023275316
      1195               3389.4   -0.388355675200742
      1196               3389.5   -0.389359531551131
      1197               3389.6   -0.390118986432304
      1198               3389.7   -0.390562163508246
      1199               3389.8   -0.390621311858008
      1200               3389.9   -0.390253033217452
      1201                 3390   -0.389486877487362
      1202               3390.1   -0.388466315436964
      1203               3390.2   -0.387424649417182
      1204               3390.3   -0.386569890587064
      1205               3390.4    -0.38594731247158
      1206               3390.5   -0.385405016420207
      1207               3390.6   -0.384710562685952
      1208               3390.7   -0.383719718038088
      1209               3390.8   -0.382451742107137
      1210               3390.9   -0.381035152926285
      1211                 3391   -0.379614252567139
      1212               3391.1   -0.378308166754965
      1213               3391.2   -0.377228766073214
      1214               3391.3   -0.376509759230248
      1215               3391.4   -0.376300297154878
      1216               3391.5   -0.376700914468725
      1217               3391.6   -0.377673036230455
      1218               3391.7   -0.379010174117292
      1219               3391.8   -0.380429204620909
      1220               3391.9   -0.381719176429762
      1221                 3392    -0.38281435785947
      1222               3392.1   -0.383733326169901
      1223               3392.2   -0.384456909523503
      1224               3392.3    -0.38486409398872
      1225               3392.4   -0.384787354709342
      1226               3392.5   -0.384158645559982
      1227               3392.6   -0.383146874354237
      1228               3392.7   -0.382164097353942
      1229               3392.8   -0.381679832319511
      1230               3392.9   -0.381933473084511
      1231                 3393   -0.382761295356556
      1232               3393.1   -0.383699017625939
      1233               3393.2   -0.384289915890168
      1234               3393.3   -0.384348101578204
      1235               3393.4    -0.38398848704542
      1236               3393.5   -0.383457882622638
      1237               3393.6   -0.382947186443121
      1238               3393.7   -0.382523260702924
      1239               3393.8   -0.382183833894398
      1240               3393.9   -0.381949757985464
      1241                 3394     -0.3819130370953
      1242               3394.1   -0.382209568883892
      1243               3394.2   -0.382929304475652
      1244               3394.3   -0.384009655723812
      1245               3394.4   -0.385186629006126
      1246               3394.5   -0.386067230480807
      1247               3394.6   -0.386306976571441
      1248               3394.7   -0.385783651987338
      1249               3394.8   -0.384652774158394
      1250               3394.9   -0.383264779278724
      1251                 3395   -0.382016957677094
      1252               3395.1   -0.381219234662501
      1253               3395.2    -0.38100586956543
      1254               3395.3    -0.38130367832591
      1255               3395.4   -0.381872983850521
      1256               3395.5   -0.382416265506684
      1257               3395.6   -0.382700631537282
      1258               3395.7    -0.38262581090072
      1259               3395.8   -0.382216527280002
      1260               3395.9   -0.381573010082971
      1261                 3396   -0.380818272379023
      1262               3396.1   -0.380054946385751
      1263               3396.2   -0.379339748733246
      1264               3396.3    -0.37868943374295
      1265               3396.4   -0.378103840450747
      1266               3396.5   -0.377561197143724
      1267               3396.6    -0.37698439444138
      1268               3396.7   -0.376255574019327
      1269               3396.8    -0.37533000343816
      1270               3396.9   -0.374358876891537
      1271                 3397   -0.373663350687887
      1272               3397.1   -0.373533555071169
      1273               3397.2   -0.374013236382752
      1274               3397.3   -0.374848281320446
      1275               3397.4   -0.375619769939677
      1276               3397.5   -0.375941657515478
      1277               3397.6   -0.375602466034451
      1278               3397.7   -0.374611735323804
      1279               3397.8   -0.373174328479168
      1280               3397.9   -0.371630767131387
      1281                 3398   -0.370381922339576
      1282               3398.1   -0.369781621427863
      1283               3398.2   -0.369983896861621
      1284               3398.3   -0.370811757481845
      1285               3398.4   -0.371789711875983
      1286               3398.5   -0.372401661520146
      1287               3398.6   -0.372411716450332
      1288               3398.7   -0.371968825934986
      1289               3398.8   -0.371400584952375
      1290               3398.9   -0.370915766978001
      1291                 3399   -0.370510064863638
      1292               3399.1   -0.370116906174136
      1293               3399.2   -0.369780885989543
      1294               3399.3   -0.369657556450698
      1295               3399.4   -0.369876924636571
      1296               3399.5   -0.370442642672675
      1297               3399.6   -0.371252404501573
      1298               3399.7   -0.372174816683023
      1299               3399.8   -0.373088102315542
      1300               3399.9   -0.373877834678565
      1301                 3400   -0.374464555830985
      1302               3400.1   -0.374882947905147
      1303               3400.2   -0.375320431663815
      1304               3400.3   -0.376010927805232
      1305               3400.4   -0.377025121734997
      1306               3400.5   -0.378140027310483
      1307               3400.6    -0.37892692212386
      1308               3400.7   -0.379009215198109
      1309               3400.8   -0.378307100918142
      1310               3400.9    -0.37710934303209
      1311                 3401   -0.375937176413376
      1312               3401.1   -0.375290426457538
      1313               3401.2   -0.375429256246334
      1314               3401.3   -0.376313746078418
      1315               3401.4   -0.377705880205801
      1316               3401.5   -0.379320554062601
      1317               3401.6   -0.380906239338419
      1318               3401.7    -0.38224600350309
      1319               3401.8    -0.38316211613136
      1320               3401.9   -0.383571228263742
      1321                 3402    -0.38353229724449
      1322               3402.1   -0.383209277631801
      1323               3402.2   -0.382767990737337
      1324               3402.3   -0.382302664992698
      1325               3402.4   -0.381834236636587
      1326               3402.5   -0.381331850697855
      1327               3402.6   -0.380728013553495
      1328               3402.7   -0.379974027759937
      1329               3402.8   -0.379142297537987
      1330               3402.9   -0.378454959049782
      1331                 3403   -0.378139320091347
      1332               3403.1    -0.37822576730965
      1333               3403.2   -0.378520894255675
      1334               3403.3   -0.378797189837081
      1335               3403.4   -0.378974495553273
      1336               3403.5   -0.379094604365115
      1337               3403.6   -0.379167351857651
      1338               3403.7   -0.379110516355597
      1339               3403.8   -0.378848593265319
      1340               3403.9   -0.378421357338009
      1341                 3404   -0.377954605939798
      1342               3404.1    -0.37752440314868
      1343               3404.2   -0.377069680042552
      1344               3404.3   -0.376450095047662
      1345               3404.4   -0.375591627639447
      1346               3404.5     -0.3745769117497
      1347               3404.6   -0.373596124737833
      1348               3404.7   -0.372810740872958
      1349               3404.8   -0.372263516290282
      1350               3404.9   -0.371914881463354
      1351                 3405   -0.371750572794756
      1352               3405.1   -0.371830986295231
      1353               3405.2   -0.372226050485007
      1354               3405.3   -0.372917938554736
      1355               3405.4   -0.373784634420109
      1356               3405.5   -0.374659081217226
      1357               3405.6   -0.375364499972497
      1358               3405.7   -0.375707344086191
      1359               3405.8    -0.37553721700799
      1360               3405.9    -0.37491683619908
      1361                 3406    -0.37423297236098
      1362               3406.1   -0.374042922015588
      1363               3406.2   -0.374708762754631
      1364               3406.3   -0.376127707499799
      1365               3406.4   -0.377804212995391
      1366               3406.5   -0.379199284456867
      1367               3406.6   -0.380065916811583
      1368               3406.7   -0.380526804741899
      1369               3406.8   -0.380881681657062
      1370               3406.9   -0.381336801446661
      1371                 3407   -0.381873944340763
      1372               3407.1   -0.382319041316847
      1373               3407.2     -0.3824940768985
      1374               3407.3   -0.382316086006656
      1375               3407.4   -0.381822492311004
      1376               3407.5   -0.381170412715126
      1377               3407.6   -0.380604631623658
      1378               3407.7   -0.380348086723208
      1379               3407.8   -0.380451592263351
      1380               3407.9   -0.380738784095076
      1381                 3408   -0.380925149617995
      1382               3408.1   -0.380815944774221
      1383               3408.2   -0.380413957987171
      1384               3408.3   -0.379879447566166
      1385               3408.4   -0.379421978909537
      1386               3408.5    -0.37921130389689
      1387               3408.6   -0.379321763368601
      1388               3408.7   -0.379698290685369
      1389               3408.8   -0.380158477314672
      1390               3408.9   -0.380449382682111
      1391                 3409   -0.380343035836717
      1392               3409.1   -0.379727621247796
      1393               3409.2    -0.37865967128175
      1394               3409.3   -0.377368104277129
      1395               3409.4   -0.376211970565855
      1396               3409.5   -0.375582872313207
      1397               3409.6    -0.37574737057254
      1398               3409.7   -0.376685647347829
      1399               3409.8   -0.378055579406379
      1400               3409.9   -0.379372215652647
      1401                 3410   -0.380309038098509
      1402               3410.1   -0.380873548270328
      1403               3410.2    -0.38129479926496
      1404               3410.3   -0.381738970105801
      1405               3410.4   -0.382140677809005
      1406               3410.5    -0.38229989741556
      1407               3410.6   -0.382107737579101
      1408               3410.7    -0.38165876043454
      1409               3410.8   -0.381171728980852
      1410               3410.9   -0.380842831361044
      1411                 3411   -0.380770375259662
      1412               3411.1   -0.380960405967331
      1413               3411.2   -0.381343499246982
      1414               3411.3   -0.381781828797862
      1415               3411.4   -0.382115476112645
      1416               3411.5   -0.382264693758836
      1417               3411.6   -0.382302150190661
      1418               3411.7   -0.382392439374536
      1419               3411.8   -0.382633363783772
      1420               3411.9   -0.382966908042641
      1421                 3412   -0.383256816332166
      1422               3412.1   -0.383423429551579
      1423               3412.2   -0.383469231957816
      1424               3412.3   -0.383401864289161
      1425               3412.4   -0.383205275689277
      1426               3412.5   -0.382914166751205
      1427               3412.6   -0.382664656247168
      1428               3412.7   -0.382601068207865
      1429               3412.8   -0.382713920672523
      1430               3412.9   -0.382803979538653
      1431                 3413    -0.38264498466651
      1432               3413.1   -0.382193926838679
      1433               3413.2   -0.381640798865825
      1434               3413.3   -0.381265714715109
      1435               3413.4   -0.381264362752994
      1436               3413.5   -0.381687677531481
      1437               3413.6   -0.382472356824673
      1438               3413.7   -0.383464245411917
      1439               3413.8   -0.384438060012068
      1440               3413.9   -0.385192353392153
      1441                 3414   -0.385692019979788
      1442               3414.1   -0.386099807732568
      1443               3414.2   -0.386613445973836
      1444               3414.3   -0.387238459576245
      1445               3414.4   -0.387708117389483
      1446               3414.5   -0.387623941948619
      1447               3414.6   -0.386706997370764
      1448               3414.7   -0.384988841080661
      1449               3414.8   -0.382829037180922
      1450               3414.9   -0.380749928098796
      1451                 3415   -0.379184258263582
      1452               3415.1   -0.378290023992152
      1453               3415.2    -0.37794213163852
      1454               3415.3    -0.37788023801204
      1455               3415.4   -0.377888766383645
      1456               3415.5   -0.377892403837898
      1457               3415.6   -0.377935604108755
      1458               3415.7   -0.378093308570255
      1459               3415.8   -0.378386255454269
      1460               3415.9   -0.378747906382188
      1461                 3416   -0.379044212505658
      1462               3416.1   -0.379127564661748
      1463               3416.2   -0.378909949548752
      1464               3416.3   -0.378424558978192
      1465               3416.4   -0.377826352748566
      1466               3416.5   -0.377322479874237
      1467               3416.6   -0.377091989898154
      1468               3416.7   -0.377248371919762
      1469               3416.8   -0.377824347578151
      1470               3416.9   -0.378735228304108
      1471                 3417   -0.379745997583325
      1472               3417.1   -0.380525897766334
      1473               3417.2   -0.380818720788486
      1474               3417.3   -0.380617826492459
      1475               3417.4    -0.38016901271659
      1476               3417.5   -0.379756468294885
      1477               3417.6    -0.37945952600171
      1478               3417.7    -0.37912791587364
      1479               3417.8     -0.3785987559185
      1480               3417.9   -0.377910629286877
      1481                 3418   -0.377275067430139
      1482               3418.1   -0.376841834924624
      1483               3418.2   -0.376527948381994
      1484               3418.3   -0.376107707378076
      1485               3418.4   -0.375461150844941
      1486               3418.5    -0.37469937037479
      1487               3418.6   -0.374044146440863
      1488               3418.7   -0.373629537650987
      1489               3418.8   -0.373442284573746
      1490               3418.9   -0.373405951743698
      1491                 3419   -0.373467509416716
      1492               3419.1   -0.373619851594928
      1493               3419.2   -0.373895715628654
      1494               3419.3   -0.374347321523229
      1495               3419.4   -0.374993751115797
      1496               3419.5   -0.375771091222359
      1497               3419.6   -0.376550915710912
      1498               3419.7   -0.377215437772353
      1499               3419.8   -0.377709517393233
      1500               3419.9   -0.378034215643204
