     index            Field [G]         Intensity []

         1                 3270   -0.396205835264904
         2               3270.1   -0.395283606463966
         3               3270.2   -0.394215915293843
         4               3270.3   -0.393064861798911
         5               3270.4   -0.391923953117669
         6               3270.5   -0.390843358344177
         7               3270.6   -0.389775680365753
         8               3270.7   -0.388637836180573
         9               3270.8   -0.387443001153442
        10               3270.9   -0.386337674449497
        11                 3271   -0.385487790228166
        12               3271.1   -0.384946817333092
        13               3271.2   -0.384644946248958
        14               3271.3   -0.384480120300107
        15               3271.4   -0.384402107984155
        16               3271.5   -0.384440159390091
        17               3271.6   -0.384687490537189
        18               3271.7   -0.385241637109562
        19               3271.8   -0.386104363618369
        20               3271.9   -0.387110102133319
        21                 3272   -0.387967701306863
        22               3272.1   -0.388413841037799
        23               3272.2   -0.388387712316629
        24               3272.3   -0.388120219460066
        25               3272.4   -0.388060008209383
        26               3272.5   -0.388632411212777
        27               3272.6   -0.389961829237213
        28               3272.7   -0.391768923186901
        29               3272.8   -0.393536807461922
        30               3272.9   -0.394811571546187
        31                 3273   -0.395410519315439
        32               3273.1   -0.395429039350637
        33               3273.2   -0.395101064067722
        34               3273.3   -0.394638917250404
        35               3273.4     -0.3941541288284
        36               3273.5   -0.393678216033587
        37               3273.6   -0.393215145648722
        38               3273.7   -0.392754347867974
        39               3273.8   -0.392261064516383
        40               3273.9   -0.391708535970852
        41                 3274   -0.391144716670353
        42               3274.1   -0.390705106512594
        43               3274.2   -0.390526812835874
        44               3274.3   -0.390638036215457
        45               3274.4   -0.390933485634937
        46               3274.5   -0.391255439109577
        47               3274.6   -0.391497700876082
        48               3274.7   -0.391645188054151
        49               3274.8   -0.391734893778715
        50               3274.9   -0.391787825776036
        51                 3275   -0.391774975357594
        52               3275.1   -0.391649525113253
        53               3275.2   -0.391416938097022
        54               3275.3   -0.391166600934708
        55               3275.4   -0.391016008488421
        56               3275.5   -0.391014494002481
        57               3275.6   -0.391112898431056
        58               3275.7   -0.391242290204051
        59               3275.8   -0.391414319761296
        60               3275.9    -0.39171411646086
        61                 3276   -0.392177441077063
        62               3276.1   -0.392695132892221
        63               3276.2   -0.393066553092726
        64               3276.3   -0.393138951949752
        65               3276.4    -0.39287130980294
        66               3276.5   -0.392290356290296
        67               3276.6   -0.391462940796637
        68               3276.7   -0.390546905085021
        69               3276.8   -0.389806403396057
        70               3276.9   -0.389482531554055
        71                 3277   -0.389609618007828
        72               3277.1   -0.389974373375632
        73               3277.2   -0.390279207095832
        74               3277.3   -0.390368885649756
        75               3277.4   -0.390336665648371
        76               3277.5   -0.390448959680682
        77               3277.6   -0.390963681566212
        78               3277.7   -0.391956595180086
        79               3277.8   -0.393232334033096
        80               3277.9   -0.394359265521543
        81                 3278   -0.394844532656426
        82               3278.1   -0.394399847421922
        83               3278.2   -0.393140985237874
        84               3278.3   -0.391545227525679
        85               3278.4   -0.390158765822891
        86               3278.5   -0.389269091340926
        87               3278.6   -0.388790352443146
        88               3278.7   -0.388411300515554
        89               3278.8   -0.387847264110875
        90               3278.9   -0.387014313847571
        91                 3279    -0.38605938586799
        92               3279.1   -0.385275133368662
        93               3279.2   -0.384952236338192
        94               3279.3   -0.385234211273112
        95               3279.4    -0.38605608707564
        96               3279.5   -0.387210257329546
        97               3279.6   -0.388484329369131
        98               3279.7   -0.389752957534527
        99               3279.8   -0.390955812139941
       100               3279.9   -0.392009174352284
       101                 3280   -0.392761037902242
       102               3280.1   -0.393049965604567
       103               3280.2   -0.392819977207723
       104               3280.3   -0.392184225792746
       105               3280.4    -0.39137600085665
       106               3280.5   -0.390631652078199
       107               3280.6   -0.390108852922364
       108               3280.7   -0.389888480392926
       109               3280.8   -0.390000675268519
       110               3280.9   -0.390397389841766
       111                 3281   -0.390901908213566
       112               3281.1   -0.391249289252472
       113               3281.2   -0.391244978166075
       114               3281.3   -0.390898316072198
       115               3281.4   -0.390366507338679
       116               3281.5   -0.389743347168422
       117               3281.6   -0.388924302952093
       118               3281.7   -0.387713323994632
       119               3281.8     -0.3860596151077
       120               3281.9   -0.384162645940946
       121                 3282   -0.382344281668534
       122               3282.1   -0.380842608837188
       123               3282.2   -0.379727899859182
       124               3282.3   -0.378969472858239
       125               3282.4   -0.378525655575367
       126               3282.5   -0.378348987028016
       127               3282.6   -0.378338861357234
       128               3282.7   -0.378353264322407
       129               3282.8    -0.37830735458239
       130               3282.9   -0.378249740466258
       131                 3283   -0.378314934226144
       132               3283.1   -0.378604250107727
       133               3283.2   -0.379131570854928
       134               3283.3   -0.379869266991531
       135               3283.4   -0.380797281843572
       136               3283.5   -0.381874894419938
       137               3283.6   -0.382974100157273
       138               3283.7   -0.383872676141696
       139               3283.8   -0.384348537020003
       140               3283.9   -0.384314391286968
       141                 3284   -0.383877752341065
       142               3284.1   -0.383266468946089
       143               3284.2   -0.382689356016052
       144               3284.3   -0.382266091254635
       145               3284.4   -0.382072224206717
       146               3284.5    -0.38220614873501
       147               3284.6   -0.382766639126526
       148               3284.7   -0.383748963700428
       149               3284.8   -0.384978202765957
       150               3284.9   -0.386176605068341
       151                 3285   -0.387134319274994
       152               3285.1    -0.38785023554172
       153               3285.2   -0.388528908800279
       154               3285.3   -0.389435991890699
       155               3285.4   -0.390719626217817
       156               3285.5   -0.392314920069866
       157               3285.6   -0.393971533465248
       158               3285.7   -0.395359473001212
       159               3285.8   -0.396183919340453
       160               3285.9   -0.396271069250059
       161                 3286   -0.395618782114912
       162               3286.1   -0.394409388280648
       163               3286.2   -0.392975241837801
       164               3286.3   -0.391712480479076
       165               3286.4   -0.390957709660537
       166               3286.5   -0.390869535671167
       167               3286.6   -0.391372249929083
       168               3286.7   -0.392191465668276
       169               3286.8   -0.392951365744018
       170               3286.9   -0.393283106746091
       171                 3287   -0.392941481204846
       172               3287.1   -0.391941313561265
       173               3287.2   -0.390632295862091
       174               3287.3   -0.389570180794724
       175               3287.4   -0.389191250117309
       176               3287.5   -0.389535994365099
       177               3287.6   -0.390273383247072
       178               3287.7   -0.390988902536623
       179               3287.8   -0.391449034061841
       180               3287.9   -0.391631609050768
       181                 3288   -0.391591178594105
       182               3288.1   -0.391362818108996
       183               3288.2   -0.390977682705276
       184               3288.3   -0.390495627647895
       185               3288.4   -0.389985559871852
       186               3288.5   -0.389516750172932
       187               3288.6   -0.389215188559097
       188               3288.7   -0.389290111361636
       189               3288.8   -0.389914972163763
       190               3288.9   -0.391041288023891
       191                 3289   -0.392358555071147
       192               3289.1   -0.393469303831887
       193               3289.2   -0.394108469869575
       194               3289.3   -0.394215288675113
       195               3289.4   -0.393865410151525
       196               3289.5   -0.393211219301111
       197               3289.6   -0.392495086364708
       198               3289.7   -0.392038794559639
       199               3289.8   -0.392109239820496
       200               3289.9   -0.392728341083674
       201                 3290   -0.393611552980385
       202               3290.1   -0.394321910612173
       203               3290.2   -0.394520277249157
       204               3290.3    -0.39410979838302
       205               3290.4   -0.393192936960505
       206               3290.5   -0.391936529829134
       207               3290.6    -0.39048564563897
       208               3290.7   -0.388961684719216
       209               3290.8   -0.387478841673686
       210               3290.9    -0.38613381902521
       211                 3291   -0.384996577215856
       212               3291.1   -0.384127104621663
       213               3291.2      -0.383587070355
       214               3291.3   -0.383419509585713
       215               3291.4   -0.383625073525775
       216               3291.5   -0.384160028522102
       217               3291.6   -0.384925981000579
       218               3291.7   -0.385735104420041
       219               3291.8   -0.386317269746446
       220               3291.9   -0.386434338982254
       221                 3292   -0.386035990508131
       222               3292.1   -0.385302239878153
       223               3292.2   -0.384516891347605
       224               3292.3   -0.383898133859614
       225               3292.4   -0.383548779363066
       226               3292.5   -0.383531371800467
       227               3292.6   -0.383924550192916
       228               3292.7   -0.384767373371576
       229               3292.8   -0.385970441789318
       230               3292.9   -0.387323639427079
       231                 3293    -0.38859628514413
       232               3293.1   -0.389612497668156
       233               3293.2    -0.39025150114179
       234               3293.3   -0.390442025933836
       235               3293.4   -0.390198920444104
       236               3293.5   -0.389643596765162
       237               3293.6   -0.388950749100662
       238               3293.7   -0.388270000828467
       239               3293.8    -0.38769985768862
       240               3293.9   -0.387302057307238
       241                 3294   -0.387101432220853
       242               3294.1    -0.38708361911036
       243               3294.2   -0.387227668990248
       244               3294.3    -0.38752332307931
       245               3294.4   -0.387901384500504
       246               3294.5   -0.388155368663677
       247               3294.6    -0.38803037878389
       248               3294.7   -0.387477236327482
       249               3294.8   -0.386808441020463
       250               3294.9    -0.38652944023366
       251                 3295   -0.386957375338173
       252               3295.1   -0.387974965689434
       253               3295.2   -0.389129767597214
       254               3295.3   -0.389958451993494
       255               3295.4    -0.39024769188278
       256               3295.5   -0.390065648362167
       257               3295.6   -0.389633387923154
       258               3295.7   -0.389202273056275
       259               3295.8   -0.389004514212416
       260               3295.9   -0.389221005238353
       261                 3296   -0.389921288840119
       262               3296.1   -0.391018864466362
       263               3296.2   -0.392298917125032
       264               3296.3   -0.393503225531145
       265               3296.4   -0.394415137331342
       266               3296.5   -0.394917168423349
       267               3296.6   -0.395016595796432
       268               3296.7   -0.394815974339406
       269               3296.8   -0.394419295129942
       270               3296.9   -0.393841404035886
       271                 3297   -0.393024180339313
       272               3297.1   -0.391966742467722
       273               3297.2   -0.390835285207225
       274               3297.3    -0.38991101490426
       275               3297.4   -0.389399828208403
       276               3297.5   -0.389284639409213
       277               3297.6   -0.389357938556947
       278               3297.7   -0.389377649271629
       279               3297.8   -0.389185385063108
       280               3297.9   -0.388719570177992
       281                 3298   -0.387986222045838
       282               3298.1   -0.387052038184017
       283               3298.2   -0.386048584704528
       284               3298.3   -0.385151091326163
       285               3298.4   -0.384527968702582
       286               3298.5   -0.384279500087343
       287               3298.6   -0.384383550949206
       288               3298.7   -0.384678688789824
       289               3298.8   -0.384930009241716
       290               3298.9   -0.384974436904186
       291                 3299   -0.384837226078793
       292               3299.1    -0.38468980254631
       293               3299.2   -0.384665597896505
       294               3299.3   -0.384710558100962
       295               3299.4   -0.384607603381115
       296               3299.5   -0.384129268926172
       297               3299.6   -0.383177945166595
       298               3299.7   -0.381840581787455
       299               3299.8   -0.380365183840454
       300               3299.9   -0.379073366133907
       301                 3300   -0.378231758978916
       302               3300.1   -0.377947738510252
       303               3300.2   -0.378151258845984
       304               3300.3   -0.378656413027025
       305               3300.4   -0.379252479340677
       306               3300.5   -0.379786867678136
       307               3300.6    -0.38021333064811
       308               3300.7     -0.3805777842707
       309               3300.8   -0.380950937362995
       310               3300.9   -0.381370267396461
       311                 3301   -0.381836148489049
       312               3301.1   -0.382325568125454
       313               3301.2   -0.382767913431614
       314               3301.3   -0.383016604415363
       315               3301.4    -0.38290719270248
       316               3301.5   -0.382395849816729
       317               3301.6   -0.381640478750455
       318               3301.7   -0.380922706198523
       319               3301.8   -0.380480434501703
       320               3301.9   -0.380400277768681
       321                 3302   -0.380624823830576
       322               3302.1   -0.381014916059719
       323               3302.2   -0.381404353783309
       324               3302.3   -0.381643014987789
       325               3302.4   -0.381639895754269
       326               3302.5   -0.381386991017305
       327               3302.6   -0.380941917959052
       328               3302.7   -0.380396906413131
       329               3302.8   -0.379890119552447
       330               3302.9   -0.379650843311324
       331                 3303   -0.379978512717602
       332               3303.1   -0.381085662146808
       333               3303.2   -0.382899343423816
       334               3303.3   -0.385021830174156
       335               3303.4   -0.386933699062063
       336               3303.5   -0.388283876420912
       337               3303.6   -0.389026071489262
       338               3303.7   -0.389329110099849
       339               3303.8   -0.389400389092001
       340               3303.9   -0.389377655497045
       341                 3304   -0.389306355993963
       342               3304.1   -0.389144255867599
       343               3304.2   -0.388780129842488
       344               3304.3   -0.388088936823106
       345               3304.4   -0.387010311328822
       346               3304.5   -0.385607803630934
       347               3304.6   -0.384082042369436
       348               3304.7   -0.382722163662664
       349               3304.8   -0.381783723295311
       350               3304.9   -0.381337791407041
       351                 3305   -0.381218094858085
       352               3305.1   -0.381163543781732
       353               3305.2   -0.381067930278247
       354               3305.3   -0.381093672729181
       355               3305.4   -0.381504034051613
       356               3305.5   -0.382355783676903
       357               3305.6   -0.383351750926714
       358               3305.7   -0.383996521162867
       359               3305.8   -0.383909842257698
       360               3305.9   -0.383035572147524
       361                 3306    -0.38161550512069
       362               3306.1    -0.38000286500765
       363               3306.2   -0.378483745795843
       364               3306.3   -0.377220953091402
       365               3306.4   -0.376311546116264
       366               3306.5   -0.375852302716254
       367               3306.6   -0.375910358981947
       368               3306.7   -0.376413372169211
       369               3306.8   -0.377097265499536
       370               3306.9    -0.37762086981027
       371                 3307   -0.377775995457455
       372               3307.1   -0.377594785027411
       373               3307.2   -0.377246724940429
       374               3307.3   -0.376834237625529
       375               3307.4   -0.376300206221867
       376               3307.5   -0.375536820436111
       377               3307.6   -0.374564815657373
       378               3307.7   -0.373579489707116
       379               3307.8   -0.372816500388443
       380               3307.9   -0.372388669496063
       381                 3308   -0.372253672412124
       382               3308.1   -0.372306017938129
       383               3308.2   -0.372467088922563
       384               3308.3    -0.37269748101416
       385               3308.4   -0.372963461307304
       386               3308.5   -0.373209103585335
       387               3308.6   -0.373345473320771
       388               3308.7   -0.373265797929262
       389               3308.8   -0.372908576688849
       390               3308.9   -0.372344201545251
       391                 3309   -0.371799182160798
       392               3309.1   -0.371559676427742
       393               3309.2    -0.37180188559944
       394               3309.3   -0.372469901814271
       395               3309.4   -0.373293573842653
       396               3309.5   -0.373936463270445
       397               3309.6   -0.374169133139474
       398               3309.7   -0.373952877458666
       399               3309.8   -0.373398188698435
       400               3309.9   -0.372658364300788
       401                 3310    -0.37185772917942
       402               3310.1   -0.371107576131486
       403               3310.2   -0.370556932921632
       404               3310.3   -0.370365377986353
       405               3310.4   -0.370579008575058
       406               3310.5   -0.371051413184386
       407               3310.6   -0.371538936035483
       408               3310.7   -0.371886725151324
       409               3310.8   -0.372101802819199
       410               3310.9   -0.372261330305433
       411                 3311   -0.372404222945278
       412               3311.1   -0.372527171204832
       413               3311.2   -0.372633970674152
       414               3311.3   -0.372735367657085
       415               3311.4   -0.372807522785134
       416               3311.5   -0.372795532908633
       417               3311.6   -0.372677209010035
       418               3311.7   -0.372499054916631
       419               3311.8   -0.372326498793716
       420               3311.9   -0.372176764500377
       421                 3312   -0.372030519824247
       422               3312.1   -0.371894459561357
       423               3312.2   -0.371804168171345
       424               3312.3    -0.37175583292072
       425               3312.4   -0.371679990794345
       426               3312.5   -0.371511988787437
       427               3312.6   -0.371264753186597
       428               3312.7   -0.371008197307786
       429               3312.8   -0.370790956889449
       430               3312.9   -0.370591465316334
       431                 3313   -0.370318297662048
       432               3313.1    -0.36983893445166
       433               3313.2   -0.369035318600435
       434               3313.3   -0.367870728678476
       435               3313.4   -0.366408818499214
       436               3313.5   -0.364748489187256
       437               3313.6   -0.362927654824059
       438               3313.7   -0.360895824398368
       439               3313.8   -0.358595451039963
       440               3313.9   -0.356079362047539
       441                 3314   -0.353540791846458
       442               3314.1   -0.351210870696156
       443               3314.2    -0.34921849750456
       444               3314.3    -0.34754880366252
       445               3314.4   -0.346117408838892
       446               3314.5    -0.34484504265652
       447               3314.6   -0.343647366671526
       448               3314.7   -0.342399919616365
       449               3314.8   -0.340979777925244
       450               3314.9    -0.33935908254749
       451                 3315   -0.337632507317387
       452               3315.1   -0.335955121382919
       453               3315.2    -0.33448934441864
       454               3315.3   -0.333394698994606
       455               3315.4   -0.332760644941402
       456               3315.5    -0.33245256239775
       457               3315.6   -0.332047633690717
       458               3315.7   -0.331036486096476
       459               3315.8   -0.329183987364472
       460               3315.9    -0.32671996625534
       461                 3316   -0.324158046825467
       462               3316.1   -0.321888368280442
       463               3316.2   -0.319888255416946
       464               3316.3   -0.317760669191467
       465               3316.4   -0.315016061048015
       466               3316.5   -0.311355456209224
       467               3316.6   -0.306785298757404
       468               3316.7   -0.301556243630218
       469               3316.8    -0.29601650857235
       470               3316.9   -0.290479146045697
       471                 3317   -0.285160781755226
       472               3317.1   -0.280189439122742
       473               3317.2   -0.275631569212005
       474               3317.3   -0.271487643704609
       475               3317.4   -0.267656432166546
       476               3317.5   -0.263921197035955
       477               3317.6   -0.260004677456866
       478               3317.7   -0.255678191667351
       479               3317.8   -0.250863476808445
       480               3317.9   -0.245674750060429
       481                 3318   -0.240385122758576
       482               3318.1   -0.235333957521219
       483               3318.2   -0.230815104426732
       484               3318.3   -0.226989503596361
       485               3318.4   -0.223843649738306
       486               3318.5   -0.221195926870347
       487               3318.6   -0.218753100916135
       488               3318.7   -0.216210658701139
       489               3318.8   -0.213360703271483
       490               3318.9   -0.210159959786624
       491                 3319   -0.206735611678179
       492               3319.1   -0.203326667219977
       493               3319.2   -0.200163759782786
       494               3319.3   -0.197334450837102
       495               3319.4   -0.194748275899951
       496               3319.5   -0.192274275144959
       497               3319.6   -0.189942579786944
       498               3319.7   -0.187995401205305
       499               3319.8   -0.186728915012562
       500               3319.9   -0.186311606541536
       501                 3320   -0.186762804713078
       502               3320.1   -0.188041828485299
       503               3320.2   -0.190085655434539
       504               3320.3   -0.192776549626524
       505               3320.4   -0.195949585796918
       506               3320.5   -0.199465918060485
       507               3320.6   -0.203261224988413
       508               3320.7   -0.207327625577109
       509               3320.8   -0.211687296507501
       510               3320.9   -0.216394513820348
       511                 3321   -0.221529236676911
       512               3321.1   -0.227155780991874
       513               3321.2   -0.233270531082258
       514               3321.3   -0.239758231927305
       515               3321.4   -0.246361744328412
       516               3321.5   -0.252705773808833
       517               3321.6   -0.258421231606728
       518               3321.7   -0.263322672195878
       519               3321.8   -0.267509028652281
       520               3321.9   -0.271318013191595
       521                 3322   -0.275186008919238
       522               3322.1   -0.279492169529179
       523               3322.2   -0.284426910557304
       524               3322.3   -0.289933847780554
       525               3322.4   -0.295778690110242
       526               3322.5   -0.301699686808818
       527               3322.6   -0.307502090247988
       528               3322.7   -0.313035730956515
       529               3322.8    -0.31814125982319
       530               3322.9   -0.322654256107557
       531                 3323   -0.326449901022527
       532               3323.1   -0.329483099934006
       533               3323.2   -0.331828755537281
       534               3323.3   -0.333709494295621
       535               3323.4    -0.33543773265719
       536               3323.5   -0.337256045690914
       537               3323.6    -0.33920966177673
       538               3323.7   -0.341201259059021
       539               3323.8   -0.343185348462092
       540               3323.9   -0.345286712651518
       541                 3324   -0.347704855824611
       542               3324.1   -0.350504240661766
       543               3324.2   -0.353500482118811
       544               3324.3    -0.35633025246298
       545               3324.4   -0.358619635788121
       546               3324.5   -0.360132212071653
       547               3324.6    -0.36085041534188
       548               3324.7    -0.36098425908529
       549               3324.8   -0.360892997071143
       550               3324.9   -0.360928236270938
       551                 3325   -0.361270785800683
       552               3325.1   -0.361860406788803
       553               3325.2   -0.362465535206199
       554               3325.3   -0.362848327790298
       555               3325.4   -0.362915671476436
       556               3325.5   -0.362758302046503
       557               3325.6   -0.362570899991599
       558               3325.7   -0.362542944615946
       559               3325.8   -0.362809339544601
       560               3325.9    -0.36344813023028
       561                 3326   -0.364448114925052
       562               3326.1   -0.365644894158583
       563               3326.2   -0.366730481284577
       564               3326.3   -0.367393411397449
       565               3326.4   -0.367481452625511
       566               3326.5   -0.367033810665019
       567               3326.6   -0.366181825875779
       568               3326.7   -0.365060956804144
       569               3326.8   -0.363826494853271
       570               3326.9   -0.362704309273324
       571                 3327   -0.361950127334299
       572               3327.1    -0.36170660729969
       573               3327.2   -0.361890835966692
       574               3327.3   -0.362230563227147
       575               3327.4   -0.362408285588393
       576               3327.5   -0.362180472994559
       577               3327.6   -0.361426878728278
       578               3327.7   -0.360186034096644
       579               3327.8   -0.358676096741526
       580               3327.9   -0.357209867940134
       581                 3328   -0.356000602904528
       582               3328.1   -0.355027916437619
       583               3328.2   -0.354109749604764
       584               3328.3   -0.353099585493243
       585               3328.4   -0.352000779634732
       586               3328.5   -0.350921241598997
       587               3328.6   -0.349976576642277
       588               3328.7   -0.349247319434411
       589               3328.8   -0.348768288766263
       590               3328.9   -0.348495254436496
       591                 3329   -0.348281671243652
       592               3329.1   -0.347932380247276
       593               3329.2   -0.347313587936295
       594               3329.3   -0.346423702324922
       595               3329.4   -0.345369320966823
       596               3329.5   -0.344274915845796
       597               3329.6   -0.343193796550134
       598               3329.7   -0.342085300320246
       599               3329.8   -0.340887894107012
       600               3329.9   -0.339636627179319
       601                 3330   -0.338509121542664
       602               3330.1   -0.337734098213784
       603               3330.2   -0.337426123594442
       604               3330.3   -0.337483365622959
       605               3330.4   -0.337645502717917
       606               3330.5   -0.337699627444829
       607               3330.6   -0.337694290693953
       608               3330.7   -0.337963601742185
       609               3330.8    -0.33888962737247
       610               3330.9    -0.34058423807758
       611                 3331   -0.342778050914273
       612               3331.1   -0.345011487852269
       613               3331.2   -0.346939495768468
       614               3331.3   -0.348496425093221
       615               3331.4   -0.349846533139668
       616               3331.5    -0.35123413578249
       617               3331.6   -0.352871979797055
       618               3331.7    -0.35491291194092
       619               3331.8    -0.35747313205083
       620               3331.9   -0.360662833773401
       621                 3332   -0.364587678741181
       622               3332.1   -0.369293903441538
       623               3332.2   -0.374678808377689
       624               3332.3   -0.380459804027963
       625               3332.4   -0.386280124345791
       626               3332.5   -0.391893273940604
       627               3332.6    -0.39726404600114
       628               3332.7   -0.402504011607372
       629               3332.8   -0.407737688280258
       630               3332.9   -0.413047440605075
       631                 3333   -0.418516683624234
       632               3333.1   -0.424262638031631
       633               3333.2    -0.43038051186846
       634               3333.3   -0.436850660070555
       635               3333.4   -0.443518779466617
       636               3333.5   -0.450189085367874
       637               3333.6   -0.456764528070767
       638               3333.7   -0.463325091911605
       639               3333.8   -0.470071524115297
       640               3333.9   -0.477154061600107
       641                 3334   -0.484509104342113
       642               3334.1   -0.491848175520044
       643               3334.2   -0.498823714388636
       644               3334.3   -0.505234810241582
       645               3334.4   -0.511106527200657
       646               3334.5   -0.516605076470719
       647               3334.6   -0.521891235987012
       648               3334.7   -0.527036984382082
       649               3334.8    -0.53204443380815
       650               3334.9   -0.536909880425139
       651                 3335   -0.541654457109062
       652               3335.1   -0.546297458231669
       653               3335.2   -0.550803222512358
       654               3335.3   -0.555036178898816
       655               3335.4   -0.558745362896201
       656               3335.5   -0.561605867941359
       657               3335.6   -0.563332912985007
       658               3335.7   -0.563822029678424
       659               3335.8   -0.563215724749114
       660               3335.9   -0.561830763865691
       661                 3336    -0.55998294314397
       662               3336.1   -0.557821857361768
       663               3336.2   -0.555270455907827
       664               3336.3    -0.55208356789729
       665               3336.4   -0.547983891102602
       666               3336.5   -0.542830271084987
       667               3336.6   -0.536753885458491
       668               3336.7   -0.530148858580891
       669               3336.8   -0.523448447672384
       670               3336.9   -0.516810498841122
       671                 3337   -0.509978971028058
       672               3337.1   -0.502466640919456
       673               3337.2    -0.49391788298356
       674               3337.3   -0.484361354887319
       675               3337.4   -0.474174399352967
       676               3337.5    -0.46381623772026
       677               3337.6   -0.453552230155152
       678               3337.7    -0.44337335411239
       679               3337.8   -0.433124058804736
       680               3337.9   -0.422662151860612
       681                 3338   -0.411894907980429
       682               3338.1   -0.400735945413697
       683               3338.2   -0.389136237016748
       684               3338.3   -0.377209025639385
       685               3338.4    -0.36528116699121
       686               3338.5   -0.353734762773212
       687               3338.6   -0.342735399289818
       688               3338.7   -0.332089859614281
       689               3338.8   -0.321355090185393
       690               3338.9   -0.310083206598464
       691                 3339   -0.298007632830169
       692               3339.1   -0.285095342264619
       693               3339.2   -0.271511915815703
       694               3339.3   -0.257542917314149
       695               3339.4   -0.243475388398881
       696               3339.5   -0.229470238845927
       697               3339.6   -0.215500734717277
       698               3339.7   -0.201407122310027
       699               3339.8   -0.187037122210297
       700               3339.9     -0.1723757360454
       701                 3340    -0.15756364800017
       702               3340.1   -0.142783256229197
       703               3340.2   -0.128113877069184
       704               3340.3   -0.113500649446313
       705               3340.4  -0.0988694416663687
       706               3340.5  -0.0842525310166473
       707               3340.6  -0.0697560483431611
       708               3340.7  -0.0553615844257587
       709               3340.8  -0.0407530828508144
       710               3340.9    -0.02537013255479
       711                 3341  -0.0086805704414725
       712               3341.1   0.0095321549681953
       713               3341.2   0.0290525633818951
       714               3341.3   0.0493146613152127
       715               3341.4   0.0696096786276583
       716               3341.5   0.0893330687978452
       717               3341.6    0.108161049154705
       718               3341.7    0.126053221397824
       719               3341.8    0.143097324964173
       720               3341.9    0.159340468264667
       721                 3342    0.174714558790915
       722               3342.1    0.189022595348863
       723               3342.2    0.201920882611952
       724               3342.3    0.212927786649729
       725               3342.4     0.22152152837984
       726               3342.5    0.227288340100792
       727               3342.6    0.230002678080897
       728               3342.7    0.229580685585357
       729               3342.8    0.225961652320771
       730               3342.9    0.219009479326741
       731                 3343    0.208488001476088
       732               3343.1    0.194124202307464
       733               3343.2     0.17574300659398
       734               3343.3    0.153402233843461
       735               3343.4    0.127409943902738
       736               3343.5   0.0981642404903803
       737               3343.6   0.0659214234748465
       738               3343.7   0.0307100931949991
       739               3343.8 -0.00749144988030701
       740               3343.9  -0.0484395546954165
       741                 3344  -0.0914345267214153
       742               3344.1   -0.135418334129177
       743               3344.2   -0.179301541923484
       744               3344.3   -0.222306011936636
       745               3344.4   -0.264105400025392
       746               3344.5   -0.304677704647858
       747               3344.6   -0.343989115142333
       748               3344.7   -0.381762199276078
       749               3344.8   -0.417506725426698
       750               3344.9   -0.450761766262326
       751                 3345   -0.481329112206289
       752               3345.1   -0.509308872288724
       753               3345.2   -0.534927523076776
       754               3345.3   -0.558323682835728
       755               3345.4   -0.579480065111519
       756               3345.5     -0.5983283925717
       757               3345.6   -0.614870490413166
       758               3345.7   -0.629169994935542
       759               3345.8    -0.64126181204944
       760               3345.9   -0.651145287241833
       761                 3346   -0.658908375513208
       762               3346.1   -0.664831015186005
       763               3346.2   -0.669311851607905
       764               3346.3   -0.672673201516756
       765               3346.4   -0.675052090415899
       766               3346.5    -0.67648326470242
       767               3346.6   -0.677063482261076
       768               3346.7   -0.677021796127415
       769               3346.8   -0.676647524378053
       770               3346.9   -0.676159728799484
       771                 3347   -0.675611439763503
       772               3347.1   -0.674869326947504
       773               3347.2   -0.673686794448785
       774               3347.3   -0.671864819422749
       775               3347.4    -0.66941166964988
       776               3347.5   -0.666552386883473
       777               3347.6   -0.663541643753066
       778               3347.7   -0.660442785336789
       779               3347.8   -0.657099737787028
       780               3347.9   -0.653331215999514
       781                 3348   -0.649132631273843
       782               3348.1   -0.644671058931503
       783               3348.2   -0.640100377767475
       784               3348.3   -0.635418031825604
       785               3348.4   -0.630513633887608
       786               3348.5   -0.625328513236486
       787               3348.6   -0.619936020790277
       788               3348.7   -0.614472727281004
       789               3348.8   -0.609022880117362
       790               3348.9   -0.603576733171949
       791                 3349    -0.59807208520147
       792               3349.1   -0.592453016624733
       793               3349.2   -0.586696949431418
       794               3349.3   -0.580801028146093
       795               3349.4   -0.574747288339763
       796               3349.5   -0.568493759733916
       797               3349.6   -0.562022468172453
       798               3349.7   -0.555393863376544
       799               3349.8   -0.548723118959972
       800               3349.9   -0.542092610300495
       801                 3350   -0.535514256521679
       802               3350.1   -0.528991886801562
       803               3350.2   -0.522593419917413
       804               3350.3   -0.516430168920912
       805               3350.4   -0.510565248589997
       806               3350.5   -0.504966038275538
       807               3350.6   -0.499573121289029
       808               3350.7   -0.494428005113924
       809               3350.8     -0.4897151090724
       810               3350.9   -0.485641265379602
       811                 3351   -0.482253910588778
       812               3351.1   -0.479382865892879
       813               3351.2    -0.47676812782738
       814               3351.3   -0.474256294330051
       815               3351.4   -0.471910568709918
       816               3351.5   -0.469977663826014
       817               3351.6    -0.46875405147237
       818               3351.7   -0.468431044784485
       819               3351.8   -0.468993451557212
       820               3351.9    -0.47021575681573
       821                 3352   -0.471749748092049
       822               3352.1   -0.473252902326487
       823               3352.2   -0.474493452544223
       824               3352.3    -0.47539091590404
       825               3352.4   -0.475990727691836
       826               3352.5   -0.476397021754583
       827               3352.6    -0.47669330003075
       828               3352.7   -0.476892259832397
       829               3352.8   -0.476960560467885
       830               3352.9   -0.476907534017173
       831                 3353   -0.476840241721521
       832               3353.1   -0.476903396155977
       833               3353.2    -0.47716365584799
       834               3353.3   -0.477581805134928
       835               3353.4   -0.478110683881826
       836               3353.5   -0.478798360842865
       837               3353.6   -0.479776917470308
       838               3353.7   -0.481154196904825
       839               3353.8   -0.482908257443753
       840               3353.9   -0.484853718563973
       841                 3354   -0.486705117384718
       842               3354.1   -0.488230569338769
       843               3354.2   -0.489403083115724
       844               3354.3   -0.490383331182757
       845               3354.4   -0.491285987454748
       846               3354.5   -0.491944263217887
       847               3354.6   -0.491955664143315
       848               3354.7   -0.491001164193095
       849               3354.8    -0.48910859488964
       850               3354.9   -0.486598210797707
       851                 3355   -0.483820211210405
       852               3355.1   -0.480992047275626
       853               3355.2   -0.478252177115534
       854               3355.3   -0.475762784996023
       855               3355.4    -0.47367482954114
       856               3355.5   -0.471987310263911
       857               3355.6   -0.470486162284248
       858               3355.7   -0.468863739319703
       859               3355.8   -0.466924355529716
       860               3355.9   -0.464703872096267
       861                 3356       -0.46242974113
       862               3356.1   -0.460383897198047
       863               3356.2   -0.458773525311112
       864               3356.3   -0.457672487456661
       865               3356.4   -0.457039377819873
       866               3356.5    -0.45677553558187
       867               3356.6   -0.456765970297133
       868               3356.7   -0.456874637386796
       869               3356.8   -0.456932248378503
       870               3356.9   -0.456773022801585
       871                 3357   -0.456297464454159
       872               3357.1   -0.455470425200069
       873               3357.2   -0.454242192945962
       874               3357.3    -0.45251849858368
       875               3357.4   -0.450274932884283
       876               3357.5   -0.447709204184541
       877               3357.6   -0.445228406548085
       878               3357.7   -0.443232505139275
       879               3357.8   -0.441876335015175
       880               3357.9   -0.441004116319385
       881                 3358   -0.440273319272312
       882               3358.1   -0.439344796547662
       883               3358.2   -0.438028641469735
       884               3358.3   -0.436350137866417
       885               3358.4   -0.434530604206404
       886               3358.5   -0.432886994958708
       887               3358.6   -0.431696717497323
       888               3358.7   -0.431100863246796
       889               3358.8   -0.431065242478097
       890               3358.9   -0.431360528439513
       891                 3359   -0.431572719430126
       892               3359.1   -0.431232935057632
       893               3359.2   -0.430077842841738
       894               3359.3   -0.428260947188041
       895               3359.4   -0.426298599071532
       896               3359.5   -0.424752661054312
       897               3359.6   -0.423889006537368
       898               3359.7   -0.423556076587717
       899               3359.8   -0.423330676752513
       900               3359.9   -0.422789857305767
       901                 3360   -0.421727841465143
       902               3360.1   -0.420224700668034
       903               3360.2   -0.418579229356253
       904               3360.3   -0.417162818920296
       905               3360.4   -0.416248636818488
       906               3360.5   -0.415875278390228
       907               3360.6   -0.415816719867424
       908               3360.7   -0.415699809832733
       909               3360.8   -0.415219986811747
       910               3360.9   -0.414319397399559
       911                 3361   -0.413199607688355
       912               3361.1   -0.412159974859155
       913               3361.2   -0.411386550823558
       914               3361.3   -0.410842592778812
       915               3361.4   -0.410315243625098
       916               3361.5    -0.40956264961653
       917               3361.6    -0.40847250343541
       918               3361.7   -0.407158263948283
       919               3361.8   -0.405933626076997
       920               3361.9   -0.405155859577381
       921                 3362   -0.405032886324303
       922               3362.1   -0.405537620798888
       923               3362.2   -0.406476186806143
       924               3362.3   -0.407615253194093
       925               3362.4   -0.408749836992719
       926               3362.5   -0.409685646220974
       927               3362.6   -0.410196199463751
       928               3362.7   -0.410032546591753
       929               3362.8   -0.409027825787272
       930               3362.9   -0.407256422337109
       931                 3363   -0.405113112451356
       932               3363.1   -0.403189229293132
       933               3363.2   -0.401991779075378
       934               3363.3   -0.401710017238692
       935               3363.4   -0.402182349080664
       936               3363.5    -0.40302242772046
       937               3363.6   -0.403773811701865
       938               3363.7   -0.404043241428715
       939               3363.8   -0.403636514469503
       940               3363.9   -0.402664921793708
       941                 3364   -0.401509596796163
       942               3364.1   -0.400594210213066
       943               3364.2   -0.400107529123476
       944               3364.3   -0.399916962950285
       945               3364.4   -0.399756678905998
       946               3364.5    -0.39949847194714
       947               3364.6   -0.399237229142832
       948               3364.7   -0.399136750513076
       949               3364.8     -0.3992298235449
       950               3364.9   -0.399380927359575
       951                 3365   -0.399426763899703
       952               3365.1   -0.399336506504254
       953               3365.2   -0.399235734110508
       954               3365.3   -0.399279707976216
       955               3365.4   -0.399494524781791
       956               3365.5   -0.399718099017282
       957               3365.6   -0.399681724466939
       958               3365.7   -0.399169403850846
       959               3365.8   -0.398145125532279
       960               3365.9    -0.39676760970213
       961                 3366   -0.395301489249694
       962               3366.1   -0.394013604979108
       963               3366.2    -0.39312787853331
       964               3366.3   -0.392819149357877
       965               3366.4   -0.393180413704816
       966               3366.5     -0.3941605102877
       967               3366.6   -0.395543685169646
       968               3366.7   -0.397018553610648
       969               3366.8   -0.398295954228707
       970               3366.9   -0.399193992824991
       971                 3367   -0.399646508732921
       972               3367.1   -0.399654143859206
       973               3367.2   -0.399234269391149
       974               3367.3   -0.398418640432459
       975               3367.4   -0.397297901793726
       976               3367.5   -0.396055879343931
       977               3367.6   -0.394932383799879
       978               3367.7   -0.394118495109197
       979               3367.8   -0.393663251259519
       980               3367.9   -0.393470503375279
       981                 3368   -0.393377928352017
       982               3368.1   -0.393231590157105
       983               3368.2   -0.392895419855948
       984               3368.3   -0.392231723284957
       985               3368.4   -0.391129979016386
       986               3368.5    -0.38959546341943
       987               3368.6   -0.387816889194845
       988               3368.7   -0.386121382360132
       989               3368.8   -0.384823153352727
       990               3368.9   -0.384088308419508
       991                 3369   -0.383928895233852
       992               3369.1   -0.384289930777183
       993               3369.2   -0.385090204875691
       994               3369.3   -0.386168175519634
       995               3369.4   -0.387241007849609
       996               3369.5   -0.387983182171022
       997               3369.6   -0.388180807220551
       998               3369.7   -0.387828428898648
       999               3369.8   -0.387103628023791
      1000               3369.9   -0.386264580158891
      1001                 3370   -0.385541498324563
      1002               3370.1   -0.385058359885164
      1003               3370.2   -0.384808436103023
      1004               3370.3   -0.384708581643672
      1005               3370.4   -0.384711411683777
      1006               3370.5   -0.384882455518566
      1007               3370.6   -0.385353679541679
      1008               3370.7     -0.3861803098723
      1009               3370.8    -0.38724310283802
      1010               3370.9   -0.388309566377036
      1011                 3371   -0.389205180650327
      1012               3371.1   -0.389931425590752
      1013               3371.2   -0.390633978595597
      1014               3371.3   -0.391474050648627
      1015               3371.4   -0.392508818976197
      1016               3371.5   -0.393636109019805
      1017               3371.6   -0.394618831246524
      1018               3371.7   -0.395193924847579
      1019               3371.8   -0.395226496423579
      1020               3371.9   -0.394814024763806
      1021                 3372   -0.394259011312079
      1022               3372.1    -0.39391553286384
      1023               3372.2   -0.394002595239676
      1024               3372.3   -0.394502196041894
      1025               3372.4   -0.395205366011226
      1026               3372.5    -0.39586542018101
      1027               3372.6   -0.396339241448678
      1028               3372.7   -0.396616686380256
      1029               3372.8   -0.396745848428549
      1030               3372.9   -0.396752401158444
      1031                 3373   -0.396630360756945
      1032               3373.1   -0.396389755505652
      1033               3373.2   -0.396103323360895
      1034               3373.3   -0.395919662971451
      1035               3373.4   -0.396025654918069
      1036               3373.5   -0.396545871042886
      1037               3373.6   -0.397429834935692
      1038               3373.7   -0.398442022489456
      1039               3373.8    -0.39929650467282
      1040               3373.9    -0.39982177161283
      1041                 3374   -0.400017931967782
      1042               3374.1   -0.400007979618221
      1043               3374.2   -0.399974281558205
      1044               3374.3   -0.400109420947794
      1045               3374.4   -0.400548453369724
      1046               3374.5   -0.401299507166501
      1047               3374.6    -0.40224470590596
      1048               3374.7   -0.403231478217241
      1049               3374.8   -0.404183167351598
      1050               3374.9    -0.40514371257641
      1051                 3375   -0.406230701990292
      1052               3375.1   -0.407532564380875
      1053               3375.2    -0.40902076837782
      1054               3375.3   -0.410550114183752
      1055               3375.4   -0.411959490830776
      1056               3375.5   -0.413184222910156
      1057               3375.6   -0.414268873100424
      1058               3375.7   -0.415283972625338
      1059               3375.8   -0.416263943065216
      1060               3375.9   -0.417239224677931
      1061                 3376   -0.418298655939313
      1062               3376.1   -0.419577814244594
      1063               3376.2    -0.42116236927984
      1064               3376.3   -0.422991275234333
      1065               3376.4   -0.424848840671503
      1066               3376.5    -0.42646932782663
      1067               3376.6   -0.427696461443982
      1068               3376.7   -0.428586096652648
      1069               3376.8   -0.429362654572707
      1070               3376.9   -0.430250732521769
      1071                 3377   -0.431315638195994
      1072               3377.1   -0.432441805266397
      1073               3377.2   -0.433453555555378
      1074               3377.3   -0.434265606860682
      1075               3377.4    -0.43494466714635
      1076               3377.5   -0.435647272001715
      1077               3377.6   -0.436491313616689
      1078               3377.7   -0.437463478541822
      1079               3377.8   -0.438434687967212
      1080               3377.9   -0.439260221535244
      1081                 3378   -0.439862650078733
      1082               3378.1   -0.440226142490035
      1083               3378.2   -0.440339683952505
      1084               3378.3   -0.440179822466781
      1085               3378.4   -0.439764336724827
      1086               3378.5   -0.439225146156582
      1087               3378.6    -0.43882969548536
      1088               3378.7   -0.438910437891127
      1089               3378.8   -0.439709639481517
      1090               3378.9   -0.441220208261654
      1091                 3379   -0.443157909695226
      1092               3379.1   -0.445124602486853
      1093               3379.2   -0.446832279534093
      1094               3379.3   -0.448173668871033
      1095               3379.4   -0.449092281436445
      1096               3379.5   -0.449441985031175
      1097               3379.6   -0.449035453247428
      1098               3379.7   -0.447847542623545
      1099               3379.8   -0.446146003376529
      1100               3379.9   -0.444383612513326
      1101                 3380   -0.442921132135836
      1102               3380.1   -0.441813746835659
      1103               3380.2   -0.440837497933445
      1104               3380.3   -0.439726244926393
      1105               3380.4   -0.438429064711275
      1106               3380.5    -0.43720549701078
      1107               3380.6   -0.436503047248662
      1108               3380.7   -0.436692380591472
      1109               3380.8   -0.437816522574478
      1110               3380.9   -0.439518315808174
      1111                 3381   -0.441207458027236
      1112               3381.1   -0.442353113657679
      1113               3381.2   -0.442695683871036
      1114               3381.3   -0.442262779475768
      1115               3381.4   -0.441250396381015
      1116               3381.5   -0.439908455173853
      1117               3381.6   -0.438498548865449
      1118               3381.7   -0.437280687133019
      1119               3381.8    -0.43645929940589
      1120               3381.9   -0.436089630322353
      1121                 3382   -0.436023164819994
      1122               3382.1   -0.435960648979606
      1123               3382.2   -0.435585049068566
      1124               3382.3   -0.434673649186185
      1125               3382.4    -0.43313465694157
      1126               3382.5   -0.431018465282575
      1127               3382.6   -0.428557331894731
      1128               3382.7   -0.426169953443665
      1129               3382.8   -0.424314412874137
      1130               3382.9   -0.423212578092509
      1131                 3383   -0.422654925650957
      1132               3383.1   -0.422081716081662
      1133               3383.2   -0.420911506793787
      1134               3383.3   -0.418885473832934
      1135               3383.4   -0.416201206899065
      1136               3383.5   -0.413377706679903
      1137               3383.6   -0.410964599620397
      1138               3383.7   -0.409279635402527
      1139               3383.8   -0.408314506759537
      1140               3383.9    -0.40782920438971
      1141                 3384    -0.40753519455663
      1142               3384.1   -0.407229831709343
      1143               3384.2   -0.406816886191018
      1144               3384.3   -0.406262202048894
      1145               3384.4   -0.405570348506977
      1146               3384.5   -0.404794671887749
      1147               3384.6   -0.404021935817631
      1148               3384.7   -0.403311314792515
      1149               3384.8   -0.402651829830611
      1150               3384.9   -0.401991629853019
      1151                 3385   -0.401294270661247
      1152               3385.1   -0.400540377212551
      1153               3385.2   -0.399678733989294
      1154               3385.3   -0.398617801148112
      1155               3385.4   -0.397309242741409
      1156               3385.5   -0.395852897458049
      1157               3385.6   -0.394501232109315
      1158               3385.7   -0.393529453382299
      1159               3385.8   -0.393072781143535
      1160               3385.9   -0.393068318170107
      1161                 3386   -0.393333068460134
      1162               3386.1   -0.393677835375788
      1163               3386.2   -0.393950235676396
      1164               3386.3   -0.394016080520638
      1165               3386.4   -0.393765873219808
      1166               3386.5   -0.393174754059115
      1167               3386.6   -0.392348974172879
      1168               3386.7   -0.391496090912426
      1169               3386.8   -0.390836034874893
      1170               3386.9   -0.390508402132309
      1171                 3387   -0.390509017655493
      1172               3387.1   -0.390683788933254
      1173               3387.2   -0.390822027786615
      1174               3387.3    -0.39083263356522
      1175               3387.4   -0.390865501338189
      1176               3387.5   -0.391228960074623
      1177               3387.6   -0.392134465634437
      1178               3387.7    -0.39348683827535
      1179               3387.8   -0.394903836513782
      1180               3387.9    -0.39593700696391
      1181                 3388   -0.396317728760666
      1182               3388.1   -0.396074997774812
      1183               3388.2    -0.39546787977108
      1184               3388.3   -0.394773611531767
      1185               3388.4   -0.394084844868718
      1186               3388.5   -0.393308624669369
      1187               3388.6   -0.392384688455247
      1188               3388.7   -0.391479045478455
      1189               3388.8   -0.390907871219734
      1190               3388.9   -0.390859472381236
      1191                 3389   -0.391218066108231
      1192               3389.1    -0.39165822109449
      1193               3389.2   -0.391876290708354
      1194               3389.3   -0.391731674379693
      1195               3389.4   -0.391236408420491
      1196               3389.5   -0.390493944757748
      1197               3389.6   -0.389664423121393
      1198               3389.7   -0.388925311973282
      1199               3389.8   -0.388390954403824
      1200               3389.9   -0.388048317145641
      1201                 3390   -0.387791462162625
      1202               3390.1   -0.387531213640826
      1203               3390.2   -0.387261480153067
      1204               3390.3    -0.38702026439115
      1205               3390.4   -0.386822463569987
      1206               3390.5   -0.386670215739341
      1207               3390.6   -0.386621349499088
      1208               3390.7    -0.38680047843592
      1209               3390.8   -0.387316026208238
      1210               3390.9   -0.388180525992744
      1211                 3391   -0.389317917545622
      1212               3391.1   -0.390611086934518
      1213               3391.2   -0.391902936945008
      1214               3391.3   -0.392970520348801
      1215               3391.4    -0.39357283712358
      1216               3391.5   -0.393593144545484
      1217               3391.6   -0.393148784682924
      1218               3391.7   -0.392526367667546
      1219               3391.8   -0.391969739825654
      1220               3391.9   -0.391518338537748
      1221                 3392   -0.391048281283086
      1222               3392.1   -0.390445345174755
      1223               3392.2   -0.389711989268035
      1224               3392.3   -0.388932113752879
      1225               3392.4   -0.388202231781459
      1226               3392.5   -0.387633194140447
      1227               3392.6   -0.387376220208887
      1228               3392.7   -0.387573459914462
      1229               3392.8   -0.388241399857637
      1230               3392.9   -0.389197129342787
      1231                 3393   -0.390111152560125
      1232               3393.1   -0.390665785693905
      1233               3393.2   -0.390711683446429
      1234               3393.3   -0.390308680217468
      1235               3393.4   -0.389633119638144
      1236               3393.5    -0.38885780520803
      1237               3393.6   -0.388118055439911
      1238               3393.7   -0.387548435203538
      1239               3393.8   -0.387282195962878
      1240               3393.9   -0.387377711878244
      1241                 3394   -0.387763288950784
      1242               3394.1   -0.388289213166928
      1243               3394.2   -0.388848860475254
      1244               3394.3   -0.389443621210679
      1245               3394.4   -0.390115641813805
      1246               3394.5   -0.390803942960228
      1247               3394.6   -0.391275396546404
      1248               3394.7   -0.391242004381614
      1249               3394.8   -0.390597999915581
      1250               3394.9   -0.389559783154271
      1251                 3395   -0.388561759850428
      1252               3395.1   -0.387997668794213
      1253               3395.2   -0.388024946552216
      1254               3395.3    -0.38854372751377
      1255               3395.4   -0.389298937354619
      1256               3395.5   -0.390013836069097
      1257               3395.6   -0.390496867228858
      1258               3395.7   -0.390674064058285
      1259               3395.8   -0.390533847136954
      1260               3395.9   -0.390062049002918
      1261                 3396   -0.389262856603866
      1262               3396.1   -0.388235122078364
      1263               3396.2   -0.387180600206938
      1264               3396.3   -0.386320076762704
      1265               3396.4   -0.385829157812621
      1266               3396.5   -0.385847873866703
      1267               3396.6   -0.386464657419336
      1268               3396.7   -0.387602265200086
      1269               3396.8   -0.388927532597691
      1270               3396.9   -0.389963811100879
      1271                 3397   -0.390378418730224
      1272               3397.1   -0.390196514853646
      1273               3397.2   -0.389737530057828
      1274               3397.3     -0.3893359512508
      1275               3397.4   -0.389104630631488
      1276               3397.5   -0.388930291468997
      1277               3397.6   -0.388650578400576
      1278               3397.7   -0.388211448223472
      1279               3397.8   -0.387682193669081
      1280               3397.9   -0.387181960378045
      1281                 3398   -0.386826183534075
      1282               3398.1   -0.386710203345014
      1283               3398.2   -0.386879941315032
      1284               3398.3   -0.387286573462366
      1285               3398.4   -0.387777423465802
      1286               3398.5   -0.388137840781625
      1287               3398.6   -0.388143787072679
      1288               3398.7   -0.387615695054108
      1289               3398.8   -0.386510058542248
      1290               3398.9    -0.38502150473197
      1291                 3399   -0.383570340491055
      1292               3399.1   -0.382609038068964
      1293               3399.2   -0.382373136610515
      1294               3399.3   -0.382781055837949
      1295               3399.4   -0.383540003611012
      1296               3399.5   -0.384324392055271
      1297               3399.6   -0.384876250104471
      1298               3399.7   -0.385015091951679
      1299               3399.8   -0.384648287502872
      1300               3399.9   -0.383829776653941
      1301                 3400   -0.382802684540719
      1302               3400.1   -0.381930933595561
      1303               3400.2   -0.381517252996485
      1304               3400.3   -0.381623018986619
      1305               3400.4   -0.382037825762429
      1306               3400.5   -0.382453394828185
      1307               3400.6    -0.38271953038091
      1308               3400.7   -0.382944755100893
      1309               3400.8    -0.38332033171604
      1310               3400.9   -0.383841986938528
      1311                 3401   -0.384249847904334
      1312               3401.1   -0.384281561413266
      1313               3401.2   -0.383970206328899
      1314               3401.3   -0.383653610448942
      1315               3401.4   -0.383677183949728
      1316               3401.5   -0.384099578872513
      1317               3401.6   -0.384690561513063
      1318               3401.7   -0.385193202461462
      1319               3401.8   -0.385563864292382
      1320               3401.9   -0.385959060929225
      1321                 3402   -0.386516817569445
      1322               3402.1   -0.387177754496949
      1323               3402.2   -0.387722354501913
      1324               3402.3   -0.387969734998634
      1325               3402.4    -0.38793865402281
      1326               3402.5   -0.387835963758133
      1327               3402.6   -0.387906241780037
      1328               3402.7   -0.388268844789997
      1329               3402.8   -0.388835942639162
      1330               3402.9   -0.389339064183798
      1331                 3403   -0.389457402764068
      1332               3403.1   -0.389002640714466
      1333               3403.2   -0.388057823398748
      1334               3403.3   -0.386968751573002
      1335               3403.4   -0.386182962903465
      1336               3403.5   -0.386032928717242
      1337               3403.6   -0.386575698594638
      1338               3403.7    -0.38755685386781
      1339               3403.8   -0.388520180361749
      1340               3403.9    -0.38902729153565
      1341                 3404   -0.388876982021939
      1342               3404.1   -0.388192424038229
      1343               3404.2   -0.387329955006242
      1344               3404.3   -0.386688456182925
      1345               3404.4   -0.386547376576856
      1346               3404.5   -0.387009381316447
      1347               3404.6   -0.388035729386409
      1348               3404.7   -0.389505557148109
      1349               3404.8   -0.391238155001939
      1350               3404.9   -0.392983532732512
      1351                 3405   -0.394443688500059
      1352               3405.1   -0.395359066642949
      1353               3405.2   -0.395606084370099
      1354               3405.3   -0.395218311030369
      1355               3405.4    -0.39432076565167
      1356               3405.5   -0.393059744954849
      1357               3405.6   -0.391594912622428
      1358               3405.7   -0.390119847840425
      1359               3405.8   -0.388839699039898
      1360               3405.9   -0.387910056959455
      1361                 3406   -0.387402344269527
      1362               3406.1   -0.387315649151839
      1363               3406.2   -0.387596149595781
      1364               3406.3   -0.388152586262291
      1365               3406.4   -0.388895747976173
      1366               3406.5   -0.389785756553219
      1367               3406.6    -0.39081814210323
      1368               3406.7   -0.391935547493931
      1369               3406.8   -0.392959282599169
      1370               3406.9   -0.393638596515561
      1371                 3407   -0.393795920832101
      1372               3407.1   -0.393443756019319
      1373               3407.2   -0.392772196728325
      1374               3407.3   -0.392015887194043
      1375               3407.4   -0.391298897622291
      1376               3407.5   -0.390568460078523
      1377               3407.6   -0.389665670440127
      1378               3407.7   -0.388479690461855
      1379               3407.8   -0.387068476075452
      1380               3407.9   -0.385665533862496
      1381                 3408   -0.384582550667961
      1382               3408.1   -0.384064319844095
      1383               3408.2   -0.384154037989138
      1384               3408.3   -0.384643569963219
      1385               3408.4    -0.38517944572562
      1386               3408.5   -0.385490613183976
      1387               3408.6   -0.385566875531279
      1388               3408.7   -0.385627872854606
      1389               3408.8   -0.385910888716891
      1390               3408.9   -0.386473080012275
      1391                 3409   -0.387169073855145
      1392               3409.1   -0.387784763544999
      1393               3409.2   -0.388182361612681
      1394               3409.3   -0.388344077802679
      1395               3409.4   -0.388323393376146
      1396               3409.5   -0.388192685461713
      1397               3409.6   -0.388049057989829
      1398               3409.7   -0.388051712053605
      1399               3409.8    -0.38840978909614
      1400               3409.9   -0.389268500961686
      1401                 3410   -0.390535363495864
      1402               3410.1   -0.391792148871475
      1403               3410.2   -0.392447559730657
      1404               3410.3   -0.392107355774348
      1405               3410.4   -0.390883702382956
      1406               3410.5    -0.38934139281109
      1407               3410.6   -0.388100333257739
      1408               3410.7   -0.387453197210977
      1409               3410.8   -0.387311285301794
      1410               3410.9     -0.3874212647057
      1411                 3411   -0.387558154928307
      1412               3411.1   -0.387546982643952
      1413               3411.2   -0.387235465765941
      1414               3411.3   -0.386556449780046
      1415               3411.4   -0.385611289499673
      1416               3411.5   -0.384619851179786
      1417               3411.6   -0.383751865148164
      1418               3411.7   -0.383025073231982
      1419               3411.8   -0.382384537046051
      1420               3411.9   -0.381862536519647
      1421                 3412   -0.381627771963025
      1422               3412.1   -0.381857660481907
      1423               3412.2   -0.382558150422873
      1424               3412.3   -0.383513478140128
      1425               3412.4     -0.3844178182413
      1426               3412.5   -0.385057183480848
      1427               3412.6   -0.385373022290723
      1428               3412.7   -0.385387770445149
      1429               3412.8   -0.385121520217342
      1430               3412.9   -0.384599857740645
      1431                 3413    -0.38390793867779
      1432               3413.1   -0.383187137231984
      1433               3413.2   -0.382562088434129
      1434               3413.3   -0.382088538387201
      1435               3413.4   -0.381785603518287
      1436               3413.5   -0.381701528373775
      1437               3413.6   -0.381922297268098
      1438               3413.7   -0.382519917878382
      1439               3413.8   -0.383513006005528
      1440               3413.9   -0.384866067292244
      1441                 3414   -0.386486424031445
      1442               3414.1   -0.388215099113148
      1443               3414.2   -0.389865905389438
      1444               3414.3   -0.391310047402623
      1445               3414.4   -0.392511979090218
      1446               3414.5   -0.393463866536076
      1447               3414.6   -0.394098857068216
      1448               3414.7    -0.39429395532313
      1449               3414.8   -0.393960670053476
      1450               3414.9   -0.393128174736181
      1451                 3415   -0.391959186484476
      1452               3415.1    -0.39071446668034
      1453               3415.2   -0.389684799692274
      1454               3415.3   -0.389085777867406
      1455               3415.4   -0.388951342789112
      1456               3415.5   -0.389113021904459
      1457               3415.6   -0.389306080563221
      1458               3415.7   -0.389337323101206
      1459               3415.8   -0.389201627372421
      1460               3415.9   -0.389071735672841
      1461                 3416    -0.38916025889559
      1462               3416.1   -0.389536731244769
      1463               3416.2   -0.390033309347147
      1464               3416.3   -0.390324023135076
      1465               3416.4   -0.390135828787976
      1466               3416.5   -0.389454381781353
      1467               3416.6    -0.38858139279247
      1468               3416.7   -0.387973262804008
      1469               3416.8   -0.387935203798174
      1470               3416.9   -0.388392078256518
      1471                 3417   -0.388939041122175
      1472               3417.1   -0.389142147523268
      1473               3417.2   -0.388832937252261
      1474               3417.3   -0.388166573925532
      1475               3417.4   -0.387443296210771
      1476               3417.5   -0.386873933421936
      1477               3417.6   -0.386463625975187
      1478               3417.7   -0.386068717678944
      1479               3417.8   -0.385568595202513
      1480               3417.9   -0.385025056095398
      1481                 3418   -0.384693013324281
      1482               3418.1   -0.384843939111006
      1483               3418.2   -0.385539325899799
      1484               3418.3   -0.386572906086562
      1485               3418.4   -0.387651959627347
      1486               3418.5   -0.388640153693443
      1487               3418.6   -0.389621027123452
      1488               3418.7   -0.390738697985851
      1489               3418.8   -0.391996932150826
      1490               3418.9   -0.393209691062499
      1491                 3419   -0.394124187508009
      1492               3419.1   -0.394586593193843
      1493               3419.2   -0.394617405502674
      1494               3419.3   -0.394365663611941
      1495               3419.4   -0.394004470557156
      1496               3419.5   -0.393648758579847
      1497               3419.6   -0.393335567673033
      1498               3419.7   -0.393054578369616
      1499               3419.8   -0.392788166644182
      1500               3419.9   -0.392531113444245
