     index            Field [G]         Intensity []

         1                 3270   -0.388479659714816
         2               3270.1   -0.387803467170536
         3               3270.2   -0.386990077124651
         4               3270.3   -0.386197427810219
         5               3270.4   -0.385661643052918
         6               3270.5   -0.385611536323982
         7               3270.6   -0.386125122716184
         8               3270.7   -0.387024841765271
         9               3270.8   -0.387924512367382
        10               3270.9   -0.388443144622561
        11                 3271   -0.388447771910266
        12               3271.1   -0.388124047962409
        13               3271.2   -0.387808647859905
        14               3271.3   -0.387739669695042
        15               3271.4   -0.387939627705786
        16               3271.5   -0.388280281819508
        17               3271.6   -0.388601757389859
        18               3271.7   -0.388768283110472
        19               3271.8   -0.388679547729844
        20               3271.9    -0.38831108805587
        21                 3272   -0.387766328634625
        22               3272.1   -0.387247234326653
        23               3272.2   -0.386923855316044
        24               3272.3   -0.386809050371123
        25               3272.4    -0.38675019695492
        26               3272.5   -0.386536370018559
        27               3272.6   -0.386027802395642
        28               3272.7   -0.385220982219032
        29               3272.8   -0.384231615472635
        30               3272.9   -0.383240019936612
        31                 3273   -0.382447554169455
        32               3273.1   -0.382043928134179
        33               3273.2   -0.382158016830943
        34               3273.3   -0.382802920306072
        35               3273.4    -0.38386600046334
        36               3273.5   -0.385165881823944
        37               3273.6   -0.386534293630082
        38               3273.7   -0.387857115884243
        39               3273.8    -0.38904516342446
        40               3273.9   -0.389969235537005
        41                 3274   -0.390436337969914
        42               3274.1   -0.390256591569915
        43               3274.2   -0.389360869848408
        44               3274.3   -0.387864495294681
        45               3274.4   -0.386010535458921
        46               3274.5   -0.384039867098336
        47               3274.6   -0.382111495183662
        48               3274.7   -0.380348250925851
        49               3274.8   -0.378943165187849
        50               3274.9   -0.378173547533632
        51                 3275   -0.378246148448124
        52               3275.1    -0.37907925107481
        53               3275.2   -0.380228161312965
        54               3275.3   -0.381066013384158
        55               3275.4   -0.381125752515825
        56               3275.5   -0.380373826039072
        57               3275.6   -0.379224279432324
        58               3275.7    -0.37827413042276
        59               3275.8   -0.377927635349465
        60               3275.9    -0.37816011544684
        61                 3276   -0.378586240507589
        62               3276.1   -0.378777676550871
        63               3276.2   -0.378577402876729
        64               3276.3   -0.378166361939845
        65               3276.4   -0.377864749527809
        66               3276.5   -0.377875015476846
        67               3276.6   -0.378175921895744
        68               3276.7   -0.378594563827329
        69               3276.8   -0.378938944340765
        70               3276.9   -0.379085849914762
        71                 3277   -0.379004556812004
        72               3277.1   -0.378741646771797
        73               3277.2   -0.378389056210879
        74               3277.3   -0.378053187839445
        75               3277.4   -0.377839953219009
        76               3277.5   -0.377848016826731
        77               3277.6   -0.378144766549364
        78               3277.7   -0.378725477752067
        79               3277.8   -0.379496516433201
        80               3277.9   -0.380309987421508
        81                 3278   -0.381016170617247
        82               3278.1   -0.381479541765729
        83               3278.2   -0.381564036534473
        84               3278.3   -0.381152508105899
        85               3278.4   -0.380231955567387
        86               3278.5   -0.378983700203523
        87               3278.6   -0.377778911220758
        88               3278.7   -0.377037277568859
        89               3278.8    -0.37701086512749
        90               3278.9   -0.377638413360432
        91                 3279   -0.378601540626016
        92               3279.1   -0.379559854493478
        93               3279.2    -0.38036522182493
        94               3279.3   -0.381072568967372
        95               3279.4   -0.381780330736694
        96               3279.5    -0.38248671728018
        97               3279.6   -0.383078468438923
        98               3279.7   -0.383420889815796
        99               3279.8   -0.383467258155875
       100               3279.9   -0.383323861846747
       101                 3280   -0.383216358587802
       102               3280.1   -0.383341702633928
       103               3280.2   -0.383690917766295
       104               3280.3     -0.3839964799092
       105               3280.4   -0.383884618190062
       106               3280.5   -0.383135777212118
       107               3280.6   -0.381843785835069
       108               3280.7   -0.380342627238042
       109               3280.8   -0.378977075558736
       110               3280.9   -0.377922916671372
       111                 3281   -0.377184838434467
       112               3281.1   -0.376711920584109
       113               3281.2   -0.376476156347359
       114               3281.3   -0.376440509584761
       115               3281.4   -0.376492342061576
       116               3281.5   -0.376469822866995
       117               3281.6   -0.376302825220937
       118               3281.7   -0.376132649784504
       119               3281.8    -0.37624910727861
       120               3281.9   -0.376851291471874
       121                 3282   -0.377838833298996
       122               3282.1    -0.37884556223406
       123               3282.2    -0.37950950026407
       124               3282.3   -0.379750088147046
       125               3282.4   -0.379819058027878
       126               3282.5   -0.380098451451025
       127               3282.6   -0.380826871079381
       128               3282.7   -0.381958515620315
       129               3282.8   -0.383216301186979
       130               3282.9   -0.384256576312954
       131                 3283    -0.38483345475398
       132               3283.1   -0.384896624236247
       133               3283.2   -0.384590577931012
       134               3283.3   -0.384148777714176
       135               3283.4   -0.383740447692093
       136               3283.5   -0.383383395016244
       137               3283.6   -0.382986586855376
       138               3283.7   -0.382465080259755
       139               3283.8   -0.381821008598557
       140               3283.9   -0.381144816229581
       141                 3284   -0.380557964899368
       142               3284.1   -0.380134497008433
       143               3284.2    -0.37984412598365
       144               3284.3   -0.379564315187376
       145               3284.4   -0.379169550699111
       146               3284.5   -0.378631937800028
       147               3284.6   -0.378041701173413
       148               3284.7   -0.377528278984036
       149               3284.8   -0.377163182285205
       150               3284.9   -0.376932980381815
       151                 3285   -0.376774499954772
       152               3285.1   -0.376599045037254
       153               3285.2   -0.376286807946822
       154               3285.3   -0.375712832089966
       155               3285.4   -0.374842580810522
       156               3285.5    -0.37383489047209
       157               3285.6   -0.373039760563123
       158               3285.7   -0.372841105751642
       159               3285.8   -0.373427384977291
       160               3285.9   -0.374665044836127
       161                 3286   -0.376188917831237
       162               3286.1   -0.377632906059835
       163               3286.2   -0.378800503314332
       164               3286.3   -0.379663236819922
       165               3286.4    -0.38026037662184
       166               3286.5   -0.380634046423729
       167               3286.6   -0.380837864951609
       168               3286.7   -0.380959323505685
       169               3286.8   -0.381101082927436
       170               3286.9   -0.381329029508989
       171                 3287   -0.381632203563006
       172               3287.1   -0.381930642038873
       173               3287.2   -0.382132577434943
       174               3287.3   -0.382203657811738
       175               3287.4   -0.382192963538929
       176               3287.5   -0.382188660987015
       177               3287.6   -0.382239919446766
       178               3287.7   -0.382322531923226
       179               3287.8   -0.382386035096496
       180               3287.9    -0.38242300151718
       181                 3288   -0.382460138459389
       182               3288.1   -0.382464827095567
       183               3288.2   -0.382295277015437
       184               3288.3   -0.381806638043174
       185               3288.4   -0.381035132849369
       186               3288.5   -0.380245360607443
       187               3288.6   -0.379743390680452
       188               3288.7   -0.379615970001744
       189               3288.8   -0.379650091578905
       190               3288.9   -0.379508431053483
       191                 3289     -0.3789933438142
       192               3289.1   -0.378177070489236
       193               3289.2    -0.37732627279875
       194               3289.3   -0.376723331436837
       195               3289.4   -0.376528115305917
       196               3289.5   -0.376738781808691
       197               3289.6   -0.377220998830008
       198               3289.7   -0.377767812537599
       199               3289.8   -0.378185536699918
       200               3289.9   -0.378387931824089
       201                 3290   -0.378436458149495
       202               3290.1   -0.378482381528896
       203               3290.2   -0.378652728858479
       204               3290.3   -0.378969989388508
       205               3290.4   -0.379353944234675
       206               3290.5   -0.379690172546706
       207               3290.6   -0.379919378942856
       208               3290.7   -0.380091980619766
       209               3290.8   -0.380343942976146
       210               3290.9    -0.38080155356357
       211                 3291   -0.381481621817426
       212               3291.1   -0.382264026528247
       213               3291.2   -0.382967465190724
       214               3291.3   -0.383483598321172
       215               3291.4   -0.383865036774349
       216               3291.5   -0.384284362463253
       217               3291.6   -0.384894342818703
       218               3291.7   -0.385716210290397
       219               3291.8   -0.386647568872705
       220               3291.9   -0.387546909518317
       221                 3292   -0.388276603853727
       222               3292.1   -0.388666745215349
       223               3292.2   -0.388499546542214
       224               3292.3   -0.387618423069048
       225               3292.4   -0.386105740399596
       226               3292.5   -0.384342453062946
       227               3292.6   -0.382839848650235
       228               3292.7   -0.381948394235304
       229               3292.8   -0.381673345407964
       230               3292.9   -0.381741240503015
       231                 3293   -0.381852086714266
       232               3293.1   -0.381898250497804
       233               3293.2   -0.381964311331971
       234               3293.3   -0.382131926441224
       235               3293.4    -0.38231267466249
       236               3293.5   -0.382297416290816
       237               3293.6    -0.38195948979315
       238               3293.7   -0.381374835015796
       239               3293.8   -0.380738927909916
       240               3293.9   -0.380204756486446
       241                 3294   -0.379819449675596
       242               3294.1   -0.379570459274937
       243               3294.2   -0.379430827357832
       244               3294.3   -0.379359088371714
       245               3294.4   -0.379307035199719
       246               3294.5   -0.379258266318033
       247               3294.6   -0.379238402722319
       248               3294.7   -0.379257259154944
       249               3294.8   -0.379247865364694
       250               3294.9    -0.37910124261878
       251                 3295   -0.378788710570897
       252               3295.1   -0.378439651580652
       253               3295.2   -0.378268812178749
       254               3295.3   -0.378405619792266
       255               3295.4   -0.378781800658405
       256               3295.5   -0.379171835501492
       257               3295.6   -0.379340939051978
       258               3295.7    -0.37918275625776
       259               3295.8   -0.378765404904943
       260               3295.9   -0.378285079830817
       261                 3296   -0.377968973561786
       262               3296.1   -0.377959131492294
       263               3296.2   -0.378210056445995
       264               3296.3   -0.378475161785022
       265               3296.4   -0.378446638357688
       266               3296.5   -0.377975628607446
       267               3296.6   -0.377174674926242
       268               3296.7   -0.376297934040112
       269               3296.8   -0.375532569689912
       270               3296.9   -0.374912312659587
       271                 3297   -0.374390433308008
       272               3297.1   -0.373938453886922
       273               3297.2   -0.373570865138161
       274               3297.3   -0.373321491221137
       275               3297.4   -0.373230092425672
       276               3297.5   -0.373348906745389
       277               3297.6   -0.373747425696875
       278               3297.7   -0.374495130150479
       279               3297.8   -0.375614427122242
       280               3297.9   -0.377026967126317
       281                 3298   -0.378541825344202
       282               3298.1   -0.379902388496456
       283               3298.2   -0.380851010174201
       284               3298.3   -0.381174968816155
       285               3298.4   -0.380751943278238
       286               3298.5   -0.379611592200381
       287               3298.6   -0.377961303023122
       288               3298.7   -0.376112748868624
       289               3298.8   -0.374346308391101
       290               3298.9   -0.372837216676107
       291                 3299   -0.371708570707142
       292               3299.1   -0.371126455540248
       293               3299.2   -0.371288559609782
       294               3299.3   -0.372267759422893
       295               3299.4   -0.373853468740431
       296               3299.5   -0.375586015959198
       297               3299.6   -0.377014682511988
       298               3299.7   -0.377981826525832
       299               3299.8   -0.378694591421492
       300               3299.9   -0.379540222964048
       301                 3300   -0.380815035559325
       302               3300.1   -0.382562824244645
       303               3300.2   -0.384583557377598
       304               3300.3   -0.386547624372179
       305               3300.4   -0.388127133379355
       306               3300.5   -0.389094704955716
       307               3300.6   -0.389377236221153
       308               3300.7   -0.389067671211471
       309               3300.8   -0.388395543947203
       310               3300.9   -0.387649692552345
       311                 3301   -0.387064965692772
       312               3301.1   -0.386730173472417
       313               3301.2     -0.3865804288704
       314               3301.3   -0.386466996092488
       315               3301.4   -0.386237261863692
       316               3301.5   -0.385788999450139
       317               3301.6   -0.385114089093373
       318               3301.7    -0.38431551459662
       319               3301.8   -0.383540204923172
       320               3301.9   -0.382847714529074
       321                 3302   -0.382152271982154
       322               3302.1   -0.381330716044715
       323               3302.2   -0.380392778674712
       324               3302.3   -0.379518533379372
       325               3302.4   -0.378918145863422
       326               3302.5   -0.378672803422885
       327               3302.6   -0.378715927102108
       328               3302.7   -0.378931382650756
       329               3302.8   -0.379230288411888
       330               3302.9   -0.379547923089917
       331                 3303   -0.379829215982596
       332               3303.1   -0.380059638589773
       333               3303.2   -0.380292041240904
       334               3303.3   -0.380603686199466
       335               3303.4   -0.381020949494925
       336               3303.5   -0.381506466754255
       337               3303.6    -0.38202253432466
       338               3303.7   -0.382581404158149
       339               3303.8   -0.383203207559666
       340               3303.9   -0.383806335811728
       341                 3304   -0.384143976751317
       342               3304.1   -0.383890027393587
       343               3304.2   -0.382853824428063
       344               3304.3   -0.381162880456926
       345               3304.4   -0.379253056799032
       346               3304.5   -0.377667662678722
       347               3304.6   -0.376814897708089
       348               3304.7   -0.376821951955479
       349               3304.8   -0.377518466481052
       350               3304.9    -0.37851821720891
       351                 3305   -0.379364312332431
       352               3305.1   -0.379700844475185
       353               3305.2   -0.379415606906529
       354               3305.3    -0.37868855101208
       355               3305.4   -0.377903963427523
       356               3305.5   -0.377455202565972
       357               3305.6   -0.377553583095234
       358               3305.7   -0.378159653696142
       359               3305.8   -0.379061463157478
       360               3305.9    -0.38002466478633
       361                 3306   -0.380914908519405
       362               3306.1   -0.381726140860777
       363               3306.2   -0.382508778921445
       364               3306.3   -0.383267613602744
       365               3306.4   -0.383924400235644
       366               3306.5    -0.38435838865999
       367               3306.6   -0.384444747530219
       368               3306.7   -0.384048814964275
       369               3306.8   -0.383051342349278
       370               3306.9   -0.381474427416794
       371                 3307    -0.37961275508433
       372               3307.1   -0.377977561297187
       373               3307.2   -0.377016378155257
       374               3307.3    -0.37683070144505
       375               3307.4    -0.37715296626272
       376               3307.5    -0.37759286664288
       377               3307.6   -0.377911011637331
       378               3307.7   -0.378100891156499
       379               3307.8   -0.378279327817055
       380               3307.9   -0.378524788277196
       381                 3308   -0.378769402161981
       382               3308.1   -0.378779800402739
       383               3308.2   -0.378246291777892
       384               3308.3   -0.376974760129772
       385               3308.4   -0.375087986290475
       386               3308.5   -0.373076518298606
       387               3308.6   -0.371606825039949
       388               3308.7   -0.371175704081647
       389               3308.8   -0.371839602604592
       390               3308.9   -0.373209358793222
       391                 3309   -0.374703288682458
       392               3309.1   -0.375858569363697
       393               3309.2   -0.376483753332068
       394               3309.3    -0.37660775306712
       395               3309.4   -0.376358341489615
       396               3309.5   -0.375895584417445
       397               3309.6   -0.375384185704927
       398               3309.7   -0.374938057443165
       399               3309.8   -0.374565852802928
       400               3309.9   -0.374198250613624
       401                 3310   -0.373784005497982
       402               3310.1   -0.373355256362397
       403               3310.2   -0.373016830693327
       404               3310.3   -0.372908203480253
       405               3310.4   -0.373179072482801
       406               3310.5   -0.373953139641524
       407               3310.6   -0.375253776550102
       408               3310.7   -0.376932677737642
       409               3310.8   -0.378676555722113
       410               3310.9   -0.380115979923228
       411                 3311   -0.380977758895096
       412               3311.1   -0.381188354086905
       413               3311.2   -0.380876188489701
       414               3311.3   -0.380291298401571
       415               3311.4   -0.379697276856956
       416               3311.5   -0.379277900290291
       417               3311.6   -0.379078718602379
       418               3311.7    -0.37899572481947
       419               3311.8   -0.378814362077758
       420               3311.9   -0.378293404184494
       421                 3312   -0.377284562849251
       422               3312.1   -0.375842132152119
       423               3312.2   -0.374218579713811
       424               3312.3   -0.372691413528021
       425               3312.4   -0.371355993828292
       426               3312.5   -0.370109107264987
       427               3312.6   -0.368846871071455
       428               3312.7   -0.367635548945925
       429               3312.8   -0.366652695447498
       430               3312.9   -0.365987207151516
       431                 3313   -0.365537432591856
       432               3313.1   -0.365100588551811
       433               3313.2    -0.36453950204523
       434               3313.3   -0.363870120603647
       435               3313.4   -0.363209412929713
       436               3313.5   -0.362637979320392
       437               3313.6   -0.362095976328031
       438               3313.7   -0.361405565617463
       439               3313.8   -0.360403908145876
       440               3313.9   -0.359070639875098
       441                 3314   -0.357540997474936
       442               3314.1   -0.356002142176546
       443               3314.2   -0.354575536681693
       444               3314.3   -0.353294567872848
       445               3314.4   -0.352180481005182
       446               3314.5   -0.351305680973858
       447               3314.6   -0.350749229214035
       448               3314.7   -0.350490163294302
       449               3314.8   -0.350375665066026
       450               3314.9   -0.350219977435951
       451                 3315   -0.349938343099555
       452               3315.1   -0.349585998331233
       453               3315.2   -0.349279955707424
       454               3315.3   -0.349088008466931
       455               3315.4   -0.348971318084206
       456               3315.5   -0.348800997569114
       457               3315.6   -0.348415921454018
       458               3315.7   -0.347677520131424
       459               3315.8   -0.346500072576438
       460               3315.9   -0.344869642567158
       461                 3316   -0.342867095343554
       462               3316.1   -0.340667955085335
       463               3316.2   -0.338474299199121
       464               3316.3   -0.336398214880459
       465               3316.4   -0.334390443863643
       466               3316.5   -0.332282846822886
       467               3316.6   -0.329911509390015
       468               3316.7   -0.327224413185591
       469               3316.8   -0.324301881925563
       470               3316.9   -0.321285815308854
       471                 3317   -0.318273808824211
       472               3317.1   -0.315255923596999
       473               3317.2   -0.312138341449402
       474               3317.3   -0.308829353344613
       475               3317.4    -0.30531322446468
       476               3317.5   -0.301649372056293
       477               3317.6   -0.297905757388325
       478               3317.7    -0.29410526860311
       479               3317.8    -0.29024548910362
       480               3317.9   -0.286349536463245
       481                 3318   -0.282457354111399
       482               3318.1   -0.278560776646179
       483               3318.2    -0.27458894785367
       484               3318.3   -0.270490624931724
       485               3318.4   -0.266315220020791
       486               3318.5   -0.262191537122698
       487               3318.6   -0.258250083248059
       488               3318.7   -0.254599601723305
       489               3318.8   -0.251351127739509
       490               3318.9   -0.248575221885626
       491                 3319   -0.246162872323674
       492               3319.1    -0.24373405669599
       493               3319.2   -0.240757478575444
       494               3319.3   -0.236853698433065
       495               3319.4   -0.232049618365727
       496               3319.5   -0.226760799901004
       497               3319.6   -0.221509358556612
       498               3319.7    -0.21661504434971
       499               3319.8   -0.212094861355054
       500               3319.9   -0.207788675734318
       501                 3320   -0.203542549905341
       502               3320.1   -0.199305886724631
       503               3320.2   -0.195136126817207
       504               3320.3   -0.191162750534898
       505               3320.4   -0.187529182351147
       506               3320.5   -0.184326035405039
       507               3320.6   -0.181563776824622
       508               3320.7    -0.17921672383255
       509               3320.8   -0.177300942444096
       510               3320.9   -0.175916565246316
       511                 3321   -0.175218891302698
       512               3321.1   -0.175332408593212
       513               3321.2   -0.176259779010726
       514               3321.3   -0.177859995033196
       515               3321.4   -0.179938229170077
       516               3321.5     -0.1823860031916
       517               3321.6   -0.185230764469373
       518               3321.7   -0.188527563011072
       519               3321.8   -0.192205741804949
       520               3321.9   -0.196050403481436
       521                 3322   -0.199846561472315
       522               3322.1   -0.203526187353774
       523               3322.2   -0.207174881135386
       524               3322.3   -0.210941362380203
       525               3322.4   -0.214984734229554
       526               3322.5   -0.219475594987251
       527               3322.6   -0.224546796106514
       528               3322.7   -0.230181081639692
       529               3322.8   -0.236185464769153
       530               3322.9   -0.242344060690541
       531                 3323   -0.248602968064298
       532               3323.1   -0.255067903380872
       533               3323.2    -0.26181275657888
       534               3323.3   -0.268719385688491
       535               3323.4   -0.275516744573117
       536               3323.5   -0.281953634805674
       537               3323.6   -0.287917870768727
       538               3323.7   -0.293417760689501
       539               3323.8   -0.298507081796801
       540               3323.9   -0.303258507100597
       541                 3324   -0.307774265858561
       542               3324.1   -0.312153571298378
       543               3324.2   -0.316419163486702
       544               3324.3   -0.320501705533432
       545               3324.4   -0.324319169243436
       546               3324.5   -0.327851277730068
       547               3324.6   -0.331116850876718
       548               3324.7   -0.334112677372212
       549               3324.8    -0.33683211409553
       550               3324.9   -0.339349819101393
       551                 3325   -0.341829524980565
       552               3325.1   -0.344389176878366
       553               3325.2   -0.346958272580411
       554               3325.3   -0.349311241701196
       555               3325.4   -0.351260848233641
       556               3325.5   -0.352788534995059
       557               3325.6   -0.353959658229929
       558               3325.7   -0.354749168884834
       559               3325.8   -0.355024076309062
       560               3325.9   -0.354726604743619
       561                 3326   -0.354039257264365
       562               3326.1   -0.353324351917063
       563               3326.2   -0.352887965919562
       564               3326.3   -0.352802716218398
       565               3326.4   -0.352939274725456
       566               3326.5   -0.353126236141784
       567               3326.6   -0.353242123830366
       568               3326.7   -0.353159309257373
       569               3326.8   -0.352668540824949
       570               3326.9   -0.351556632992198
       571                 3327   -0.349812406445062
       572               3327.1   -0.347736220894855
       573               3327.2   -0.345795166357783
       574               3327.3   -0.344329105312121
       575               3327.4   -0.343356916243157
       576               3327.5   -0.342619625692394
       577               3327.6   -0.341794543940346
       578               3327.7   -0.340715887559368
       579               3327.8   -0.339463442431146
       580               3327.9   -0.338270838251427
       581                 3328   -0.337319691473732
       582               3328.1   -0.336568032424269
       583               3328.2   -0.335737907895228
       584               3328.3   -0.334470305190939
       585               3328.4   -0.332547651454605
       586               3328.5   -0.330051917429851
       587               3328.6   -0.327357626032904
       588               3328.7    -0.32493898937066
       589               3328.8   -0.323092512601838
       590               3328.9   -0.321765980986162
       591                 3329   -0.320626773234994
       592               3329.1   -0.319307873275704
       593               3329.2   -0.317628762167211
       594               3329.3   -0.315652996564953
       595               3329.4   -0.313614556605876
       596               3329.5   -0.311807154947331
       597               3329.6   -0.310467213816301
       598               3329.7   -0.309657206189536
       599               3329.8    -0.30921707691118
       600               3329.9   -0.308857507300796
       601                 3330   -0.308356087637133
       602               3330.1   -0.307717354463887
       603               3330.2   -0.307190276180394
       604               3330.3   -0.307147140698457
       605               3330.4   -0.307899780549173
       606               3330.5   -0.309542079330337
       607               3330.6   -0.311900307670958
       608               3330.7   -0.314636416171358
       609               3330.8   -0.317456905968296
       610               3330.9   -0.320286569082607
       611                 3331   -0.323280671848619
       612               3331.1   -0.326682915756503
       613               3331.2   -0.330659884741179
       614               3331.3   -0.335233445784379
       615               3331.4   -0.340321113802736
       616               3331.5   -0.345811150616788
       617               3331.6   -0.351613541187178
       618               3331.7   -0.357689871984254
       619               3331.8   -0.364087853521744
       620               3331.9    -0.37096776449283
       621                 3332   -0.378569064087008
       622               3332.1   -0.387094871892724
       623               3332.2   -0.396576040491864
       624               3332.3   -0.406820671759243
       625               3332.4   -0.417495207479335
       626               3332.5   -0.428272886039919
       627               3332.6   -0.438939732836489
       628               3332.7   -0.449409460264406
       629               3332.8   -0.459687497365715
       630               3332.9   -0.469840990743393
       631                 3333   -0.479977999045476
       632               3333.1   -0.490205592258407
       633               3333.2   -0.500571475126767
       634               3333.3   -0.511037290363456
       635               3333.4   -0.521512352556503
       636               3333.5   -0.531922000258127
       637               3333.6   -0.542265839068665
       638               3333.7   -0.552632042548503
       639               3333.8   -0.563134877861394
       640               3333.9   -0.573772184159988
       641                 3334   -0.584296655827508
       642               3334.1   -0.594251103352541
       643               3334.2   -0.603194678579967
       644               3334.3   -0.610936169303029
       645               3334.4   -0.617555327600478
       646               3334.5   -0.623204713262797
       647               3334.6   -0.627901541783573
       648               3334.7   -0.631504442602378
       649               3334.8    -0.63387141823293
       650               3334.9   -0.635036767855206
       651                 3335   -0.635258813760343
       652               3335.1   -0.634920147846404
       653               3335.2   -0.634363847546461
       654               3335.3   -0.633749946621962
       655               3335.4   -0.632970615731553
       656               3335.5   -0.631647706193544
       657               3335.6   -0.629241035316388
       658               3335.7   -0.625257796861977
       659               3335.8   -0.619473906587963
       660               3335.9   -0.612040340908034
       661                 3336   -0.603415919238845
       662               3336.1   -0.594189907264368
       663               3336.2   -0.584907392469532
       664               3336.3   -0.575948681571575
       665               3336.4   -0.567445631960982
       666               3336.5   -0.559237795333179
       667               3336.6   -0.550924234847565
       668               3336.7   -0.542038048305872
       669               3336.8   -0.532264824586489
       670               3336.9   -0.521567891481598
       671                 3337   -0.510150575588284
       672               3337.1   -0.498312103451403
       673               3337.2   -0.486311148288218
       674               3337.3   -0.474301666206886
       675               3337.4   -0.462333460224946
       676               3337.5   -0.450392164584095
       677               3337.6   -0.438459730129377
       678               3337.7   -0.426555044310744
       679               3337.8   -0.414710293429603
       680               3337.9   -0.402908999555153
       681                 3338    -0.39107443459763
       682               3338.1   -0.379134798063235
       683               3338.2   -0.367078214843049
       684               3338.3   -0.354928807569809
       685               3338.4   -0.342702771078151
       686               3338.5   -0.330427850123993
       687               3338.6    -0.31818956221558
       688               3338.7   -0.306107916119587
       689               3338.8   -0.294245447325197
       690               3338.9   -0.282539728381911
       691                 3339   -0.270818311783005
       692               3339.1   -0.258882028230404
       693               3339.2   -0.246622517689831
       694               3339.3   -0.234120938034264
       695               3339.4    -0.22163864595968
       696               3339.5   -0.209452380868668
       697               3339.6   -0.197622476289125
       698               3339.7   -0.185867543843312
       699               3339.8   -0.173649918058985
       700               3339.9    -0.16042883578235
       701                 3340     -0.1459342366596
       702               3340.1   -0.130293034358051
       703               3340.2   -0.113911413720847
       704               3340.3  -0.0971798496545783
       705               3340.4  -0.0802187674350682
       706               3340.5  -0.0628577516405925
       707               3340.6  -0.0448286165168613
       708               3340.7  -0.0259619918793373
       709               3340.8 -0.00621119294518222
       710               3340.9   0.0144615565091663
       711                 3341    0.036159293085195
       712               3341.1   0.0589901322884897
       713               3341.2   0.0829668365764635
       714               3341.3    0.108009688824935
       715               3341.4    0.134042573969322
       716               3341.5    0.161024018203901
       717               3341.6     0.18882633293193
       718               3341.7    0.217087476632192
       719               3341.8    0.245227131669877
       720               3341.9    0.272639790578129
       721                 3342    0.298879950234997
       722               3342.1     0.32367729229485
       723               3342.2    0.346805563834108
       724               3342.3    0.367944952584959
       725               3342.4    0.386631017751655
       726               3342.5    0.402278595289225
       727               3342.6    0.414225427734224
       728               3342.7    0.421770768613412
       729               3342.8     0.42422673355061
       730               3342.9    0.420993418114813
       731                 3343    0.411620911645602
       732               3343.1    0.395812482591071
       733               3343.2    0.373391888373047
       734               3343.3    0.344314322480289
       735               3343.4    0.308741965530044
       736               3343.5    0.267090294388339
       737               3343.6     0.21994802017864
       738               3343.7    0.167917149258416
       739               3343.8    0.111534201677173
       740               3343.9     0.05135828549705
       741                 3344  -0.0118715503655394
       742               3344.1  -0.0771747264606585
       743               3344.2   -0.143410650474844
       744               3344.3   -0.209410521519514
       745               3344.4   -0.274064500720721
       746               3344.5   -0.336366081047132
       747               3344.6   -0.395468396761386
       748               3344.7   -0.450769690727649
       749               3344.8   -0.501982751457631
       750               3344.9   -0.549119109157143
       751                 3345   -0.592353650658273
       752               3345.1   -0.631821756116532
       753               3345.2   -0.667478031403019
       754               3345.3   -0.699120661677724
       755               3345.4    -0.72655734394951
       756               3345.5   -0.749783660509073
       757               3345.6   -0.769062448443514
       758               3345.7   -0.784885579884232
       759               3345.8   -0.797861986151782
       760               3345.9   -0.808583386244427
       761                 3346   -0.817512501900877
       762               3346.1   -0.824927301556193
       763               3346.2   -0.830921732491806
       764               3346.3   -0.835435589673897
       765               3346.4   -0.838311348672278
       766               3346.5   -0.839417617101607
       767               3346.6   -0.838834776557708
       768               3346.7   -0.836975285575618
       769               3346.8   -0.834480447106209
       770               3346.9   -0.831905134863604
       771                 3347   -0.829416033779218
       772               3347.1   -0.826739075780261
       773               3347.2   -0.823380319477832
       774               3347.3   -0.818934518045359
       775               3347.4   -0.813270475772212
       776               3347.5   -0.806518306958519
       777               3347.6   -0.798934805913592
       778               3347.7   -0.790773313277591
       779               3347.8   -0.782225643917179
       780               3347.9    -0.77341807252584
       781                 3348   -0.764413453565148
       782               3348.1   -0.755202822572714
       783               3348.2   -0.745706415330187
       784               3348.3   -0.735802784202094
       785               3348.4   -0.725376956528531
       786               3348.5   -0.714361819812023
       787               3348.6   -0.702754123792733
       788               3348.7    -0.69060411073246
       789               3348.8   -0.677994334195225
       790               3348.9   -0.665026615097936
       791                 3349   -0.651812824543305
       792               3349.1   -0.638439549089845
       793               3349.2   -0.624902333625682
       794               3349.3   -0.611074471553347
       795               3349.4   -0.596791457836253
       796               3349.5   -0.582029835997569
       797               3349.6   -0.567026048173223
       798               3349.7   -0.552190583758449
       799               3349.8   -0.537862216606516
       800               3349.9   -0.524120956514208
       801                 3350   -0.510825225334116
       802               3350.1   -0.497810619005844
       803               3350.2   -0.485044497970425
       804               3350.3   -0.472615894439143
       805               3350.4   -0.460626130944212
       806               3350.5   -0.449119482056783
       807               3350.6   -0.438107875680818
       808               3350.7   -0.427633204034937
       809               3350.8   -0.417797038785807
       810               3350.9   -0.408744159529957
       811                 3351   -0.400620224594548
       812               3351.1   -0.393518015388875
       813               3351.2   -0.387431048819248
       814               3351.3   -0.382256382824555
       815               3351.4   -0.377875819998955
       816               3351.5   -0.374271080898788
       817               3351.6   -0.371565315842155
       818               3351.7   -0.369930918416117
       819               3351.8   -0.369440755121375
       820               3351.9   -0.370006998709174
       821                 3352   -0.371455579550312
       822               3352.1   -0.373643497601458
       823               3352.2   -0.376506498717053
       824               3352.3   -0.380016705458111
       825               3352.4   -0.384109489291151
       826               3352.5    -0.38864763648361
       827               3352.6   -0.393449506461034
       828               3352.7   -0.398353735943586
       829               3352.8   -0.403273111732606
       830               3352.9   -0.408218050835092
       831                 3353   -0.413287498123525
       832               3353.1   -0.418608008913754
       833               3353.2   -0.424225082610082
       834               3353.3   -0.430027835253157
       835               3353.4     -0.4357925017064
       836               3353.5   -0.441314916013189
       837               3353.6   -0.446513973041397
       838               3353.7   -0.451433079889021
       839               3353.8   -0.456159170628651
       840               3353.9   -0.460722163867234
       841                 3354   -0.465043068841814
       842               3354.1   -0.468972756665147
       843               3354.2   -0.472388576164893
       844               3354.3   -0.475259058740235
       845               3354.4   -0.477629051967362
       846               3354.5   -0.479562823671326
       847               3354.6    -0.48110206928178
       848               3354.7   -0.482259602743976
       849               3354.8    -0.48304837525181
       850               3354.9   -0.483531556839886
       851                 3355   -0.483847336574825
       852               3355.1   -0.484164232826374
       853               3355.2   -0.484589582710531
       854               3355.3   -0.485104778914994
       855               3355.4   -0.485570520115725
       856               3355.5   -0.485789253570235
       857               3355.6   -0.485595127477654
       858               3355.7   -0.484943031182582
       859               3355.8   -0.483958937874242
       860               3355.9   -0.482916245507734
       861                 3356    -0.48213543674424
       862               3356.1   -0.481850346425652
       863               3356.2   -0.482113442745155
       864               3356.3   -0.482792842741272
       865               3356.4   -0.483644584166703
       866               3356.5   -0.484388891610902
       867               3356.6   -0.484745939647336
       868               3356.7    -0.48446667371227
       869               3356.8   -0.483418137723254
       870               3356.9    -0.48169370465913
       871                 3357   -0.479617962728347
       872               3357.1   -0.477570748686384
       873               3357.2    -0.47575084157959
       874               3357.3   -0.474094688351055
       875               3357.4   -0.472407500396243
       876               3357.5   -0.470539015658119
       877               3357.6   -0.468428140625595
       878               3357.7   -0.466039843270355
       879               3357.8     -0.4633480292822
       880               3357.9    -0.46041980518467
       881                 3358   -0.457482664704533
       882               3358.1   -0.454847790758355
       883               3358.2   -0.452730644676184
       884               3358.3   -0.451138718852391
       885               3358.4   -0.449929209261935
       886               3358.5   -0.448958328653191
       887               3358.6   -0.448155124103596
       888               3358.7   -0.447453486717792
       889               3358.8   -0.446690798955734
       890               3358.9   -0.445625983342118
       891                 3359   -0.444089404958259
       892               3359.1   -0.442120601757901
       893               3359.2   -0.439959337713291
       894               3359.3   -0.437904787319723
       895               3359.4   -0.436168908653968
       896               3359.5   -0.434822789570585
       897               3359.6   -0.433834314320842
       898               3359.7   -0.433134956610918
       899               3359.8    -0.43266642336512
       900               3359.9   -0.432397041487161
       901                 3360   -0.432311818487728
       902               3360.1   -0.432371852200941
       903               3360.2   -0.432451545752753
       904               3360.3   -0.432307039002115
       905               3360.4   -0.431646648268107
       906               3360.5   -0.430301212040827
       907               3360.6   -0.428371980499915
       908               3360.7   -0.426210199202682
       909               3360.8   -0.424227859452237
       910               3360.9   -0.422707224221879
       911                 3361    -0.42175535953041
       912               3361.1   -0.421368045831618
       913               3361.2   -0.421473721454111
       914               3361.3   -0.421923389777593
       915               3361.4   -0.422499422951699
       916               3361.5   -0.422981899160504
       917               3361.6    -0.42321962873979
       918               3361.7   -0.423145542798852
       919               3361.8   -0.422742454165248
       920               3361.9   -0.422009504693871
       921                 3362   -0.420964268114552
       922               3362.1   -0.419669247751429
       923               3362.2   -0.418239511733797
       924               3362.3   -0.416805683853479
       925               3362.4    -0.41546119476659
       926               3362.5   -0.414247191918646
       927               3362.6   -0.413184103083939
       928               3362.7   -0.412301401250535
       929               3362.8   -0.411623781960255
       930               3362.9   -0.411131442636993
       931                 3363   -0.410745622772693
       932               3363.1   -0.410361888956449
       933               3363.2   -0.409903692736447
       934               3363.3   -0.409350695235909
       935               3363.4   -0.408723728872767
       936               3363.5   -0.408054393196856
       937               3363.6   -0.407381846270799
       938               3363.7   -0.406775194879688
       939               3363.8   -0.406328285199259
       940               3363.9    -0.40609718576477
       941                 3364   -0.406034847311379
       942               3364.1   -0.406004487255423
       943               3364.2   -0.405867405500981
       944               3364.3   -0.405550030935145
       945               3364.4   -0.405030396267276
       946               3364.5   -0.404301050707575
       947               3364.6   -0.403394719802958
       948               3364.7   -0.402457981369039
       949               3364.8   -0.401770173827479
       950               3364.9   -0.401640153558576
       951                 3365   -0.402217219620246
       952               3365.1   -0.403326429864147
       953               3365.2   -0.404451824418155
       954               3365.3   -0.404934467332343
       955               3365.4   -0.404319022065216
       956               3365.5   -0.402641491265631
       957               3365.6   -0.400438420320617
       958               3365.7   -0.398436229824436
       959               3365.8   -0.397129003807777
       960               3365.9    -0.39655260226429
       961                 3366   -0.396400390162054
       962               3366.1   -0.396335248975876
       963               3366.2   -0.396210541909853
       964               3366.3   -0.396056607256541
       965               3366.4   -0.395946677813861
       966               3366.5   -0.395929347859172
       967               3366.6   -0.396051657163347
       968               3366.7   -0.396354609785445
       969               3366.8   -0.396796808189901
       970               3366.9   -0.397211192670074
       971                 3367   -0.397383255315651
       972               3367.1   -0.397181330707451
       973               3367.2   -0.396603945135313
       974               3367.3   -0.395724208287494
       975               3367.4   -0.394638237377603
       976               3367.5   -0.393490846849077
       977               3367.6   -0.392514646843963
       978               3367.7   -0.391974391207566
       979               3367.8    -0.39202243964782
       980               3367.9   -0.392594589343151
       981                 3368   -0.393446065724909
       982               3368.1   -0.394282898026494
       983               3368.2   -0.394866922421922
       984               3368.3   -0.395044479352822
       985               3368.4   -0.394749065250345
       986               3368.5    -0.39401999365569
       987               3368.6   -0.393006379733378
       988               3368.7   -0.391924610604743
       989               3368.8   -0.391007112712342
       990               3368.9   -0.390486947523754
       991                 3369   -0.390575948759408
       992               3369.1   -0.391362311105873
       993               3369.2   -0.392671408284969
       994               3369.3   -0.394056571901803
       995               3369.4   -0.395010051932923
       996               3369.5   -0.395256708748008
       997               3369.6   -0.394891213122851
       998               3369.7   -0.394277465988405
       999               3369.8   -0.393842914440172
      1000               3369.9   -0.393919800816438
      1001                 3370   -0.394658297126081
      1002               3370.1   -0.395984629025659
      1003               3370.2   -0.397634054365817
      1004               3370.3   -0.399290641349445
      1005               3370.4   -0.400758510375245
      1006               3370.5   -0.402020001411306
      1007               3370.6   -0.403124247743262
      1008               3370.7   -0.404014242710083
      1009               3370.8   -0.404466837126426
      1010               3370.9   -0.404218262434538
      1011                 3371   -0.403173200671797
      1012               3371.1   -0.401513093009097
      1013               3371.2   -0.399614310226201
      1014               3371.3   -0.397866837897524
      1015               3371.4   -0.396553236838887
      1016               3371.5   -0.395837801904581
      1017               3371.6   -0.395788012584866
      1018               3371.7   -0.396369016634226
      1019               3371.8   -0.397448350879132
      1020               3371.9   -0.398851741327878
      1021                 3372   -0.400428202500955
      1022               3372.1   -0.402064504740383
      1023               3372.2    -0.40366657689621
      1024               3372.3    -0.40516759530214
      1025               3372.4   -0.406563757359385
      1026               3372.5    -0.40792148566641
      1027               3372.6   -0.409335937663328
      1028               3372.7   -0.410885133563413
      1029               3372.8   -0.412613596939103
      1030               3372.9   -0.414520442739719
      1031                 3373   -0.416522627443816
      1032               3373.1    -0.41842853179782
      1033               3373.2   -0.419991315302617
      1034               3373.3   -0.421042432806835
      1035               3373.4   -0.421599665761636
      1036               3373.5   -0.421843730323774
      1037               3373.6    -0.42198946919657
      1038               3373.7     -0.4221830366985
      1039               3373.8    -0.42249605901594
      1040               3373.9   -0.422954490455407
      1041                 3374   -0.423530720163872
      1042               3374.1    -0.42413923107232
      1043               3374.2    -0.42470855496559
      1044               3374.3   -0.425283642037133
      1045               3374.4   -0.426027527464135
      1046               3374.5   -0.427090143673943
      1047               3374.6   -0.428469142573453
      1048               3374.7   -0.429994040937312
      1049               3374.8   -0.431432862951382
      1050               3374.9   -0.432624862367531
      1051                 3375   -0.433559657736686
      1052               3375.1   -0.434379408449047
      1053               3375.2   -0.435307450913358
      1054               3375.3   -0.436517609137773
      1055               3375.4   -0.437993318700317
      1056               3375.5   -0.439475065674343
      1057               3375.6   -0.440584167053087
      1058               3375.7   -0.441085203830537
      1059               3375.8     -0.4410908718412
      1060               3375.9   -0.441009329281008
      1061                 3376   -0.441248941524026
      1062               3376.1   -0.441927307317518
      1063               3376.2   -0.442821120194966
      1064               3376.3   -0.443554163544955
      1065               3376.4   -0.443828812638867
      1066               3376.5   -0.443542053861664
      1067               3376.6   -0.442774363876284
      1068               3376.7   -0.441707962826911
      1069               3376.8   -0.440519187894504
      1070               3376.9   -0.439301706607337
      1071                 3377   -0.438092599384667
      1072               3377.1   -0.436993045294456
      1073               3377.2   -0.436249173415233
      1074               3377.3   -0.436165801875903
      1075               3377.4   -0.436899636352479
      1076               3377.5   -0.438318858957694
      1077               3377.6   -0.440051105732213
      1078               3377.7   -0.441658386046104
      1079               3377.8   -0.442794148758294
      1080               3377.9   -0.443276592361237
      1081                 3378   -0.443107699511971
      1082               3378.1   -0.442456715474223
      1083               3378.2   -0.441579184482906
      1084               3378.3   -0.440684424323375
      1085               3378.4   -0.439854460766631
      1086               3378.5   -0.439096164536052
      1087               3378.6   -0.438460569629644
      1088               3378.7   -0.438078071517787
      1089               3378.8   -0.438061608682299
      1090               3378.9   -0.438391319158992
      1091                 3379   -0.438905706457153
      1092               3379.1   -0.439386180577471
      1093               3379.2   -0.439624915931373
      1094               3379.3   -0.439425704061885
      1095               3379.4   -0.438604540909277
      1096               3379.5   -0.437065574877275
      1097               3379.6   -0.434915503965483
      1098               3379.7   -0.432491582141069
      1099               3379.8   -0.430228350753589
      1100               3379.9   -0.428429289831505
      1101                 3380   -0.427106154792172
      1102               3380.1   -0.426012010870642
      1103               3380.2   -0.424845910468525
      1104               3380.3   -0.423467198669706
      1105               3380.4   -0.421954243234988
      1106               3380.5   -0.420485767851573
      1107               3380.6   -0.419176757489488
      1108               3380.7   -0.418019202708817
      1109               3380.8   -0.416953671245098
      1110               3380.9   -0.415963500789264
      1111                 3381   -0.415079505646434
      1112               3381.1    -0.41431064994417
      1113               3381.2   -0.413617192263391
      1114               3381.3   -0.412979016953778
      1115               3381.4   -0.412461851792592
      1116               3381.5   -0.412159818419261
      1117               3381.6    -0.41204504008934
      1118               3381.7   -0.411892957991582
      1119               3381.8   -0.411398250577037
      1120               3381.9   -0.410406300576178
      1121                 3382   -0.409061536493232
      1122               3382.1    -0.40773873426059
      1123               3382.2   -0.406809523984602
      1124               3382.3   -0.406426595164118
      1125               3382.4   -0.406472155611104
      1126               3382.5   -0.406674532785179
      1127               3382.6   -0.406785917702367
      1128               3382.7   -0.406696601365323
      1129               3382.8   -0.406415325511838
      1130               3382.9   -0.405950335391016
      1131                 3383   -0.405229700937628
      1132               3383.1    -0.40417778372271
      1133               3383.2   -0.402880476883972
      1134               3383.3   -0.401625724158842
      1135               3383.4   -0.400717570229223
      1136               3383.5   -0.400228117579624
      1137               3383.6   -0.399941508800917
      1138               3383.7   -0.399543561414799
      1139               3383.8    -0.39886514275659
      1140               3383.9   -0.397964869946794
      1141                 3384   -0.397019920609873
      1142               3384.1    -0.39616203142092
      1143               3384.2   -0.395400197612558
      1144               3384.3   -0.394660511573306
      1145               3384.4    -0.39388301767476
      1146               3384.5    -0.39309891410191
      1147               3384.6   -0.392429923526218
      1148               3384.7   -0.391994117672864
      1149               3384.8   -0.391785887078146
      1150               3384.9   -0.391650712209047
      1151                 3385   -0.391398185646133
      1152               3385.1   -0.390953982735166
      1153               3385.2    -0.39041549841761
      1154               3385.3   -0.389973021635076
      1155               3385.4   -0.389759504433685
      1156               3385.5   -0.389727693302364
      1157               3385.6   -0.389648589773429
      1158               3385.7   -0.389268619327841
      1159               3385.8   -0.388534041509021
      1160               3385.9   -0.387688863476902
      1161                 3386   -0.387124331766668
      1162               3386.1    -0.38708174838436
      1163               3386.2   -0.387464233307648
      1164               3386.3   -0.387921300306067
      1165               3386.4   -0.388119915222466
      1166               3386.5   -0.387963367296276
      1167               3386.6     -0.3876004810502
      1168               3386.7   -0.387267704640527
      1169               3386.8   -0.387119701302993
      1170               3386.9     -0.3871575854795
      1171                 3387   -0.387255468930193
      1172               3387.1   -0.387236009869058
      1173               3387.2    -0.38696208243885
      1174               3387.3   -0.386419976394043
      1175               3387.4   -0.385747971484783
      1176               3387.5   -0.385175974482853
      1177               3387.6   -0.384910310398746
      1178               3387.7   -0.385040912955501
      1179               3387.8   -0.385508736088655
      1180               3387.9   -0.386119890939807
      1181                 3388   -0.386604762920071
      1182               3388.1   -0.386736050078739
      1183               3388.2   -0.386458394720099
      1184               3388.3   -0.385917435196146
      1185               3388.4   -0.385341565306969
      1186               3388.5   -0.384882294970363
      1187               3388.6   -0.384561703191239
      1188               3388.7   -0.384342263183657
      1189               3388.8   -0.384202712893078
      1190               3388.9   -0.384141579452515
      1191                 3389   -0.384153683921844
      1192               3389.1   -0.384241617738851
      1193               3389.2   -0.384433063678228
      1194               3389.3   -0.384747019356589
      1195               3389.4    -0.38513830549357
      1196               3389.5   -0.385505690517963
      1197               3389.6   -0.385777376820655
      1198               3389.7   -0.385984312042721
      1199               3389.8   -0.386233352909135
      1200               3389.9   -0.386596533798442
      1201                 3390   -0.387021204128402
      1202               3390.1   -0.387345930155221
      1203               3390.2   -0.387406933498484
      1204               3390.3   -0.387149531258958
      1205               3390.4   -0.386674987871082
      1206               3390.5   -0.386203445279559
      1207               3390.6   -0.385965414982128
      1208               3390.7   -0.386068947699555
      1209               3390.8    -0.38643055533114
      1210               3390.9   -0.386834602406663
      1211                 3391    -0.38707864329995
      1212               3391.1   -0.387083805569009
      1213               3391.2   -0.386899383495859
      1214               3391.3   -0.386643024941225
      1215               3391.4   -0.386451049330251
      1216               3391.5   -0.386450237216753
      1217               3391.6   -0.386718574597264
      1218               3391.7   -0.387241743780981
      1219               3391.8   -0.387914525996664
      1220               3391.9   -0.388597034104661
      1221                 3392   -0.389168394960852
      1222               3392.1   -0.389531626888015
      1223               3392.2   -0.389600258185331
      1224               3392.3   -0.389325104495999
      1225               3392.4   -0.388755139835923
      1226               3392.5   -0.388059474720605
      1227               3392.6   -0.387461688626967
      1228               3392.7   -0.387124790762151
      1229               3392.8   -0.387070536749223
      1230               3392.9   -0.387178619221273
      1231                 3393    -0.38725001663561
      1232               3393.1    -0.38709939321933
      1233               3393.2   -0.386646485020388
      1234               3393.3   -0.385961017794319
      1235               3393.4   -0.385211379948126
      1236               3393.5   -0.384538900794401
      1237               3393.6   -0.383976085067296
      1238               3393.7   -0.383501196824129
      1239               3393.8   -0.383157718638663
      1240               3393.9   -0.383066375065437
      1241                 3394   -0.383281686568627
      1242               3394.1   -0.383660406323792
      1243               3394.2   -0.383928754167825
      1244               3394.3   -0.383906984941911
      1245               3394.4    -0.38365174042687
      1246               3394.5   -0.383362745830173
      1247               3394.6   -0.383167866047162
      1248               3394.7   -0.383025042148245
      1249               3394.8   -0.382825143866617
      1250               3394.9   -0.382550155840884
      1251                 3395   -0.382306837162802
      1252               3395.1   -0.382223108627323
      1253               3395.2   -0.382333915729235
      1254               3395.3    -0.38255251374332
      1255               3395.4   -0.382718470930046
      1256               3395.5   -0.382676192997008
      1257               3395.6   -0.382358211640053
      1258               3395.7   -0.381846544579597
      1259               3395.8    -0.38136782246521
      1260               3395.9   -0.381202552611305
      1261                 3396   -0.381550650003799
      1262               3396.1   -0.382428428924179
      1263               3396.2   -0.383649184169642
      1264               3396.3   -0.384895491688175
      1265               3396.4   -0.385855638419256
      1266               3396.5   -0.386363701672289
      1267               3396.6   -0.386461104448315
      1268               3396.7   -0.386329278973291
      1269               3396.8    -0.38614181537208
      1270               3396.9   -0.385971099848901
      1271                 3397    -0.38584036858305
      1272               3397.1   -0.385844321284287
      1273               3397.2   -0.386163546152449
      1274               3397.3   -0.386923754941708
      1275               3397.4   -0.388058262326867
      1276               3397.5   -0.389338362133047
      1277               3397.6   -0.390526861492856
      1278               3397.7   -0.391471794040127
      1279               3397.8   -0.392061861319917
      1280               3397.9   -0.392145249464148
      1281                 3398   -0.391539767231762
      1282               3398.1   -0.390146784350485
      1283               3398.2   -0.388082554335275
      1284               3398.3   -0.385722599880473
      1285               3398.4   -0.383593624369993
      1286               3398.5   -0.382143914801899
      1287               3398.6   -0.381540972627673
      1288               3398.7   -0.381649522876864
      1289               3398.8   -0.382183576159933
      1290               3398.9   -0.382874667079778
      1291                 3399   -0.383533853071807
      1292               3399.1   -0.384034975570988
      1293               3399.2   -0.384303543132791
      1294               3399.3   -0.384321515560371
      1295               3399.4   -0.384108172389122
      1296               3399.5   -0.383690628437305
      1297               3399.6   -0.383117488970359
      1298               3399.7   -0.382500510548318
      1299               3399.8   -0.382000945039271
      1300               3399.9   -0.381740980334532
      1301                 3400   -0.381732333213181
      1302               3400.1    -0.38190247958698
      1303               3400.2   -0.382181148089096
      1304               3400.3   -0.382550416491925
      1305               3400.4   -0.383020975560961
      1306               3400.5   -0.383579791128213
      1307               3400.6   -0.384170532287974
      1308               3400.7   -0.384720283229331
      1309               3400.8   -0.385171701018846
      1310               3400.9   -0.385479738566817
      1311                 3401   -0.385590319743727
      1312               3401.1   -0.385451143782702
      1313               3401.2   -0.385049987746909
      1314               3401.3   -0.384417654586186
      1315               3401.4   -0.383584976060404
      1316               3401.5   -0.382574649191245
      1317               3401.6   -0.381468744940126
      1318               3401.7    -0.38045289212695
      1319               3401.8   -0.379727394356532
      1320               3401.9   -0.379355061099532
      1321                 3402    -0.37923493456623
      1322               3402.1   -0.379249804423815
      1323               3402.2   -0.379412073721678
      1324               3402.3   -0.379839405878035
      1325               3402.4   -0.380609000551173
      1326               3402.5    -0.38166043146652
      1327               3402.6    -0.38281618067242
      1328               3402.7   -0.383858226882142
      1329               3402.8   -0.384599058457688
      1330               3402.9   -0.384940614524065
      1331                 3403    -0.38491398595196
      1332               3403.1   -0.384665457937169
      1333               3403.2   -0.384374033451499
      1334               3403.3    -0.38414724722933
      1335               3403.4   -0.383977767889797
      1336               3403.5   -0.383795644467048
      1337               3403.6   -0.383550989546604
      1338               3403.7   -0.383231336672975
      1339               3403.8   -0.382816150680646
      1340               3403.9   -0.382270811197132
      1341                 3404   -0.381626823417863
      1342               3404.1   -0.381047838113023
      1343               3404.2   -0.380761835904126
      1344               3404.3   -0.380897307610056
      1345               3404.4    -0.38138237099179
      1346               3404.5   -0.381986966820074
      1347               3404.6   -0.382436013731832
      1348               3404.7   -0.382500567553034
      1349               3404.8   -0.382058852030783
      1350               3404.9   -0.381145460347372
      1351                 3405   -0.379960823540445
      1352               3405.1   -0.378811830335985
      1353               3405.2   -0.378013189900819
      1354               3405.3   -0.377798228295643
      1355               3405.4   -0.378248275225797
      1356               3405.5    -0.37924078704915
      1357               3405.6   -0.380458772158022
      1358               3405.7   -0.381503436127748
      1359               3405.8   -0.382069567418803
      1360               3405.9    -0.38207627065144
      1361                 3406   -0.381676686861662
      1362               3406.1   -0.381156924387635
      1363               3406.2   -0.380798203923823
      1364               3406.3   -0.380787232196627
      1365               3406.4   -0.381211213132566
      1366               3406.5   -0.382090660796848
      1367               3406.6   -0.383372310681839
      1368               3406.7   -0.384878592471444
      1369               3406.8    -0.38630146452674
      1370               3406.9   -0.387309144397349
      1371                 3407   -0.387717757457856
      1372               3407.1   -0.387603130570841
      1373               3407.2   -0.387269272403685
      1374               3407.3   -0.387089133705792
      1375               3407.4     -0.3872999152178
      1376               3407.5   -0.387858567081468
      1377               3407.6   -0.388458230981053
      1378               3407.7   -0.388731272639985
      1379               3407.8   -0.388512020871112
      1380               3407.9    -0.38794679087349
      1381                 3408   -0.387363466125355
      1382               3408.1    -0.38703954691658
      1383               3408.2   -0.387074533540171
      1384               3408.3   -0.387420027742124
      1385               3408.4   -0.387959617579746
      1386               3408.5   -0.388538159146206
      1387               3408.6   -0.388958699178201
      1388               3408.7   -0.389028434085038
      1389               3408.8   -0.388672099044601
      1390               3408.9   -0.388022272671232
      1391                 3409   -0.387380039114578
      1392               3409.1   -0.387054807519323
      1393               3409.2    -0.38721021465148
      1394               3409.3   -0.387822087180877
      1395               3409.4    -0.38873299733646
      1396               3409.5    -0.38972142053836
      1397               3409.6   -0.390542286450352
      1398               3409.7   -0.390953266021055
      1399               3409.8   -0.390752550657331
      1400               3409.9   -0.389836944656895
      1401                 3410   -0.388265342814276
      1402               3410.1   -0.386281139253414
      1403               3410.2   -0.384236796560545
      1404               3410.3   -0.382422610005938
      1405               3410.4   -0.380906861461369
      1406               3410.5   -0.379533775313562
      1407               3410.6   -0.378118645950667
      1408               3410.7   -0.376696199693785
      1409               3410.8   -0.375593351622312
      1410               3410.9   -0.375223057492432
      1411                 3411   -0.375751794257828
      1412               3411.1   -0.376938419548364
      1413               3411.2   -0.378301612114866
      1414               3411.3    -0.37946527118593
      1415               3411.4   -0.380371799239461
      1416               3411.5   -0.381195157112847
      1417               3411.6   -0.382066720304459
      1418               3411.7   -0.382882537960464
      1419               3411.8   -0.383368984082437
      1420               3411.9   -0.383330786595117
      1421                 3412   -0.382824746140962
      1422               3412.1   -0.382089641018589
      1423               3412.2   -0.381336072123086
      1424               3412.3   -0.380640575214959
      1425               3412.4   -0.380028647351803
      1426               3412.5   -0.379585554880708
      1427               3412.6   -0.379416421431531
      1428               3412.7    -0.37949620549825
      1429               3412.8   -0.379616881077234
      1430               3412.9    -0.37953942378799
      1431                 3413   -0.379210986734749
      1432               3413.1   -0.378815674188003
      1433               3413.2    -0.37860130628785
      1434               3413.3   -0.378651947944038
      1435               3413.4   -0.378809190547582
      1436               3413.5   -0.378792398571889
      1437               3413.6   -0.378407410350511
      1438               3413.7   -0.377680663066228
      1439               3413.8   -0.376822901157966
      1440               3413.9   -0.376068046512227
      1441                 3414   -0.375539552884544
      1442               3414.1   -0.375258142486578
      1443               3414.2   -0.375250721115664
      1444               3414.3   -0.375616150436761
      1445               3414.4   -0.376460374787255
      1446               3414.5   -0.377759894257125
      1447               3414.6   -0.379290301230134
      1448               3414.7   -0.380699405034326
      1449               3414.8   -0.381684836122735
      1450               3414.9    -0.38215840711903
      1451                 3415    -0.38228674711135
      1452               3415.1   -0.382378473133907
      1453               3415.2    -0.38269614705375
      1454               3415.3   -0.383323203398593
      1455               3415.4   -0.384159667171368
      1456               3415.5    -0.38501665995571
      1457               3415.6   -0.385731507241115
      1458               3415.7   -0.386244545021999
      1459               3415.8   -0.386610632319129
      1460               3415.9   -0.386946206210485
      1461                 3416   -0.387345353761186
      1462               3416.1   -0.387815368878422
      1463               3416.2   -0.388267706926508
      1464               3416.3   -0.388572060332028
      1465               3416.4   -0.388649401392685
      1466               3416.5   -0.388543614209736
      1467               3416.6   -0.388406364900228
      1468               3416.7    -0.38839425776918
      1469               3416.8   -0.388563334208658
      1470               3416.9   -0.388849428140685
      1471                 3417   -0.389127743637696
      1472               3417.1   -0.389267644797536
      1473               3417.2   -0.389137230540296
      1474               3417.3   -0.388605407235513
      1475               3417.4    -0.38760138584447
      1476               3417.5   -0.386207386476109
      1477               3417.6    -0.38469676105242
      1478               3417.7   -0.383463110262419
      1479               3417.8   -0.382867790983154
      1480               3417.9   -0.383086130316951
      1481                 3418   -0.384034236249723
      1482               3418.1   -0.385414081255621
      1483               3418.2   -0.386839961580163
      1484               3418.3   -0.387960588580668
      1485               3418.4   -0.388525054976183
      1486               3418.5   -0.388416645746083
      1487               3418.6   -0.387687453077515
      1488               3418.7   -0.386560113239461
      1489               3418.8   -0.385343376810088
      1490               3418.9   -0.384295174663481
      1491                 3419   -0.383542165100887
      1492               3419.1   -0.383105864928068
      1493               3419.2   -0.382961145511105
      1494               3419.3   -0.383033409321066
      1495               3419.4   -0.383157366496391
      1496               3419.5   -0.383110157868008
      1497               3419.6   -0.382745371929567
      1498               3419.7   -0.382096077140357
      1499               3419.8   -0.381335012335578
      1500               3419.9   -0.380651869575955
