     index            Field [G]         Intensity []

         1                 3270   -0.369324149565271
         2               3270.1   -0.368344098790358
         3               3270.2   -0.367151517232394
         4               3270.3   -0.365717779365716
         5               3270.4   -0.364020044734087
         6               3270.5   -0.362075919195184
         7               3270.6   -0.360009360202021
         8               3270.7   -0.358105393843662
         9               3270.8   -0.356782192476998
        10               3270.9   -0.356441730040235
        11                 3271   -0.357245212294236
        12               3271.1   -0.358952764717765
        13               3271.2   -0.360981240132126
        14               3271.3   -0.362695332596051
        15               3271.4   -0.363741884241643
        16               3271.5   -0.364180109387101
        17               3271.6   -0.364332580169074
        18               3271.7   -0.364509974344167
        19               3271.8   -0.364827088542055
        20               3271.9     -0.3652035134799
        21                 3272   -0.365486646417886
        22               3272.1   -0.365587589655584
        23               3272.2    -0.36556310552647
        24               3272.3   -0.365607060329445
        25               3272.4   -0.365929883270509
        26               3272.5   -0.366583892521573
        27               3272.6   -0.367387828320693
        28               3272.7   -0.368048827274984
        29               3272.8   -0.368380741297861
        30               3272.9    -0.36841471950668
        31                 3273    -0.36832314825709
        32               3273.1   -0.368260754903441
        33               3273.2   -0.368262087157532
        34               3273.3   -0.368246509464071
        35               3273.4   -0.368100518130946
        36               3273.5   -0.367772261672779
        37               3273.6   -0.367313625769911
        38               3273.7   -0.366850186008107
        39               3273.8   -0.366516305695224
        40               3273.9   -0.366397796302357
        41                 3274    -0.36649679732345
        42               3274.1   -0.366735389481142
        43               3274.2   -0.367012936840892
        44               3274.3   -0.367271530445084
        45               3274.4    -0.36748860359381
        46               3274.5   -0.367608141856145
        47               3274.6   -0.367529788089879
        48               3274.7   -0.367207802050438
        49               3274.8   -0.366737570430898
        50               3274.9   -0.366290123755142
        51                 3275   -0.365943189694789
        52               3275.1   -0.365595067732527
        53               3275.2   -0.365053889534595
        54               3275.3   -0.364205932486107
        55               3275.4   -0.363112428243405
        56               3275.5    -0.36198561483123
        57               3275.6   -0.361094158445907
        58               3275.7   -0.360653903269802
        59               3275.8   -0.360735784613336
        60               3275.9   -0.361233841215373
        61                 3276   -0.361931608448725
        62               3276.1   -0.362632288935142
        63               3276.2   -0.363251902320649
        64               3276.3   -0.363813683632779
        65               3276.4   -0.364385677802599
        66               3276.5    -0.36504119616426
        67               3276.6   -0.365850898709163
        68               3276.7   -0.366841240484863
        69               3276.8   -0.367901958950605
        70               3276.9   -0.368755551439867
        71                 3277   -0.369114458946598
        72               3277.1   -0.368957198462107
        73               3277.2   -0.368661608084466
        74               3277.3   -0.368811116759789
        75               3277.4   -0.369793104450041
        76               3277.5   -0.371513221070344
        77               3277.6    -0.37344883657972
        78               3277.7   -0.374978895889898
        79               3277.8   -0.375727721160361
        80               3277.9   -0.375696239571588
        81                 3278   -0.375153678878764
        82               3278.1   -0.374430227583908
        83               3278.2   -0.373760006581417
        84               3278.3   -0.373226538010746
        85               3278.4   -0.372791035814421
        86               3278.5    -0.37237281704979
        87               3278.6   -0.371940115410556
        88               3278.7   -0.371546433224808
        89               3278.8   -0.371278136933228
        90               3278.9   -0.371167889063817
        91                 3279   -0.371167193750143
        92               3279.1   -0.371197765701295
        93               3279.2   -0.371212795095618
        94               3279.3    -0.37120782305148
        95               3279.4   -0.371189700668569
        96               3279.5   -0.371141416917187
        97               3279.6   -0.371005405744023
        98               3279.7   -0.370698399810379
        99               3279.8   -0.370165983689571
       100               3279.9   -0.369459456043747
       101                 3280   -0.368784192187883
       102               3280.1   -0.368460160303825
       103               3280.2   -0.368775431941023
       104               3280.3   -0.369801595336194
       105               3280.4   -0.371309969443351
       106               3280.5   -0.372878180241683
       107               3280.6   -0.374119495553638
       108               3280.7   -0.374866338147022
       109               3280.8   -0.375201680136138
       110               3280.9   -0.375356113697406
       111                 3281   -0.375542312703225
       112               3281.1   -0.375812101141798
       113               3281.2   -0.376041907286747
       114               3281.3   -0.376088063976023
       115               3281.4   -0.375977020729513
       116               3281.5    -0.37591844425173
       117               3281.6    -0.37610974986908
       118               3281.7   -0.376540435601738
       119               3281.8    -0.37700044961066
       120               3281.9   -0.377268129023635
       121                 3282   -0.377282622972732
       122               3282.1   -0.377152998017736
       123               3282.2   -0.377025660487345
       124               3282.3   -0.376948858840259
       125               3282.4   -0.376850768610108
       126               3282.5   -0.376627490698693
       127               3282.6   -0.376243307145312
       128               3282.7   -0.375759363350707
       129               3282.8   -0.375284644798338
       130               3282.9   -0.374899072517082
       131                 3283   -0.374609859277249
       132               3283.1   -0.374375879695249
       133               3283.2   -0.374174476970765
       134               3283.3   -0.374041847418151
       135               3283.4   -0.374052167910791
       136               3283.5   -0.374270848680984
       137               3283.6   -0.374731259929233
       138               3283.7   -0.375438641419029
       139               3283.8   -0.376366866085848
       140               3283.9   -0.377421275511215
       141                 3284   -0.378392106524966
       142               3284.1   -0.378975025961815
       143               3284.2   -0.378903219000995
       144               3284.3   -0.378114054050947
       145               3284.4   -0.376807409163121
       146               3284.5   -0.375345051093675
       147               3284.6    -0.37408008087777
       148               3284.7    -0.37323079413934
       149               3284.8   -0.372837349336598
       150               3284.9   -0.372784351764117
       151                 3285   -0.372877665264063
       152               3285.1   -0.372966378121133
       153               3285.2   -0.373054325014106
       154               3285.3    -0.37330323260441
       155               3285.4   -0.373889464715764
       156               3285.5   -0.374820770789205
       157               3285.6   -0.375879105327071
       158               3285.7   -0.376734032468337
       159               3285.8   -0.377113848366832
       160               3285.9   -0.376913274343798
       161                 3286   -0.376215477338526
       162               3286.1    -0.37525314399815
       163               3286.2   -0.374316256889847
       164               3286.3   -0.373628847100149
       165               3286.4   -0.373257294019113
       166               3286.5   -0.373094380939377
       167               3286.6   -0.372900658376241
       168               3286.7   -0.372374081385394
       169               3286.8   -0.371263140115291
       170               3286.9   -0.369529710000761
       171                 3287   -0.367470329802092
       172               3287.1   -0.365649174217348
       173               3287.2   -0.364613438993381
       174               3287.3   -0.364573009265157
       175               3287.4   -0.365296286211592
       176               3287.5   -0.366298349896909
       177               3287.6   -0.367152065321129
       178               3287.7    -0.36768948318862
       179               3287.8   -0.368005885572783
       180               3287.9   -0.368333764814885
       181                 3288   -0.368883317756692
       182               3288.1   -0.369719679369308
       183               3288.2   -0.370746427374187
       184               3288.3   -0.371817929073548
       185               3288.4   -0.372867571005013
       186               3288.5   -0.373888144438649
       187               3288.6   -0.374777240955367
       188               3288.7   -0.375263253388077
       189               3288.8   -0.375054489827927
       190               3288.9    -0.37408362458047
       191                 3289   -0.372612813195922
       192               3289.1   -0.371123099270571
       193               3289.2   -0.370084668197912
       194               3289.3   -0.369729319497121
       195               3289.4    -0.36992586185305
       196               3289.5   -0.370255400821273
       197               3289.6   -0.370285564417881
       198               3289.7   -0.369852469845797
       199               3289.8   -0.369108575351953
       200               3289.9   -0.368306058199996
       201                 3290    -0.36753988608048
       202               3290.1   -0.366691648770462
       203               3290.2   -0.365605269426757
       204               3290.3   -0.364321148222541
       205               3290.4   -0.363158187706197
       206               3290.5   -0.362556969684253
       207               3290.6   -0.362786156330989
       208               3290.7   -0.363736201209108
       209               3290.8   -0.364968061498236
       210               3290.9   -0.365978897423919
       211                 3291   -0.366478000168612
       212               3291.1    -0.36648655033719
       213               3291.2   -0.366238222403441
       214               3291.3   -0.365998111770184
       215               3291.4   -0.365929392193632
       216               3291.5   -0.366047643656261
       217               3291.6   -0.366225133545601
       218               3291.7   -0.366223005275708
       219               3291.8   -0.365782593385101
       220               3291.9   -0.364777468779324
       221                 3292   -0.363329642133849
       222               3292.1   -0.361778627229689
       223               3292.2   -0.360513801555389
       224               3292.3   -0.359796970596362
       225               3292.4   -0.359680292857237
       226               3292.5   -0.360019543695808
       227               3292.6   -0.360536099019375
       228               3292.7   -0.360916747083448
       229               3292.8   -0.360950739627407
       230               3292.9   -0.360636689289095
       231                 3293   -0.360155534683531
       232               3293.1   -0.359706855014101
       233               3293.2    -0.35935646400919
       234               3293.3   -0.359049268989973
       235               3293.4   -0.358769079382767
       236               3293.5   -0.358664745500691
       237               3293.6   -0.358991834353897
       238               3293.7   -0.359906209038019
       239               3293.8   -0.361294020816414
       240               3293.9    -0.36279355100951
       241                 3294   -0.364000780849796
       242               3294.1   -0.364705019408298
       243               3294.2   -0.364987358828648
       244               3294.3    -0.36512606308507
       245               3294.4   -0.365388385473958
       246               3294.5   -0.365848634015283
       247               3294.6   -0.366336534753944
       248               3294.7   -0.366536848219052
       249               3294.8   -0.366185100692785
       250               3294.9   -0.365256350287728
       251                 3295   -0.364030119623816
       252               3295.1   -0.362960025716146
       253               3295.2   -0.362404541799569
       254               3295.3    -0.36241903679861
       255               3295.4   -0.362800691993272
       256               3295.5   -0.363348079519121
       257               3295.6   -0.364063085751459
       258               3295.7   -0.365081500517498
       259               3295.8   -0.366428410154034
       260               3295.9   -0.367884346208776
       261                 3296   -0.369105187616184
       262               3296.1   -0.369864598881535
       263               3296.2   -0.370189773476025
       264               3296.3   -0.370290728968382
       265               3296.4   -0.370365080408492
       266               3296.5   -0.370434204622831
       267               3296.6   -0.370317341615524
       268               3296.7   -0.369756039676014
       269               3296.8   -0.368619800785414
       270               3296.9   -0.367062954169146
       271                 3297   -0.365498570784647
       272               3297.1   -0.364369853574292
       273               3297.2   -0.363882541526145
       274               3297.3   -0.363923108365425
       275               3297.4   -0.364219951040734
       276               3297.5   -0.364570617080171
       277               3297.6   -0.364921456345227
       278               3297.7   -0.365274486990533
       279               3297.8   -0.365571130831143
       280               3297.9   -0.365686367241978
       281                 3298   -0.365533740228456
       282               3298.1   -0.365180174746719
       283               3298.2   -0.364854211466744
       284               3298.3   -0.364812512134657
       285               3298.4   -0.365171773250932
       286               3298.5   -0.365864168194634
       287               3298.6   -0.366734382206652
       288               3298.7   -0.367635597628535
       289               3298.8    -0.36842878613475
       290               3298.9   -0.368959249807337
       291                 3299   -0.369107249440549
       292               3299.1   -0.368869212095333
       293               3299.2   -0.368359349584162
       294               3299.3   -0.367720481076072
       295               3299.4    -0.36703742040493
       296               3299.5   -0.366330327941318
       297               3299.6   -0.365623371511949
       298               3299.7   -0.365024163874785
       299               3299.8   -0.364733797416112
       300               3299.9   -0.364946223960151
       301                 3300   -0.365691097520044
       302               3300.1    -0.36675273293154
       303               3300.2   -0.367756828371684
       304               3300.3   -0.368370414972535
       305               3300.4   -0.368460692626916
       306               3300.5   -0.368114538788515
       307               3300.6   -0.367555277831347
       308               3300.7   -0.367047489307425
       309               3300.8   -0.366823851316426
       310               3300.9   -0.367013933302944
       311                 3301   -0.367580336803396
       312               3301.1   -0.368315295864339
       313               3301.2   -0.368933056952996
       314               3301.3   -0.369217930275217
       315               3301.4   -0.369136572466964
       316               3301.5   -0.368843702525265
       317               3301.6   -0.368579180744765
       318               3301.7   -0.368523022965626
       319               3301.8   -0.368703632760742
       320               3301.9   -0.369015461748567
       321                 3302   -0.369314281443201
       322               3302.1   -0.369502326427275
       323               3302.2   -0.369548395579799
       324               3302.3   -0.369459891486525
       325               3302.4   -0.369251262093338
       326               3302.5   -0.368935458721931
       327               3302.6   -0.368546749790117
       328               3302.7   -0.368177602931193
       329               3302.8   -0.367968643573253
       330               3302.9   -0.368002988959283
       331                 3303   -0.368176353527392
       332               3303.1   -0.368210030643783
       333               3303.2   -0.367861664632839
       334               3303.3   -0.367146868263641
       335               3303.4   -0.366324772013477
       336               3303.5    -0.36564093846099
       337               3303.6   -0.365086665367494
       338               3303.7   -0.364414450260421
       339               3303.8   -0.363391169909321
       340               3303.9   -0.362060585954298
       341                 3304   -0.360792484769372
       342               3304.1   -0.360066256550095
       343               3304.2   -0.360139793509043
       344               3304.3   -0.360857751142062
       345               3304.4   -0.361760176210995
       346               3304.5   -0.362408935826415
       347               3304.6   -0.362667833487597
       348               3304.7   -0.362730154900535
       349               3304.8   -0.362916224016552
       350               3304.9   -0.363430546332251
       351                 3305   -0.364248200436111
       352               3305.1   -0.365171977508462
       353               3305.2   -0.365991020431802
       354               3305.3   -0.366622094875854
       355               3305.4   -0.367130078916811
       356               3305.5    -0.36761338079461
       357               3305.6   -0.368059490861993
       358               3305.7   -0.368314337434865
       359               3305.8   -0.368204883074999
       360               3305.9   -0.367700486584849
       361                 3306   -0.366959335191692
       362               3306.1   -0.366222312418313
       363               3306.2   -0.365655889283729
       364               3306.3   -0.365270454295456
       365               3306.4   -0.364956701982146
       366               3306.5   -0.364590444274723
       367               3306.6   -0.364123715167058
       368               3306.7    -0.36360824035914
       369               3306.8   -0.363153121132952
       370               3306.9   -0.362859915886801
       371                 3307   -0.362780274484675
       372               3307.1   -0.362919100685798
       373               3307.2   -0.363282871326034
       374               3307.3    -0.36393652650943
       375               3307.4   -0.364989848520252
       376               3307.5   -0.366466746865151
       377               3307.6   -0.368151858406078
       378               3307.7   -0.369603575214887
       379               3307.8   -0.370396061474546
       380               3307.9   -0.370406219300063
       381                 3308   -0.369889241495069
       382               3308.1   -0.369281044626153
       383               3308.2   -0.368905436802785
       384               3308.3   -0.368814206648146
       385               3308.4   -0.368845252160454
       386               3308.5   -0.368802081389402
       387               3308.6   -0.368587259434587
       388               3308.7   -0.368209636074427
       389               3308.8   -0.367726590169583
       390               3308.9   -0.367213181724762
       391                 3309   -0.366758912904814
       392               3309.1   -0.366443298905334
       393               3309.2    -0.36630640394568
       394               3309.3   -0.366370967454803
       395               3309.4   -0.366689230946588
       396               3309.5   -0.367311985818217
       397               3309.6   -0.368162948742444
       398               3309.7   -0.368958468885318
       399               3309.8   -0.369317810233605
       400               3309.9   -0.369018796669212
       401                 3310   -0.368174501158737
       402               3310.1   -0.367152348942688
       403               3310.2   -0.366295972635025
       404               3310.3    -0.36569663050449
       405               3310.4   -0.365205494213708
       406               3310.5   -0.364644049859529
       407               3310.6   -0.363990810871014
       408               3310.7   -0.363366793285359
       409               3310.8   -0.362861798878937
       410               3310.9   -0.362413535848003
       411                 3311   -0.361883610378752
       412               3311.1   -0.361239122860655
       413               3311.2   -0.360623787156705
       414               3311.3   -0.360235954959946
       415               3311.4   -0.360148263497418
       416               3311.5   -0.360246013607601
       417               3311.6   -0.360315740356329
       418               3311.7   -0.360180216099022
       419               3311.8   -0.359775215877645
       420               3311.9   -0.359141024371139
       421                 3312   -0.358363011909913
       422               3312.1   -0.357512469522704
       423               3312.2   -0.356622385911521
       424               3312.3   -0.355701843166903
       425               3312.4   -0.354770057797098
       426               3312.5   -0.353883022091074
       427               3312.6   -0.353125605270353
       428               3312.7   -0.352561876056331
       429               3312.8   -0.352181659088693
       430               3312.9   -0.351901287880436
       431                 3313   -0.351619986104865
       432               3313.1   -0.351258009217841
       433               3313.2   -0.350728758877145
       434               3313.3     -0.3499108422137
       435               3313.4   -0.348711457811036
       436               3313.5   -0.347177138331444
       437               3313.6   -0.345502834929106
       438               3313.7    -0.34389887044467
       439               3313.8   -0.342463272233312
       440               3313.9   -0.341199721081909
       441                 3314   -0.340118862254081
       442               3314.1   -0.339251457811677
       443               3314.2   -0.338547538705297
       444               3314.3   -0.337827565039065
       445               3314.4   -0.336899807576024
       446               3314.5   -0.335723886982783
       447               3314.6   -0.334422790109543
       448               3314.7   -0.333134209114817
       449               3314.8   -0.331870687324073
       450               3314.9   -0.330506612713224
       451                 3315   -0.328860197178543
       452               3315.1   -0.326790395379823
       453               3315.2   -0.324261694467423
       454               3315.3   -0.321348724217873
       455               3315.4   -0.318175781796913
       456               3315.5   -0.314842571722953
       457               3315.6   -0.311407663222617
       458               3315.7   -0.307933383065632
       459               3315.8   -0.304517880964299
       460               3315.9   -0.301257948919171
       461                 3316   -0.298175680064743
       462               3316.1   -0.295182841917206
       463               3316.2   -0.292107977696718
       464               3316.3   -0.288755920806758
       465               3316.4   -0.284971352798835
       466               3316.5   -0.280698004003977
       467               3316.6   -0.276016451315471
       468               3316.7   -0.271132503422574
       469               3316.8   -0.266312235526814
       470               3316.9   -0.261799196970721
       471                 3317   -0.257757773358053
       472               3317.1   -0.254250219866362
       473               3317.2   -0.251215567063298
       474               3317.3   -0.248440796727289
       475               3317.4   -0.245585947884873
       476               3317.5   -0.242324182355054
       477               3317.6   -0.238528495507682
       478               3317.7   -0.234334712037546
       479               3317.8   -0.230008891137024
       480               3317.9   -0.225746789881679
       481                 3318   -0.221581360096043
       482               3318.1   -0.217435256716707
       483               3318.2   -0.213231641414535
       484               3318.3   -0.208986202840844
       485               3318.4   -0.204852337738572
       486               3318.5    -0.20108681602184
       487               3318.6   -0.197908800874624
       488               3318.7   -0.195322483510807
       489               3318.8    -0.19307320450236
       490               3318.9   -0.190834353194363
       491                 3319    -0.18849529048552
       492               3319.1   -0.186293967011933
       493               3319.2   -0.184681201739944
       494               3319.3   -0.184051341080366
       495               3319.4   -0.184544275498864
       496               3319.5   -0.185998833122988
       497               3319.6   -0.188033912188919
       498               3319.7    -0.19023432312956
       499               3319.8   -0.192385721737931
       500               3319.9   -0.194600285635776
       501                 3320   -0.197193167072301
       502               3320.1   -0.200393874769548
       503               3320.2    -0.20416436652074
       504               3320.3   -0.208290751315295
       505               3320.4   -0.212622639480342
       506               3320.5   -0.217193930611958
       507               3320.6   -0.222121996179254
       508               3320.7   -0.227439912053025
       509               3320.8    -0.23306198533754
       510               3320.9   -0.238885093319755
       511                 3321   -0.244863028475022
       512               3321.1   -0.250966610878166
       513               3321.2   -0.257120556573665
       514               3321.3   -0.263227238388334
       515               3321.4   -0.269245235078746
       516               3321.5     -0.2752110985403
       517               3321.6   -0.281177889166011
       518               3321.7   -0.287154713469502
       519               3321.8    -0.29311639301142
       520               3321.9   -0.299046299670679
       521                 3322   -0.304925951406936
       522               3322.1   -0.310656379043984
       523               3322.2   -0.315999110192746
       524               3322.3    -0.32063109906857
       525               3322.4   -0.324305856232037
       526               3322.5   -0.327014891363101
       527               3322.6    -0.32904093459675
       528               3322.7   -0.330860413347617
       529               3322.8   -0.332925931345422
       530               3322.9   -0.335434051170142
       531                 3323    -0.33823260232947
       532               3323.1   -0.340951237087091
       533               3323.2   -0.343254983800941
       534               3323.3   -0.345017772051909
       535               3323.4    -0.34632602337319
       536               3323.5   -0.347397565531391
       537               3323.6   -0.348506313564002
       538               3323.7   -0.349881743320308
       539               3323.8   -0.351547226862504
       540               3323.9   -0.353213655853012
       541                 3324   -0.354404927726204
       542               3324.1   -0.354799948754422
       543               3324.2   -0.354527989053375
       544               3324.3   -0.354152318779802
       545               3324.4   -0.354336831715484
       546               3324.5   -0.355445548806729
       547               3324.6   -0.357354489367938
       548               3324.7   -0.359577361943871
       549               3324.8   -0.361585903234561
       550               3324.9    -0.36309469553001
       551                 3325   -0.364139437165974
       552               3325.1   -0.364948678234445
       553               3325.2   -0.365748973784855
       554               3325.3    -0.36664685859583
       555               3325.4   -0.367628703899406
       556               3325.5   -0.368626494145588
       557               3325.6   -0.369579940613285
       558               3325.7   -0.370456610708185
       559               3325.8   -0.371227317536818
       560               3325.9   -0.371825667476595
       561                 3326   -0.372139788518292
       562               3326.1   -0.372060429251577
       563               3326.2   -0.371550337631705
       564               3326.3   -0.370672322666397
       565               3326.4   -0.369555949253413
       566               3326.5   -0.368342639906676
       567               3326.6   -0.367153830550519
       568               3326.7    -0.36608035893851
       569               3326.8   -0.365159862436341
       570               3326.9    -0.36433690736227
       571                 3327   -0.363457042857255
       572               3327.1   -0.362349617653895
       573               3327.2   -0.360968086692834
       574               3327.3   -0.359466066029835
       575               3327.4   -0.358121817911412
       576               3327.5   -0.357169935003452
       577               3327.6    -0.35668471097823
       578               3327.7   -0.356583165822759
       579               3327.8   -0.356688960671322
       580               3327.9   -0.356780034181195
       581                 3328   -0.356620959488471
       582               3328.1   -0.356023111222546
       583               3328.2   -0.354929232920183
       584               3328.3   -0.353460878581638
       585               3328.4   -0.351874367095164
       586               3328.5   -0.350431243255442
       587               3328.6   -0.349253111235149
       588               3328.7   -0.348264692414158
       589               3328.8   -0.347290199453091
       590               3328.9   -0.346237490991105
       591                 3329   -0.345193451481949
       592               3329.1    -0.34432544453015
       593               3329.2   -0.343693117988111
       594               3329.3   -0.343171298716621
       595               3329.4   -0.342553850871927
       596               3329.5   -0.341725157023392
       597               3329.6   -0.340747212737115
       598               3329.7   -0.339806437224096
       599               3329.8   -0.339079559693029
       600               3329.9   -0.338635420897086
       601                 3330   -0.338449448888475
       602               3330.1   -0.338489029434528
       603               3330.2   -0.338753648358041
       604               3330.3    -0.33922285332727
       605               3330.4    -0.33979096082469
       606               3330.5   -0.340282525636438
       607               3330.6   -0.340539097465101
       608               3330.7   -0.340494225753739
       609               3330.8   -0.340191025579079
       610               3330.9   -0.339764834588872
       611                 3331   -0.339416825360124
       612               3331.1   -0.339370047958188
       613               3331.2   -0.339806801173764
       614               3331.3   -0.340821528817602
       615               3331.4    -0.34241183719136
       616               3331.5   -0.344484950911365
       617               3331.6   -0.346860340869837
       618               3331.7    -0.34929591522847
       619               3331.8   -0.351566709190604
       620               3331.9    -0.35356671644321
       621                 3332   -0.355364989178946
       622               3332.1   -0.357172039379744
       623               3332.2   -0.359232992405357
       624               3332.3   -0.361714318145847
       625               3332.4   -0.364654246282353
       626               3332.5   -0.367989440534045
       627               3332.6   -0.371603042425978
       628               3332.7   -0.375341559082703
       629               3332.8   -0.379016510612782
       630               3332.9   -0.382445154374288
       631                 3333   -0.385535909524345
       632               3333.1   -0.388351027995536
       633               3333.2    -0.39108188866599
       634               3333.3   -0.393955328161383
       635               3333.4   -0.397149126983993
       636               3333.5    -0.40075985763942
       637               3333.6   -0.404802682306038
       638               3333.7   -0.409226094876367
       639               3333.8   -0.413959004741387
       640               3333.9   -0.418976670846082
       641                 3334   -0.424312755215622
       642               3334.1   -0.429981116398759
       643               3334.2    -0.43588279061173
       644               3334.3   -0.441799780898493
       645               3334.4   -0.447477089286389
       646               3334.5   -0.452716263570804
       647               3334.6   -0.457437673554976
       648               3334.7   -0.461717447709501
       649               3334.8   -0.465780485248417
       650               3334.9    -0.46990682405274
       651                 3335   -0.474272024148067
       652               3335.1    -0.47882724197293
       653               3335.2   -0.483310159570154
       654               3335.3   -0.487373910261202
       655               3335.4   -0.490747109334548
       656               3335.5   -0.493347911776115
       657               3335.6   -0.495310509242635
       658               3335.7   -0.496902723708933
       659               3335.8   -0.498357556916222
       660               3335.9   -0.499719861755599
       661                 3336   -0.500829537269726
       662               3336.1   -0.501453287737094
       663               3336.2   -0.501434770704953
       664               3336.3   -0.500734735901488
       665               3336.4   -0.499382834274782
       666               3336.5   -0.497453774889216
       667               3336.6   -0.495087850065111
       668               3336.7    -0.49245709011168
       669               3336.8   -0.489634230895117
       670               3336.9   -0.486480164364187
       671                 3337   -0.482691208110489
       672               3337.1   -0.477990418894121
       673               3337.2   -0.472299376740317
       674               3337.3    -0.46575364917372
       675               3337.4   -0.458577414425048
       676               3337.5   -0.450942853132385
       677               3337.6   -0.442919146328953
       678               3337.7   -0.434518006052678
       679               3337.8     -0.4257697774081
       680               3337.9   -0.416759071308531
       681                 3338   -0.407587932845637
       682               3338.1   -0.398288336099992
       683               3338.2   -0.388758747460738
       684               3338.3    -0.37881097252465
       685               3338.4   -0.368330955316721
       686               3338.5   -0.357421069940636
       687               3338.6   -0.346361617424385
       688               3338.7   -0.335397351793309
       689               3338.8   -0.324558444770689
       690               3338.9   -0.313701856665426
       691                 3339   -0.302711767200487
       692               3339.1   -0.291629415715518
       693               3339.2    -0.28058765636938
       694               3339.3   -0.269640000577251
       695               3339.4    -0.25864904896236
       696               3339.5   -0.247319015445281
       697               3339.6   -0.235345973361846
       698               3339.7   -0.222578881295933
       699               3339.8   -0.209067502801049
       700               3339.9   -0.194967052681612
       701                 3340   -0.180409122343732
       702               3340.1   -0.165470295405762
       703               3340.2   -0.150246496136105
       704               3340.3   -0.134932055681603
       705               3340.4   -0.119815025852601
       706               3340.5   -0.105176883115951
       707               3340.6  -0.0911509062567732
       708               3340.7  -0.0776363684616833
       709               3340.8  -0.0643532891474453
       710               3340.9  -0.0510170272283787
       711                 3341  -0.0374888410022354
       712               3341.1  -0.0237673459918466
       713               3341.2 -0.00984571315444165
       714               3341.3  0.00440129731013697
       715               3341.4   0.0191736400531131
       716               3341.5   0.0345795943470238
       717               3341.6   0.0504874562197364
       718               3341.7   0.0665055717753719
       719               3341.8   0.0820974802607925
       720               3341.9   0.0967549963982734
       721                 3342    0.110128380347478
       722               3342.1    0.122054612683104
       723               3342.2    0.132503683443505
       724               3342.3    0.141505408694346
       725               3342.4    0.149083134021684
       726               3342.5    0.155174871941133
       727               3342.6    0.159556255110268
       728               3342.7    0.161844833359063
       729               3342.8    0.161631330764655
       730               3342.9    0.158652010181914
       731                 3343    0.152848808977042
       732               3343.1    0.144263919335378
       733               3343.2    0.132880952850833
       734               3343.3    0.118570600899542
       735               3343.4    0.101179438384402
       736               3343.5   0.0806593722956708
       737               3343.6   0.0571261721376204
       738               3343.7   0.0308384925660112
       739               3343.8  0.00215440380575512
       740               3343.9  -0.0285147146884547
       741                 3344  -0.0607755356990943
       742               3344.1  -0.0943262681599844
       743               3344.2   -0.128943246976986
       744               3344.3   -0.164344021138684
       745               3344.4   -0.200047836841383
       746               3344.5   -0.235415121104763
       747               3344.6   -0.269876211785627
       748               3344.7   -0.303129305730035
       749               3344.8   -0.335104587407453
       750               3344.9   -0.365756516403322
       751                 3345   -0.394917172555699
       752               3345.1   -0.422323600451476
       753               3345.2   -0.447730212823041
       754               3345.3   -0.470985019752318
       755               3345.4   -0.492038027752375
       756               3345.5   -0.510902460492098
       757               3345.6   -0.527598977065098
       758               3345.7   -0.542131167458076
       759               3345.8   -0.554527986846299
       760               3345.9   -0.564917102820379
       761                 3346    -0.57354395102138
       762               3346.1   -0.580700338193838
       763               3346.2   -0.586621051878262
       764               3346.3   -0.591436608461435
       765               3346.4   -0.595210920950284
       766               3346.5   -0.598021072717364
       767               3346.6   -0.600017704576422
       768               3346.7   -0.601427189261726
       769               3346.8   -0.602488258048525
       770               3346.9   -0.603352375242641
       771                 3347   -0.604008124252745
       772               3347.1   -0.604282953972042
       773               3347.2   -0.603932924731736
       774               3347.3   -0.602790493639089
       775               3347.4   -0.600907981266331
       776               3347.5   -0.598602450665344
       777               3347.6   -0.596330636369888
       778               3347.7   -0.594445891594471
       779               3347.8   -0.593012327336908
       780               3347.9   -0.591818212742645
       781                 3348   -0.590559837831215
       782               3348.1   -0.589040262134721
       783               3348.2   -0.587251902125994
       784               3348.3   -0.585324109687876
       785               3348.4   -0.583405098499765
       786               3348.5    -0.58156392623802
       787               3348.6   -0.579762060469781
       788               3348.7   -0.577897656922262
       789               3348.8   -0.575890755544349
       790               3348.9   -0.573755730344787
       791                 3349   -0.571612443629465
       792               3349.1   -0.569627814351198
       793               3349.2   -0.567920842928316
       794               3349.3   -0.566474888802593
       795               3349.4   -0.565098549985532
       796               3349.5   -0.563471642289071
       797               3349.6   -0.561274015618607
       798               3349.7   -0.558326843991718
       799               3349.8   -0.554653492785746
       800               3349.9   -0.550430386768659
       801                 3350   -0.545882405703302
       802               3350.1   -0.541199768117103
       803               3350.2   -0.536515137055466
       804               3350.3    -0.53192969291102
       805               3350.4   -0.527540568218363
       806               3350.5   -0.523422968505538
       807               3350.6   -0.519585524956797
       808               3350.7   -0.515984554428428
       809               3350.8   -0.512626351058348
       810               3350.9   -0.509638783059458
       811                 3351    -0.50717650285137
       812               3351.1   -0.505219824064271
       813               3351.2   -0.503494783688281
       814               3351.3   -0.501642649083604
       815               3351.4   -0.499509217164877
       816               3351.5   -0.497297408772882
       817               3351.6   -0.495438426778915
       818               3351.7   -0.494267359622239
       819               3351.8   -0.493758313691918
       820               3351.9   -0.493539830952924
       821                 3352   -0.493172797253694
       822               3352.1   -0.492446986697248
       823               3352.2    -0.49146965075488
       824               3352.3   -0.490532190235281
       825               3352.4   -0.489904675274569
       826               3352.5   -0.489706579441172
       827               3352.6    -0.48990989118585
       828               3352.7   -0.490432889297662
       829               3352.8   -0.491217540238626
       830               3352.9   -0.492200470454586
       831                 3353   -0.493202513570692
       832               3353.1   -0.493875550254888
       833               3353.2   -0.493821974821242
       834               3353.3   -0.492838881314228
       835               3353.4   -0.491094751613024
       836               3353.5   -0.489076715286354
       837               3353.6   -0.487332296849175
       838               3353.7   -0.486193439001093
       839               3353.8   -0.485663979357336
       840               3353.9   -0.485502696590441
       841                 3354   -0.485394759392551
       842               3354.1   -0.485082597687117
       843               3354.2   -0.484401463147663
       844               3354.3   -0.483244734621114
       845               3354.4   -0.481512375099277
       846               3354.5   -0.479087073241153
       847               3354.6   -0.475869494614258
       848               3354.7   -0.471875248898697
       849               3354.8   -0.467331388852778
       850               3354.9   -0.462665059776006
       851                 3355    -0.45834087795449
       852               3355.1   -0.454650895121133
       853               3355.2   -0.451631617575464
       854               3355.3   -0.449170073132945
       855               3355.4   -0.447171354290563
       856               3355.5   -0.445609378100962
       857               3355.6   -0.444431744432384
       858               3355.7   -0.443461007577723
       859               3355.8   -0.442435595541255
       860               3355.9    -0.44117988533841
       861                 3356   -0.439752765986721
       862               3356.1   -0.438423959420342
       863               3356.2    -0.43746518205221
       864               3356.3   -0.436907414523177
       865               3356.4   -0.436460634596243
       866               3356.5   -0.435670569047843
       867               3356.6   -0.434207966569246
       868               3356.7   -0.432096549499986
       869               3356.8   -0.429732077717664
       870               3356.9    -0.42767945500237
       871                 3357   -0.426375046811834
       872               3357.1   -0.425914091645704
       873               3357.2   -0.426029223362254
       874               3357.3   -0.426240243649201
       875               3357.4   -0.426080474985631
       876               3357.5   -0.425293222365876
       877               3357.6   -0.423908573486509
       878               3357.7   -0.422168339901058
       879               3357.8   -0.420365842642888
       880               3357.9   -0.418722343153939
       881                 3358   -0.417366206864607
       882               3358.1   -0.416377198215869
       883               3358.2   -0.415814199661071
       884               3358.3   -0.415683595198054
       885               3358.4   -0.415878230292519
       886               3358.5     -0.4161613316111
       887               3358.6   -0.416240726577774
       888               3358.7    -0.41589622823196
       889               3358.8   -0.415075689977492
       890               3358.9   -0.413908849880459
       891                 3359    -0.41264541885634
       892               3359.1   -0.411545998435638
       893               3359.2   -0.410762133084267
       894               3359.3   -0.410263887313145
       895               3359.4   -0.409871524217442
       896               3359.5   -0.409379909577621
       897               3359.6   -0.408681143768266
       898               3359.7   -0.407794600862396
       899               3359.8    -0.40681067685546
       900               3359.9    -0.40582857874267
       901                 3360   -0.404936779725816
       902               3360.1   -0.404208045223853
       903               3360.2    -0.40366454673511
       904               3360.3   -0.403224279764189
       905               3360.4   -0.402692356575609
       906               3360.5   -0.401841279096595
       907               3360.6   -0.400541197484809
       908               3360.7   -0.398840878462395
       909               3360.8   -0.396937241661106
       910               3360.9   -0.395068446637054
       911                 3361    -0.39341600993374
       912               3361.1   -0.392067831777187
       913               3361.2   -0.391035223950681
       914               3361.3   -0.390289535815539
       915               3361.4   -0.389787058267063
       916               3361.5   -0.389465993923969
       917               3361.6   -0.389226038551833
       918               3361.7   -0.388933491334672
       919               3361.8   -0.388488962790878
       920               3361.9   -0.387918729543953
       921                 3362    -0.38738004305951
       922               3362.1   -0.387032104479336
       923               3362.2   -0.386885890583169
       924               3362.3   -0.386799963587245
       925               3362.4   -0.386640278298976
       926               3362.5   -0.386439949995679
       927               3362.6   -0.386387002508212
       928               3362.7   -0.386636523676933
       929               3362.8   -0.387123646034598
       930               3362.9   -0.387570510346651
       931                 3363   -0.387691990991013
       932               3363.1   -0.387393245665433
       933               3363.2   -0.386768136117243
       934               3363.3   -0.385939069396207
       935               3363.4   -0.384936551046711
       936               3363.5     -0.3837280776145
       937               3363.6   -0.382324587272207
       938               3363.7   -0.380839262232078
       939               3363.8   -0.379458263593888
       940               3363.9   -0.378369789352264
       941                 3364   -0.377704413076973
       942               3364.1   -0.377498014102238
       943               3364.2   -0.377671407912941
       944               3364.3   -0.378045906465534
       945               3364.4   -0.378421119219909
       946               3364.5   -0.378684890078434
       947               3364.6   -0.378867019831343
       948               3364.7   -0.379083515752636
       949               3364.8    -0.37942418284537
       950               3364.9   -0.379887856807726
       951                 3365   -0.380407902024516
       952               3365.1   -0.380917293941574
       953               3365.2   -0.381382958011821
       954               3365.3   -0.381794296485387
       955               3365.4   -0.382139413784679
       956               3365.5   -0.382396501230569
       957               3365.6   -0.382540620346013
       958               3365.7   -0.382559739881054
       959               3365.8   -0.382475041132236
       960               3365.9   -0.382347574722187
       961                 3366   -0.382252493569501
       962               3366.1   -0.382238454960425
       963               3366.2   -0.382321853871875
       964               3366.3   -0.382531391051979
       965               3366.4   -0.382940323379204
       966               3366.5   -0.383610270526875
       967               3366.6   -0.384474450309216
       968               3366.7   -0.385296638793255
       969               3366.8   -0.385795250688083
       970               3366.9   -0.385842960196531
       971                 3367   -0.385551064405825
       972               3367.1   -0.385156137014534
       973               3367.2   -0.384821776192848
       974               3367.3   -0.384530298316569
       975               3367.4   -0.384127554027765
       976               3367.5   -0.383457600750831
       977               3367.6   -0.382496788353925
       978               3367.7   -0.381415880999246
       979               3367.8   -0.380511072976945
       980               3367.9    -0.38001036157382
       981                 3368   -0.379888552569722
       982               3368.1   -0.379860669522327
       983               3368.2   -0.379575393578681
       984               3368.3   -0.378846987651824
       985               3368.4   -0.377748649686087
       986               3368.5   -0.376528594092999
       987               3368.6   -0.375436604011064
       988               3368.7   -0.374579373238762
       989               3368.8   -0.373887248705202
       990               3368.9   -0.373203733175731
       991                 3369   -0.372427146182317
       992               3369.1   -0.371601332189799
       993               3369.2     -0.3709004286194
       994               3369.3   -0.370528240716347
       995               3369.4   -0.370595742496626
       996               3369.5   -0.371048896828432
       997               3369.6   -0.371696848843374
       998               3369.7   -0.372323461734171
       999               3369.8   -0.372792361624886
      1000               3369.9   -0.373064071518773
      1001                 3370   -0.373139621925871
      1002               3370.1   -0.373013665548473
      1003               3370.2   -0.372678055391608
      1004               3370.3   -0.372137785161285
      1005               3370.4   -0.371403423139485
      1006               3370.5   -0.370484125230662
      1007               3370.6   -0.369410741637361
      1008               3370.7   -0.368268836626278
      1009               3370.8    -0.36721018161005
      1010               3370.9   -0.366440720421422
      1011                 3371   -0.366181079390838
      1012               3371.1   -0.366580608939958
      1013               3371.2   -0.367607420544904
      1014               3371.3    -0.36899833523574
      1015               3371.4   -0.370338535114236
      1016               3371.5   -0.371252633796103
      1017               3371.6   -0.371607458994104
      1018               3371.7   -0.371599244113718
      1019               3371.8    -0.37164107272625
      1020               3371.9   -0.372095955336705
      1021                 3372   -0.373047228781533
      1022               3372.1    -0.37429107698016
      1023               3372.2   -0.375527426519224
      1024               3372.3   -0.376540081538825
      1025               3372.4   -0.377227036142547
      1026               3372.5   -0.377555417811668
      1027               3372.6   -0.377564491944432
      1028               3372.7    -0.37738580438196
      1029               3372.8   -0.377170456133468
      1030               3372.9   -0.376956412097383
      1031                 3373   -0.376652775805986
      1032               3373.1   -0.376211856991458
      1033               3373.2    -0.37581062610098
      1034               3373.3   -0.375804433049328
      1035               3373.4   -0.376451765710907
      1036               3373.5   -0.377666432668464
      1037               3373.6   -0.379031580065677
      1038               3373.7     -0.3800491131297
      1039               3373.8   -0.380403407543922
      1040               3373.9   -0.380072018273763
      1041                 3374   -0.379291373861683
      1042               3374.1    -0.37845823054214
      1043               3374.2   -0.377990608681998
      1044               3374.3   -0.378146151266098
      1045               3374.4   -0.378880205307542
      1046               3374.5   -0.379879956619372
      1047               3374.6   -0.380786827369118
      1048               3374.7   -0.381424704995371
      1049               3374.8   -0.381840857400093
      1050               3374.9   -0.382172763786022
      1051                 3375   -0.382516850384661
      1052               3375.1   -0.382907583914785
      1053               3375.2   -0.383357405010648
      1054               3375.3   -0.383879326026435
      1055               3375.4   -0.384492606923019
      1056               3375.5   -0.385237486139435
      1057               3375.6   -0.386179968651428
      1058               3375.7   -0.387377876423811
      1059               3375.8   -0.388827122314877
      1060               3375.9   -0.390437071809646
      1061                 3376   -0.392061115555491
      1062               3376.1   -0.393566961831198
      1063               3376.2   -0.394901668569769
      1064               3376.3   -0.396102952274114
      1065               3376.4   -0.397244231625273
      1066               3376.5    -0.39835746634793
      1067               3376.6   -0.399398631594615
      1068               3376.7   -0.400281987665134
      1069               3376.8   -0.400952998222951
      1070               3376.9   -0.401443886430623
      1071                 3377    -0.40187023110134
      1072               3377.1   -0.402368141665574
      1073               3377.2   -0.403015538551443
      1074               3377.3   -0.403797906009233
      1075               3377.4   -0.404650073955564
      1076               3377.5   -0.405541416067871
      1077               3377.6   -0.406524003896512
      1078               3377.7   -0.407696366088242
      1079               3377.8    -0.40912942797039
      1080               3377.9    -0.41083467440266
      1081                 3378   -0.412778699877738
      1082               3378.1   -0.414885127552747
      1083               3378.2   -0.417011824278938
      1084               3378.3   -0.418954549824158
      1085               3378.4   -0.420496861486619
      1086               3378.5   -0.421467472876351
      1087               3378.6   -0.421782690568527
      1088               3378.7   -0.421488339107994
      1089               3378.8   -0.420784972382205
      1090               3378.9   -0.419984671721405
      1091                 3379   -0.419401062921189
      1092               3379.1   -0.419249186036717
      1093               3379.2   -0.419607536334711
      1094               3379.3   -0.420414596934687
      1095               3379.4   -0.421474279566591
      1096               3379.5   -0.422514620011958
      1097               3379.6   -0.423329655092021
      1098               3379.7   -0.423916077998478
      1099               3379.8   -0.424469804254757
      1100               3379.9   -0.425228758019084
      1101                 3380   -0.426294532095036
      1102               3380.1   -0.427570237335501
      1103               3380.2   -0.428837760039399
      1104               3380.3    -0.42989188992271
      1105               3380.4   -0.430625358219971
      1106               3380.5   -0.431020308226139
      1107               3380.6   -0.431093931832574
      1108               3380.7   -0.430876513044175
      1109               3380.8   -0.430436823360706
      1110               3380.9   -0.429896684190425
      1111                 3381   -0.429386974242733
      1112               3381.1   -0.428976717989387
      1113               3381.2   -0.428657330950911
      1114               3381.3   -0.428415668594746
      1115               3381.4    -0.42832384189044
      1116               3381.5   -0.428535272367377
      1117               3381.6   -0.429166128732684
      1118               3381.7   -0.430165815752993
      1119               3381.8   -0.431298719042723
      1120               3381.9   -0.432250471964935
      1121                 3382   -0.432756344041614
      1122               3382.1   -0.432656568126326
      1123               3382.2   -0.431895190954934
      1124               3382.3    -0.43053622116467
      1125               3382.4   -0.428791146442198
      1126               3382.5   -0.426966439536286
      1127               3382.6   -0.425303113084077
      1128               3382.7     -0.4238272678019
      1129               3382.8    -0.42235985441098
      1130               3382.9   -0.420689251818758
      1131                 3383    -0.41875410941081
      1132               3383.1   -0.416686499920568
      1133               3383.2   -0.414703835274757
      1134               3383.3   -0.412955258048704
      1135               3383.4   -0.411436874318078
      1136               3383.5     -0.4100263050041
      1137               3383.6   -0.408604857173448
      1138               3383.7   -0.407168575482158
      1139               3383.8   -0.405827780072841
      1140               3383.9   -0.404684873808407
      1141                 3384   -0.403698051411722
      1142               3384.1   -0.402673784304642
      1143               3384.2   -0.401430329994645
      1144               3384.3   -0.400002238129915
      1145               3384.4   -0.398676155796623
      1146               3384.5   -0.397781060988608
      1147               3384.6   -0.397398782141415
      1148               3384.7   -0.397254456122385
      1149               3384.8   -0.396884552732698
      1150               3384.9   -0.395941075539237
      1151                 3385   -0.394405912606896
      1152               3385.1   -0.392590384331432
      1153               3385.2   -0.390953363772528
      1154               3385.3   -0.389873669512825
      1155               3385.4   -0.389515770300585
      1156               3385.5   -0.389839198688697
      1157               3385.6   -0.390692218664719
      1158               3385.7   -0.391895829312836
      1159               3385.8   -0.393273814367553
      1160               3385.9   -0.394638950968099
      1161                 3386   -0.395770592627289
      1162               3386.1   -0.396438764316772
      1163               3386.2   -0.396510405977899
      1164               3386.3   -0.396069807339265
      1165               3386.4   -0.395405553397503
      1166               3386.5   -0.394817406413297
      1167               3386.6   -0.394401090292809
      1168               3386.7   -0.394015676968931
      1169               3386.8   -0.393453868301053
      1170               3386.9   -0.392642711916164
      1171                 3387   -0.391705415626539
      1172               3387.1   -0.390862056998497
      1173               3387.2   -0.390268426306082
      1174               3387.3   -0.389915719194454
      1175               3387.4   -0.389662396811355
      1176               3387.5   -0.389374506845561
      1177               3387.6   -0.389061263597489
      1178               3387.7   -0.388886341728822
      1179               3387.8   -0.389034579840645
      1180               3387.9   -0.389536633379806
      1181                 3388   -0.390193252377984
      1182               3388.1   -0.390665134118063
      1183               3388.2   -0.390667923895632
      1184               3388.3   -0.390137683152973
      1185               3388.4   -0.389261190084532
      1186               3388.5   -0.388355879194181
      1187               3388.6   -0.387669182111748
      1188               3388.7   -0.387222700162172
      1189               3388.8   -0.386824240375027
      1190               3388.9   -0.386255761251265
      1191                 3389   -0.385471998328161
      1192               3389.1    -0.38461499702107
      1193               3389.2   -0.383850085853299
      1194               3389.3   -0.383231001582123
      1195               3389.4   -0.382739351004802
      1196               3389.5   -0.382405769143856
      1197               3389.6   -0.382332474691863
      1198               3389.7   -0.382590406758151
      1199               3389.8   -0.383119552404249
      1200               3389.9   -0.383728633379449
      1201                 3390   -0.384164890786992
      1202               3390.1   -0.384187124007971
      1203               3390.2   -0.383637901283115
      1204               3390.3   -0.382542908140082
      1205               3390.4   -0.381192335619989
      1206               3390.5   -0.380079798346832
      1207               3390.6   -0.379646714071501
      1208               3390.7   -0.379982332351961
      1209               3390.8   -0.380730132243691
      1210               3390.9    -0.38129901039709
      1211                 3391   -0.381217077719892
      1212               3391.1   -0.380361091192599
      1213               3391.2   -0.378925253117758
      1214               3391.3    -0.37721113713027
      1215               3391.4   -0.375437579195944
      1216               3391.5   -0.373714490449676
      1217               3391.6   -0.372160561470021
      1218               3391.7   -0.371007326154048
      1219               3391.8   -0.370545191270521
      1220               3391.9     -0.3709335378951
      1221                 3392   -0.372050537660088
      1222               3392.1   -0.373524238295182
      1223               3392.2   -0.374911420170311
      1224               3392.3   -0.375885421029069
      1225               3392.4   -0.376339258001578
      1226               3392.5   -0.376386544554272
      1227               3392.6   -0.376262840228699
      1228               3392.7   -0.376151848255894
      1229               3392.8   -0.376030437239249
      1230               3392.9   -0.375666649134375
      1231                 3393   -0.374818265747407
      1232               3393.1   -0.373495886022199
      1233               3393.2   -0.372043728853915
      1234               3393.3   -0.370911576433138
      1235               3393.4   -0.370284825726496
      1236               3393.5   -0.369919648409453
      1237               3393.6    -0.36936627048997
      1238               3393.7   -0.368383075603742
      1239               3393.8   -0.367145967924979
      1240               3393.9   -0.366065071635369
      1241                 3394   -0.365409711049545
      1242               3394.1   -0.365101501364837
      1243               3394.2   -0.364835310997768
      1244               3394.3   -0.364376988055449
      1245               3394.4   -0.363767051936555
      1246               3394.5   -0.363287035927823
      1247               3394.6   -0.363246442729493
      1248               3394.7   -0.363751068199603
      1249               3394.8   -0.364600190286959
      1250               3394.9   -0.365388399312217
      1251                 3395    -0.36576572525326
      1252               3395.1   -0.365668089898273
      1253               3395.2   -0.365316684443771
      1254               3395.3   -0.364987050005181
      1255               3395.4   -0.364780698306628
      1256               3395.5   -0.364615521478612
      1257               3395.6   -0.364396581261648
      1258               3395.7   -0.364146660826299
      1259               3395.8   -0.363974208093905
      1260               3395.9   -0.363976066063114
      1261                 3396   -0.364214368462014
      1262               3396.1   -0.364742577093741
      1263               3396.2   -0.365559427615493
      1264               3396.3   -0.366507168862868
      1265               3396.4   -0.367289004242485
      1266               3396.5    -0.36767786561463
      1267               3396.6    -0.36772791140384
      1268               3396.7   -0.367751653692111
      1269               3396.8   -0.368076125014755
      1270               3396.9   -0.368811377491927
      1271                 3397   -0.369800210333853
      1272               3397.1   -0.370722772168602
      1273               3397.2   -0.371256794772258
      1274               3397.3   -0.371232991954367
      1275               3397.4   -0.370736847071758
      1276               3397.5   -0.370094446943113
      1277               3397.6   -0.369721472291792
      1278               3397.7   -0.369901140891694
      1279               3397.8   -0.370616419756727
      1280               3397.9   -0.371547760433422
      1281                 3398   -0.372255553410579
      1282               3398.1   -0.372444678365074
      1283               3398.2   -0.372144129043565
      1284               3398.3   -0.371679460482082
      1285               3398.4   -0.371448820955982
      1286               3398.5   -0.371659493833199
      1287               3398.6   -0.372224936973668
      1288               3398.7   -0.372888035061989
      1289               3398.8   -0.373433553145585
      1290               3398.9   -0.373803498176534
      1291                 3399   -0.374075411753859
      1292               3399.1   -0.374397082751363
      1293               3399.2   -0.374937059693038
      1294               3399.3   -0.375815093855014
      1295               3399.4   -0.376990601976152
      1296               3399.5   -0.378187095112694
      1297               3399.6   -0.378958767323098
      1298               3399.7   -0.378901535119652
      1299               3399.8   -0.377877330196266
      1300               3399.9   -0.376090714492045
      1301                 3400   -0.373965147153848
      1302               3400.1   -0.371925916981457
      1303               3400.2   -0.370262102297243
      1304               3400.3   -0.369136011465319
      1305               3400.4   -0.368644892943482
      1306               3400.5   -0.368812284052902
      1307               3400.6   -0.369516397883936
      1308               3400.7   -0.370460025744236
      1309               3400.8   -0.371234926638294
      1310               3400.9   -0.371445615139825
      1311                 3401    -0.37085027535105
      1312               3401.1   -0.369488058874911
      1313               3401.2   -0.367717189133611
      1314               3401.3   -0.366080577150612
      1315               3401.4   -0.365045891634202
      1316               3401.5   -0.364809891092083
      1317               3401.6   -0.365300957960488
      1318               3401.7   -0.366304764220945
      1319               3401.8   -0.367549891164955
      1320               3401.9   -0.368719753865505
      1321                 3402   -0.369488776186143
      1322               3402.1   -0.369636150692764
      1323               3402.2   -0.369169646192322
      1324               3402.3    -0.36836045350337
      1325               3402.4   -0.367650420563641
      1326               3402.5   -0.367468535453623
      1327               3402.6   -0.368049196085995
      1328               3402.7     -0.3693509153619
      1329               3402.8   -0.371106839643037
      1330               3402.9   -0.372953772460662
      1331                 3403   -0.374567850036515
      1332               3403.1   -0.375769470414557
      1333               3403.2   -0.376572207590457
      1334               3403.3   -0.377138732757897
      1335               3403.4   -0.377642362037396
      1336               3403.5   -0.378123428500107
      1337               3403.6    -0.37846698468268
      1338               3403.7   -0.378524515571065
      1339               3403.8   -0.378250610013551
      1340               3403.9   -0.377719973386578
      1341                 3404   -0.377046086561237
      1342               3404.1   -0.376323724594382
      1343               3404.2   -0.375636626514107
      1344               3404.3    -0.37506270408949
      1345               3404.4   -0.374636795713998
      1346               3404.5   -0.374315478419928
      1347               3404.6   -0.373987901420645
      1348               3404.7   -0.373521108903961
      1349               3404.8   -0.372810340450551
      1350               3404.9    -0.37181594622308
      1351                 3405   -0.370573631705414
      1352               3405.1   -0.369180219985371
      1353               3405.2   -0.367775619453796
      1354               3405.3   -0.366523380632315
      1355               3405.4   -0.365568464116896
      1356               3405.5   -0.364988217768975
      1357               3405.6   -0.364799770610723
      1358               3405.7    -0.36502847736323
      1359               3405.8   -0.365728666802425
      1360               3405.9   -0.366873898218938
      1361                 3406   -0.368216049834152
      1362               3406.1   -0.369307432269209
      1363               3406.2   -0.369733656597589
      1364               3406.3   -0.369385359318167
      1365               3406.4    -0.36854911983548
      1366               3406.5   -0.367740486931757
      1367               3406.6   -0.367384939992272
      1368               3406.7   -0.367558361323639
      1369               3406.8   -0.367975173371467
      1370               3406.9   -0.368246307659479
      1371                 3407   -0.368211267809135
      1372               3407.1   -0.368071299816338
      1373               3407.2   -0.368213750173704
      1374               3407.3   -0.368880244437811
      1375               3407.4   -0.369953793379976
      1376               3407.5   -0.371031099302358
      1377               3407.6   -0.371710359058913
      1378               3407.7   -0.371846219565358
      1379               3407.8   -0.371555581345353
      1380               3407.9   -0.370998034255468
      1381                 3408   -0.370175227376025
      1382               3408.1   -0.368951297630216
      1383               3408.2   -0.367251614567788
      1384               3408.3   -0.365240003161771
      1385               3408.4   -0.363330833027467
      1386               3408.5   -0.362027615134214
      1387               3408.6   -0.361675333362189
      1388               3408.7   -0.362269058734654
      1389               3408.8   -0.363449543743448
      1390               3408.9   -0.364697529032747
      1391                 3409   -0.365594654814019
      1392               3409.1   -0.365983853538417
      1393               3409.2   -0.365953851165242
      1394               3409.3   -0.365702699222559
      1395               3409.4   -0.365408924877007
      1396               3409.5   -0.365198916552506
      1397               3409.6   -0.365179447827994
      1398               3409.7   -0.365440583252805
      1399               3409.8   -0.366004650205776
      1400               3409.9    -0.36679023793888
      1401                 3410   -0.367638530879096
      1402               3410.1   -0.368367299523663
      1403               3410.2   -0.368813978732138
      1404               3410.3    -0.36888451711171
      1405               3410.4   -0.368617612060586
      1406               3410.5   -0.368207393377336
      1407               3410.6   -0.367920679224398
      1408               3410.7   -0.367936022656785
      1409               3410.8   -0.368223297964728
      1410               3410.9   -0.368568380844301
      1411                 3411   -0.368730309228655
      1412               3411.1   -0.368608396747737
      1413               3411.2   -0.368301072036452
      1414               3411.3   -0.368041680269063
      1415               3411.4   -0.368081256803132
      1416               3411.5   -0.368583956155377
      1417               3411.6    -0.36956225446761
      1418               3411.7   -0.370876115694631
      1419               3411.8   -0.372316622928933
      1420               3411.9   -0.373728835853996
      1421                 3412   -0.375063890923324
      1422               3412.1    -0.37630237190084
      1423               3412.2   -0.377330416971076
      1424               3412.3   -0.377916097179649
      1425               3412.4   -0.377840979000769
      1426               3412.5   -0.377081202305564
      1427               3412.6   -0.375871522242559
      1428               3412.7   -0.374593482000761
      1429               3412.8   -0.373585589326281
      1430               3412.9   -0.373006951426028
      1431                 3413   -0.372802820742069
      1432               3413.1   -0.372767246527269
      1433               3413.2   -0.372693735731154
      1434               3413.3   -0.372540205358983
      1435               3413.4   -0.372454799252903
      1436               3413.5   -0.372600678195587
      1437               3413.6   -0.372943785773376
      1438               3413.7   -0.373232746116806
      1439               3413.8   -0.373191711169204
      1440               3413.9   -0.372724487272362
      1441                 3414   -0.371949973625011
      1442               3414.1   -0.371084522748155
      1443               3414.2   -0.370313962320605
      1444               3414.3   -0.369752831973402
      1445               3414.4   -0.369466800354609
      1446               3414.5   -0.369480744646668
      1447               3414.6   -0.369750285249246
      1448               3414.7   -0.370150312916805
      1449               3414.8   -0.370528231399133
      1450               3414.9   -0.370791023076342
      1451                 3415   -0.370944474356517
      1452               3415.1   -0.371045266758098
      1453               3415.2   -0.371117307259859
      1454               3415.3   -0.371120464595958
      1455               3415.4   -0.370999801938549
      1456               3415.5   -0.370754504056615
      1457               3415.6   -0.370445785864465
      1458               3415.7   -0.370124900595342
      1459               3415.8   -0.369737301819627
      1460               3415.9   -0.369088703527854
      1461                 3416   -0.367929864142006
      1462               3416.1   -0.366137640982587
      1463               3416.2   -0.363880877166776
      1464               3416.3   -0.361640581750611
      1465               3416.4   -0.360044987361127
      1466               3416.5   -0.359609511310347
      1467               3416.6   -0.360523267553924
      1468               3416.7   -0.362573861713521
      1469               3416.8   -0.365228480066324
      1470               3416.9   -0.367842536586475
      1471                 3417   -0.369916927239933
      1472               3417.1     -0.3712689878993
      1473               3417.2   -0.372007971751246
      1474               3417.3   -0.372351513474476
      1475               3417.4    -0.37245551354928
      1476               3417.5   -0.372396464195513
      1477               3417.6   -0.372270029692878
      1478               3417.7   -0.372248931286366
      1479               3417.8   -0.372510016404939
      1480               3417.9   -0.373107833944096
      1481                 3418   -0.373934162818678
      1482               3418.1   -0.374790345640565
      1483               3418.2   -0.375475063468272
      1484               3418.3   -0.375822009840208
      1485               3418.4   -0.375731951857652
      1486               3418.5   -0.375236715281363
      1487               3418.6    -0.37452255916533
      1488               3418.7   -0.373833255815036
      1489               3418.8   -0.373316172140973
      1490               3418.9   -0.372959376522041
      1491                 3419   -0.372663417621124
      1492               3419.1   -0.372352370722589
      1493               3419.2   -0.372032566064953
      1494               3419.3    -0.37178670853303
      1495               3419.4   -0.371711887688763
      1496               3419.5   -0.371821124352375
      1497               3419.6   -0.371992975967122
      1498               3419.7   -0.372041895947996
      1499               3419.8   -0.371842090311805
      1500               3419.9   -0.371382156806693
