     index            Field [G]         Intensity []

         1                 3270   -0.382152379642236
         2               3270.1    -0.38062192463523
         3               3270.2   -0.379465155844839
         4               3270.3   -0.378812335287295
         5               3270.4   -0.378639658527748
         6               3270.5   -0.378743773962342
         7               3270.6   -0.378870846926443
         8               3270.7   -0.378890534628781
         9               3270.8   -0.378822327378921
        10               3270.9   -0.378715267773313
        11                 3271   -0.378565345787398
        12               3271.1   -0.378366259424111
        13               3271.2   -0.378184401508525
        14               3271.3   -0.378114684116548
        15               3271.4   -0.378147914998462
        16               3271.5   -0.378128472020489
        17               3271.6   -0.377893777894681
        18               3271.7   -0.377454782770177
        19               3271.8   -0.377000877959086
        20               3271.9   -0.376717164527339
        21                 3272   -0.376634876494841
        22               3272.1   -0.376684909854264
        23               3272.2   -0.376856702712683
        24               3272.3   -0.377244820839315
        25               3272.4   -0.377935355235102
        26               3272.5   -0.378876654218288
        27               3272.6   -0.379849400169793
        28               3272.7   -0.380523447691134
        29               3272.8   -0.380573589026188
        30               3272.9   -0.379852603883481
        31                 3273   -0.378536154978162
        32               3273.1   -0.377080225237919
        33               3273.2    -0.37596686946828
        34               3273.3   -0.375439164425694
        35               3273.4   -0.375441919543062
        36               3273.5   -0.375766402468313
        37               3273.6   -0.376220559785768
        38               3273.7   -0.376688954480798
        39               3273.8   -0.377099254071039
        40               3273.9    -0.37738776818895
        41                 3274   -0.377514622393227
        42               3274.1   -0.377501820544503
        43               3274.2   -0.377434039899913
        44               3274.3   -0.377397394740633
        45               3274.4    -0.37740447596625
        46               3274.5   -0.377387209601948
        47               3274.6   -0.377276811874715
        48               3274.7   -0.377088324966575
        49               3274.8   -0.376914528885661
        50               3274.9   -0.376839651249091
        51                 3275   -0.376873260936484
        52               3275.1   -0.376965479786349
        53               3275.2   -0.377069365600756
        54               3275.3    -0.37719138477688
        55               3275.4   -0.377398909170405
        56               3275.5   -0.377768068645788
        57               3275.6   -0.378294695234291
        58               3275.7   -0.378864647022596
        59               3275.8   -0.379353461502201
        60               3275.9   -0.379762675959717
        61                 3276   -0.380216552727648
        62               3276.1   -0.380792201532939
        63               3276.2   -0.381361678189385
        64               3276.3   -0.381628707223359
        65               3276.4    -0.38135118540684
        66               3276.5   -0.380562280855612
        67               3276.6   -0.379590295058698
        68               3276.7   -0.378835124613941
        69               3276.8   -0.378473662541403
        70               3276.9    -0.37834984863024
        71                 3277    -0.37814409622487
        72               3277.1   -0.377651354058191
        73               3277.2   -0.376914997790745
        74               3277.3   -0.376144675039888
        75               3277.4   -0.375553318905979
        76               3277.5   -0.375257141318658
        77               3277.6   -0.375257024298384
        78               3277.7   -0.375454728923479
        79               3277.8    -0.37569102256691
        80               3277.9   -0.375816474898193
        81                 3278   -0.375765649033615
        82               3278.1   -0.375572440496068
        83               3278.2   -0.375313313419327
        84               3278.3   -0.375048279525512
        85               3278.4   -0.374823682481794
        86               3278.5   -0.374700183688436
        87               3278.6   -0.374728155252997
        88               3278.7   -0.374886801145809
        89               3278.8    -0.37508211090371
        90               3278.9   -0.375225501197644
        91                 3279   -0.375303540019721
        92               3279.1   -0.375370727738886
        93               3279.2   -0.375499227814299
        94               3279.3   -0.375740604613048
        95               3279.4   -0.376097517398331
        96               3279.5   -0.376492673935016
        97               3279.6   -0.376773272821376
        98               3279.7   -0.376792958804284
        99               3279.8   -0.376532335157703
       100               3279.9   -0.376155288741259
       101                 3280   -0.375939482020837
       102               3280.1   -0.376119091542445
       103               3280.2   -0.376740351748734
       104               3280.3   -0.377626924778915
       105               3280.4    -0.37849471839855
       106               3280.5   -0.379150258915687
       107               3280.6   -0.379611551645119
       108               3280.7   -0.380026854916198
       109               3280.8   -0.380456609658366
       110               3280.9   -0.380743067310936
       111                 3281   -0.380619334346518
       112               3281.1   -0.379959275650163
       113               3281.2   -0.378919908888156
       114               3281.3    -0.37784773898715
       115               3281.4   -0.377061395154906
       116               3281.5     -0.3767088179735
       117               3281.6    -0.37676931277351
       118               3281.7   -0.377125520766878
       119               3281.8    -0.37762240465293
       120               3281.9   -0.378100072352234
       121                 3282   -0.378421840787182
       122               3282.1   -0.378509576518315
       123               3282.2   -0.378379036712534
       124               3282.3   -0.378149302239381
       125               3282.4   -0.378000058003289
       126               3282.5   -0.378078816633361
       127               3282.6   -0.378392250343132
       128               3282.7    -0.37874183329743
       129               3282.8   -0.378785698686757
       130               3282.9   -0.378261160635882
       131                 3283   -0.377240193101692
       132               3283.1   -0.376167716350095
       133               3283.2   -0.375572466126827
       134               3283.3   -0.375664812185722
       135               3283.4    -0.37617522604012
       136               3283.5   -0.376560973097004
       137               3283.6   -0.376380154945387
       138               3283.7   -0.375546827139762
       139               3283.8   -0.374343089523668
       140               3283.9   -0.373235518235178
       141                 3284    -0.37260708074784
       142               3284.1   -0.372537377845904
       143               3284.2   -0.372767357888641
       144               3284.3   -0.372889684538204
       145               3284.4   -0.372626021603139
       146               3284.5   -0.371971262362692
       147               3284.6   -0.371120942307853
       148               3284.7   -0.370303040156705
       149               3284.8   -0.369673874973446
       150               3284.9   -0.369309703865514
       151                 3285   -0.369233056699564
       152               3285.1   -0.369438215128551
       153               3285.2   -0.369911142919954
       154               3285.3   -0.370623215846312
       155               3285.4   -0.371502921885738
       156               3285.5   -0.372451512014281
       157               3285.6   -0.373427069080719
       158               3285.7    -0.37448781167354
       159               3285.8   -0.375685826873667
       160               3285.9   -0.376903354294681
       161                 3286   -0.377850161713503
       162               3286.1   -0.378273297968264
       163               3286.2   -0.378170614634671
       164               3286.3   -0.377789898521757
       165               3286.4   -0.377432309071885
       166               3286.5   -0.377254216118367
       167               3286.6   -0.377207374373063
       168               3286.7   -0.377108959249295
       169               3286.8   -0.376768212425028
       170               3286.9    -0.37611333807725
       171                 3287   -0.375271473748792
       172               3287.1   -0.374549339297016
       173               3287.2   -0.374295484765233
       174               3287.3   -0.374698531500669
       175               3287.4   -0.375639040699937
       176               3287.5   -0.376713307647945
       177               3287.6     -0.3774483873707
       178               3287.7   -0.377568787247819
       179               3287.8   -0.377110730522645
       180               3287.9    -0.37631398201919
       181                 3288   -0.375424393630287
       182               3288.1   -0.374586781689445
       183               3288.2   -0.373874640381619
       184               3288.3    -0.37337380975092
       185               3288.4   -0.373226378376153
       186               3288.5   -0.373589779819423
       187               3288.6   -0.374515511402584
       188               3288.7   -0.375827374963093
       189               3288.8   -0.377140034077842
       190               3288.9   -0.378073331874566
       191                 3289   -0.378508133428056
       192               3289.1   -0.378645237972315
       193               3289.2   -0.378813262368082
       194               3289.3   -0.379216009433742
       195               3289.4   -0.379828423591218
       196               3289.5   -0.380466764197076
       197               3289.6   -0.380925218900988
       198               3289.7   -0.381090383764628
       199               3289.8   -0.380993857867355
       200               3289.9   -0.380766107010914
       201                 3290   -0.380498845147147
       202               3290.1   -0.380136275130707
       203               3290.2   -0.379538534438167
       204               3290.3   -0.378692245452867
       205               3290.4   -0.377859972701579
       206               3290.5   -0.377499788322813
       207               3290.6   -0.378005226306736
       208               3290.7   -0.379463576050516
       209               3290.8   -0.381586389016971
       210               3290.9   -0.383828252168396
       211                 3291   -0.385605042859182
       212               3291.1   -0.386492334012976
       213               3291.2   -0.386321915690034
       214               3291.3   -0.385169429881868
       215               3291.4   -0.383283451344078
       216               3291.5   -0.381010992038248
       217               3291.6   -0.378744190130086
       218               3291.7   -0.376879147903693
       219               3291.8   -0.375758171669193
       220               3291.9    -0.37558444230388
       221                 3292   -0.376351674725989
       222               3292.1   -0.377848185599702
       223               3292.2   -0.379726625017567
       224               3292.3   -0.381570875309365
       225               3292.4   -0.382948033149652
       226               3292.5   -0.383516475496837
       227               3292.6   -0.383198123362719
       228               3292.7   -0.382269790965917
       229               3292.8   -0.381233153019158
       230               3292.9    -0.38053735465709
       231                 3293   -0.380387130848412
       232               3293.1   -0.380763752236583
       233               3293.2    -0.38156054100195
       234               3293.3   -0.382661355909594
       235               3293.4   -0.383909205672034
       236               3293.5   -0.385050625270984
       237               3293.6   -0.385764864050846
       238               3293.7   -0.385797353513123
       239               3293.8   -0.385105337475855
       240               3293.9   -0.383896688424246
       241                 3294   -0.382523236780379
       242               3294.1    -0.38129257760288
       243               3294.2   -0.380313907960054
       244               3294.3   -0.379483935901715
       245               3294.4   -0.378630836286309
       246               3294.5    -0.37769021701972
       247               3294.6   -0.376740148343998
       248               3294.7   -0.375876139820161
       249               3294.8    -0.37509588423709
       250               3294.9   -0.374345241832594
       251                 3295   -0.373676646214754
       252               3295.1   -0.373331212363038
       253               3295.2     -0.3736207270736
       254               3295.3    -0.37468252353529
       255               3295.4   -0.376325394633551
       256               3295.5   -0.378129604553849
       257               3295.6    -0.37973196603015
       258               3295.7   -0.381039226933387
       259               3295.8   -0.382178602824548
       260               3295.9   -0.383255757181778
       261                 3296   -0.384171958407292
       262               3296.1   -0.384673385639256
       263               3296.2   -0.384568500600142
       264               3296.3    -0.38389950994732
       265               3296.4   -0.382923222303234
       266               3296.5   -0.381951523676051
       267               3296.6   -0.381208116194972
       268               3296.7   -0.380777404654836
       269               3296.8    -0.38059664972211
       270               3296.9   -0.380460500763259
       271                 3297   -0.380105551955769
       272               3297.1   -0.379403187615103
       273               3297.2   -0.378517518120236
       274               3297.3   -0.377844605288497
       275               3297.4   -0.377749431147263
       276               3297.5   -0.378322452306709
       277               3297.6   -0.379340924224995
       278               3297.7   -0.380414566810656
       279               3297.8   -0.381173288309124
       280               3297.9   -0.381404664342565
       281                 3298   -0.381133359201112
       282               3298.1    -0.38062642244376
       283               3298.2   -0.380265333682451
       284               3298.3   -0.380290328406648
       285               3298.4   -0.380587934003559
       286               3298.5   -0.380750431111322
       287               3298.6   -0.380428209034462
       288               3298.7   -0.379683405443124
       289               3298.8   -0.378996774814706
       290               3298.9     -0.3788982239931
       291                 3299   -0.379561105522972
       292               3299.1   -0.380717708144011
       293               3299.2   -0.381919014538784
       294               3299.3   -0.382855953930459
       295               3299.4   -0.383473700697933
       296               3299.5   -0.383856878587202
       297               3299.6   -0.384056619394133
       298               3299.7   -0.384021677221702
       299               3299.8   -0.383662164680593
       300               3299.9   -0.382962808801472
       301                 3300    -0.38204126144014
       302               3300.1    -0.38110000291806
       303               3300.2   -0.380305189773935
       304               3300.3   -0.379690449172903
       305               3300.4   -0.379172662599817
       306               3300.5   -0.378674717246913
       307               3300.6   -0.378252648345066
       308               3300.7   -0.378109266883548
       309               3300.8   -0.378459713499581
       310               3300.9   -0.379338554946637
       311                 3301   -0.380506287543691
       312               3301.1   -0.381547021397842
       313               3301.2    -0.38208662805652
       314               3301.3   -0.381961787419008
       315               3301.4     -0.3812386178143
       316               3301.5   -0.380124242609663
       317               3301.6   -0.378873887662126
       318               3301.7   -0.377740431047036
       319               3301.8   -0.376943666966746
       320               3301.9   -0.376627999923305
       321                 3302   -0.376811290135224
       322               3302.1   -0.377357634414179
       323               3302.2   -0.378012546864702
       324               3302.3   -0.378511755634441
       325               3302.4   -0.378716197677764
       326               3302.5   -0.378679585767049
       327               3302.6   -0.378586811919165
       328               3302.7   -0.378606925998642
       329               3302.8   -0.378778481766541
       330               3302.9   -0.379004008571783
       331                 3303   -0.379130191557561
       332               3303.1   -0.379044647902048
       333               3303.2   -0.378741198060495
       334               3303.3   -0.378326679898366
       335               3303.4   -0.377953059328645
       336               3303.5   -0.377701539018711
       337               3303.6   -0.377506479712749
       338               3303.7   -0.377204590763753
       339               3303.8    -0.37668938299444
       340               3303.9   -0.376029261384267
       341                 3304   -0.375419817703251
       342               3304.1   -0.375010086362748
       343               3304.2   -0.374784021962118
       344               3304.3   -0.374612463068674
       345               3304.4   -0.374397945305486
       346               3304.5   -0.374154807906126
       347               3304.6   -0.373971655477455
       348               3304.7   -0.373932511626902
       349               3304.8   -0.374086102814805
       350               3304.9   -0.374477668459042
       351                 3305   -0.375188382921163
       352               3305.1   -0.376315192222805
       353               3305.2   -0.377880192436575
       354               3305.3   -0.379747407853575
       355               3305.4   -0.381649022291163
       356               3305.5   -0.383324314623366
       357               3305.6   -0.384644413647706
       358               3305.7   -0.385595271979575
       359               3305.8   -0.386144778193312
       360               3305.9   -0.386160632041458
       361                 3306   -0.385498085803632
       362               3306.1      -0.384178136938
       363               3306.2   -0.382461439310554
       364               3306.3   -0.380736546959749
       365               3306.4   -0.379334908385405
       366               3306.5   -0.378421262742288
       367               3306.6   -0.377993853925695
       368               3306.7   -0.377950604719209
       369               3306.8   -0.378179478942411
       370               3306.9   -0.378621369165314
       371                 3307   -0.379251675910506
       372               3307.1   -0.380009731820499
       373               3307.2   -0.380779607382213
       374               3307.3   -0.381452471871773
       375               3307.4   -0.381975527478271
       376               3307.5   -0.382317672765538
       377               3307.6   -0.382422376244065
       378               3307.7   -0.382247781478401
       379               3307.8   -0.381856855051421
       380               3307.9   -0.381420119361041
       381                 3308   -0.381087846639757
       382               3308.1    -0.38085896164361
       383               3308.2    -0.38059339870661
       384               3308.3   -0.380155994484554
       385               3308.4   -0.379539968819705
       386               3308.5   -0.378857029301308
       387               3308.6   -0.378237082992986
       388               3308.7   -0.377764150277635
       389               3308.8   -0.377498085450972
       390               3308.9   -0.377504789998596
       391                 3309   -0.377811581707377
       392               3309.1   -0.378328324164919
       393               3309.2   -0.378854093261489
       394               3309.3   -0.379201356109587
       395               3309.4   -0.379324132044403
       396               3309.5    -0.37932449413199
       397               3309.6   -0.379340131488847
       398               3309.7   -0.379418781224475
       399               3309.8   -0.379468908004464
       400               3309.9   -0.379307745463536
       401                 3310   -0.378783248860058
       402               3310.1   -0.377910478016804
       403               3310.2   -0.376925928422396
       404               3310.3   -0.376188372254095
       405               3310.4   -0.375970011325174
       406               3310.5   -0.376289542747119
       407               3310.6   -0.376916322196051
       408               3310.7   -0.377530548205646
       409               3310.8   -0.377897059613326
       410               3310.9   -0.377922528101274
       411                 3311   -0.377598381645731
       412               3311.1   -0.376939798222091
       413               3311.2   -0.375996306547883
       414               3311.3   -0.374885010900271
       415               3311.4   -0.373755160657855
       416               3311.5   -0.372695987206435
       417               3311.6   -0.371701747423733
       418               3311.7   -0.370753499209669
       419               3311.8    -0.36992988286129
       420               3311.9   -0.369413061331701
       421                 3312   -0.369369346795511
       422               3312.1   -0.369819565888645
       423               3312.2   -0.370622469676415
       424               3312.3    -0.37157479781014
       425               3312.4   -0.372517990239499
       426               3312.5   -0.373356181706479
       427               3312.6   -0.374003389461833
       428               3312.7   -0.374346384758766
       429               3312.8   -0.374267236904347
       430               3312.9   -0.373695870849685
       431                 3313   -0.372643309119621
       432               3313.1   -0.371193080901505
       433               3313.2   -0.369464444278445
       434               3313.3   -0.367584477158769
       435               3313.4   -0.365689416532728
       436               3313.5   -0.363926640183913
       437               3313.6   -0.362418688855976
       438               3313.7   -0.361206728477922
       439               3313.8   -0.360229669552353
       440               3313.9   -0.359358180786376
       441                 3314     -0.3584548099339
       442               3314.1   -0.357433655740844
       443               3314.2   -0.356303008503332
       444               3314.3   -0.355159778342862
       445               3314.4   -0.354118914391384
       446               3314.5   -0.353222961159014
       447               3314.6   -0.352408651683587
       448               3314.7   -0.351560709342315
       449               3314.8   -0.350608876948807
       450               3314.9   -0.349587567198025
       451                 3315   -0.348602113773905
       452               3315.1   -0.347725398250121
       453               3315.2   -0.346923822665175
       454               3315.3   -0.346090763405642
       455               3315.4   -0.345151446310594
       456               3315.5   -0.344121459913209
       457               3315.6   -0.343049553412633
       458               3315.7   -0.341906871706751
       459               3315.8   -0.340558723960344
       460               3315.9    -0.33887683336305
       461                 3316   -0.336886949361933
       462               3316.1   -0.334784687244446
       463               3316.2   -0.332777734100219
       464               3316.3   -0.330892692358387
       465               3316.4   -0.328930319889896
       466               3316.5   -0.326622459054822
       467               3316.6   -0.323859306964721
       468               3316.7   -0.320787266136299
       469               3316.8   -0.317696023042411
       470               3316.9   -0.314801551216494
       471                 3317   -0.312104588439179
       472               3317.1   -0.309421407482213
       473               3317.2   -0.306549117797071
       474               3317.3   -0.303433689051137
       475               3317.4     -0.3002020883832
       476               3317.5   -0.297027898674823
       477               3317.6   -0.293958039050786
       478               3317.7    -0.29087315966849
       479               3317.8   -0.287611224383542
       480               3317.9   -0.284102384012757
       481                 3318   -0.280362860290441
       482               3318.1   -0.276381583927589
       483               3318.2   -0.272064028777531
       484               3318.3   -0.267302060314866
       485               3318.4   -0.262065107998255
       486               3318.5   -0.256403341677973
       487               3318.6   -0.250392942303195
       488               3318.7   -0.244112810434625
       489               3318.8   -0.237664341012162
       490               3318.9   -0.231184920836691
       491                 3319   -0.224836928862134
       492               3319.1   -0.218785772633321
       493               3319.2   -0.213163245368598
       494               3319.3   -0.208018204046494
       495               3319.4   -0.203304204035102
       496               3319.5   -0.198943759002125
       497               3319.6   -0.194910686104193
       498               3319.7   -0.191220858086021
       499               3319.8   -0.187824374850881
       500               3319.9   -0.184540012076132
       501                 3320   -0.181162746359704
       502               3320.1   -0.177683882045146
       503               3320.2   -0.174405870478914
       504               3320.3   -0.171811138112872
       505               3320.4   -0.170283036825956
       506               3320.5   -0.169908612478279
       507               3320.6   -0.170487351430496
       508               3320.7   -0.171682845536478
       509               3320.8   -0.173192531559431
       510               3320.9   -0.174869312159625
       511                 3321   -0.176767187463494
       512               3321.1    -0.17907656660386
       513               3321.2   -0.181964252368019
       514               3321.3   -0.185436010521463
       515               3321.4   -0.189344665571187
       516               3321.5   -0.193520600828328
       517               3321.6   -0.197875958245154
       518               3321.7   -0.202389943344108
       519               3321.8   -0.207038323282025
       520               3321.9   -0.211783067598415
       521                 3322   -0.216633813016876
       522               3322.1    -0.22167464809088
       523               3322.2   -0.226977069668791
       524               3322.3   -0.232474513049637
       525               3322.4   -0.237958254521821
       526               3322.5    -0.24323314772128
       527               3322.6   -0.248278920497441
       528               3322.7   -0.253248242066411
       529               3322.8   -0.258319314677408
       530               3322.9   -0.263571364510928
       531                 3323   -0.268992672378967
       532               3323.1   -0.274565877732923
       533               3323.2   -0.280313720121773
       534               3323.3   -0.286266353185176
       535               3323.4   -0.292392764442618
       536               3323.5   -0.298546986605455
       537               3323.6   -0.304470836099643
       538               3323.7   -0.309889808819607
       539               3323.8      -0.314672278533
       540               3323.9       -0.31892163669
       541                 3324   -0.322887868941397
       542               3324.1   -0.326752416927358
       543               3324.2    -0.33047559136674
       544               3324.3   -0.333840458846521
       545               3324.4   -0.336643475589318
       546               3324.5   -0.338853802178238
       547               3324.6   -0.340603578993848
       548               3324.7   -0.342040882539541
       549               3324.8   -0.343209667895521
       550               3324.9   -0.344073096706945
       551                 3325   -0.344626748980429
       552               3325.1   -0.344962885143733
       553               3325.2   -0.345229196029316
       554               3325.3   -0.345543739350315
       555               3325.4   -0.345948300083068
       556               3325.5    -0.34642465413683
       557               3325.6   -0.346941485309931
       558               3325.7    -0.34747861282684
       559               3325.8   -0.348002722483768
       560               3325.9   -0.348438111338365
       561                 3326   -0.348711616078897
       562               3326.1   -0.348871556283568
       563               3326.2   -0.349147637775575
       564               3326.3   -0.349819639106752
       565               3326.4   -0.350961586507083
       566               3326.5   -0.352307389997694
       567               3326.6   -0.353387566981782
       568               3326.7   -0.353804684603715
       569               3326.8   -0.353403554298404
       570               3326.9   -0.352265344496159
       571                 3327    -0.35063331355723
       572               3327.1   -0.348844173807444
       573               3327.2   -0.347233948738102
       574               3327.3   -0.346004760283318
       575               3327.4   -0.345126249042578
       576               3327.5   -0.344361479630396
       577               3327.6   -0.343433290869318
       578               3327.7   -0.342238013752502
       579               3327.8   -0.340943306331439
       580               3327.9   -0.339868539153803
       581                 3328   -0.339227364982788
       582               3328.1   -0.338936730182927
       583               3328.2   -0.338637657820273
       584               3328.3   -0.337909623563724
       585               3328.4   -0.336531200935891
       586               3328.5   -0.334607134035529
       587               3328.6   -0.332475805003257
       588               3328.7   -0.330493982019871
       589               3328.8   -0.328888651669374
       590               3328.9   -0.327747235266588
       591                 3329   -0.327053067852932
       592               3329.1   -0.326689716078044
       593               3329.2    -0.32646078812942
       594               3329.3   -0.326169856022507
       595               3329.4   -0.325692441548473
       596               3329.5   -0.324961173226819
       597               3329.6   -0.323908005139995
       598               3329.7   -0.322471542971367
       599               3329.8   -0.320683425780751
       600               3329.9   -0.318726528299488
       601                 3330   -0.316872526882427
       602               3330.1    -0.31534507736876
       603               3330.2   -0.314250620587114
       604               3330.3   -0.313641817076067
       605               3330.4   -0.313605929656788
       606               3330.5    -0.31422609882056
       607               3330.6   -0.315434692990763
       608               3330.7   -0.316957826923694
       609               3330.8   -0.318480726668363
       610               3330.9   -0.319900718538971
       611                 3331   -0.321409371851701
       612               3331.1   -0.323326365587639
       613               3331.2   -0.325867925252405
       614               3331.3   -0.329061885850792
       615               3331.4   -0.332829788942839
       616               3331.5   -0.337105601051323
       617               3331.6   -0.341888630269104
       618               3331.7   -0.347227955953442
       619               3331.8   -0.353174395755097
       620               3331.9   -0.359722774888098
       621                 3332   -0.366768602972808
       622               3332.1   -0.374116731924303
       623               3332.2   -0.381561058310345
       624               3332.3   -0.389003191200162
       625               3332.4   -0.396535392539807
       626               3332.5   -0.404416154606189
       627               3332.6    -0.41292899777908
       628               3332.7   -0.422205090654755
       629               3332.8   -0.432130130663868
       630               3332.9   -0.442398140516139
       631                 3333   -0.452669993037876
       632               3333.1   -0.462730885682425
       633               3333.2   -0.472550192044758
       634               3333.3    -0.48221266896586
       635               3333.4   -0.491784479215489
       636               3333.5   -0.501234928465183
       637               3333.6   -0.510476220269463
       638               3333.7   -0.519450012541843
       639               3333.8   -0.528148419540366
       640               3333.9   -0.536571316682092
       641                 3334   -0.544723393414375
       642               3334.1   -0.552681716358067
       643               3334.2    -0.56062132055397
       644               3334.3    -0.56869731385405
       645               3334.4    -0.57685706504426
       646               3334.5   -0.584771037887794
       647               3334.6   -0.591972462928605
       648               3334.7   -0.598090667522464
       649               3334.8   -0.602975591041484
       650               3334.9   -0.606632917225609
       651                 3335   -0.609089269878935
       652               3335.1   -0.610368278699186
       653               3335.2   -0.610606967376605
       654               3335.3   -0.610143812980646
       655               3335.4   -0.609403925731331
       656               3335.5   -0.608625071851611
       657               3335.6   -0.607671735676578
       658               3335.7   -0.606127715072993
       659               3335.8   -0.603589778034744
       660               3335.9   -0.599903937284568
       661                 3336   -0.595178096679777
       662               3336.1   -0.589629954223459
       663               3336.2   -0.583432868547867
       664               3336.3   -0.576652621699921
       665               3336.4   -0.569264269028176
       666               3336.5   -0.561201779713921
       667               3336.6   -0.552407273617828
       668               3336.7   -0.542869726096261
       669               3336.8   -0.532657114097657
       670               3336.9   -0.521939615532395
       671                 3337   -0.510980361373483
       672               3337.1   -0.500066244945994
       673               3337.2   -0.489386784079166
       674               3337.3    -0.47892614889705
       675               3337.4   -0.468458344031981
       676               3337.5   -0.457677189802559
       677               3337.6   -0.446378800619057
       678               3337.7   -0.434563766578715
       679               3337.8   -0.422406374694425
       680               3337.9   -0.410150734129249
       681                 3338   -0.398011154650952
       682               3338.1   -0.386103146825237
       683               3338.2   -0.374414379656498
       684               3338.3    -0.36283792901289
       685               3338.4   -0.351257779983047
       686               3338.5   -0.339614034221003
       687               3338.6   -0.327884683697965
       688               3338.7   -0.316022011303507
       689               3338.8   -0.303946273212112
       690               3338.9   -0.291622861936122
       691                 3339   -0.279125619024824
       692               3339.1   -0.266590187500458
       693               3339.2   -0.254085234716909
       694               3339.3   -0.241519095579415
       695               3339.4   -0.228668790404059
       696               3339.5    -0.21531490409726
       697               3339.6   -0.201374528341444
       698               3339.7   -0.186921876422007
       699               3339.8   -0.172092418133631
       700               3339.9    -0.15697544917984
       701                 3340   -0.141581791232906
       702               3340.1   -0.125868503531157
       703               3340.2   -0.109766352212918
       704               3340.3  -0.0932089976070705
       705               3340.4   -0.076176055181941
       706               3340.5  -0.0587039491279665
       707               3340.6   -0.040821147038257
       708               3340.7  -0.0224728949923249
       709               3340.8 -0.00354871138009344
       710               3340.9   0.0160011815556221
       711                 3341   0.0361141366357816
       712               3341.1   0.0567169798999953
       713               3341.2    0.077870453309121
       714               3341.3   0.0997788347158897
       715               3341.4    0.122637675574854
       716               3341.5    0.146456579881219
       717               3341.6    0.170987943493367
       718               3341.7    0.195777664759208
       719               3341.8    0.220282225337949
       720               3341.9    0.243991548558295
       721                 3342     0.26650487553049
       722               3342.1     0.28753224044727
       723               3342.2    0.306845214636515
       724               3342.3    0.324215681822869
       725               3342.4    0.339342566732893
       726               3342.5    0.351767379238658
       727               3342.6    0.360851990685203
       728               3342.7    0.365899868877743
       729               3342.8    0.366358735329783
       730               3342.9    0.361911402483132
       731                 3343    0.352352775937338
       732               3343.1    0.337393072783513
       733               3343.2    0.316625465560516
       734               3343.3    0.289719788343608
       735               3343.4     0.25666330691437
       736               3343.5    0.217843757276221
       737               3343.6    0.173953144782824
       738               3343.7    0.125833842094803
       739               3343.8   0.0743550262549564
       740               3343.9   0.0203210159165085
       741                 3344  -0.0355863634349562
       742               3344.1  -0.0927910607935237
       743               3344.2   -0.150722095016105
       744               3344.3   -0.208697822610833
       745               3344.4   -0.265895653890775
       746               3344.5   -0.321453128476254
       747               3344.6   -0.374639088628772
       748               3344.7   -0.424957430363521
       749               3344.8   -0.472093677613683
       750               3344.9    -0.51576949907613
       751                 3345     -0.5556674599997
       752               3345.1   -0.591506444345818
       753               3345.2    -0.62318083726292
       754               3345.3   -0.650813138295665
       755               3345.4   -0.674666941910179
       756               3345.5   -0.695012475255758
       757               3345.6   -0.712081840398297
       758               3345.7   -0.726146829052684
       759               3345.8   -0.737603191967299
       760               3345.9   -0.746924909641225
       761                 3346   -0.754504960013009
       762               3346.1   -0.760554502896461
       763               3346.2    -0.76518801471611
       764               3346.3   -0.768603400973598
       765               3346.4   -0.771128942791043
       766               3346.5   -0.773043997577111
       767               3346.6   -0.774356921815397
       768               3346.7   -0.774810768619683
       769               3346.8   -0.774155226335524
       770               3346.9   -0.772426220182036
       771                 3347    -0.76995486514549
       772               3347.1   -0.767107872339526
       773               3347.2   -0.764029961910585
       774               3347.3   -0.760633544105189
       775               3347.4   -0.756809342414019
       776               3347.5   -0.752610273866447
       777               3347.6   -0.748209442956986
       778               3347.7   -0.743684359187502
       779               3347.8   -0.738866838771707
       780               3347.9   -0.733424534853413
       781                 3348   -0.727086705341576
       782               3348.1   -0.719783709794316
       783               3348.2   -0.711597558452685
       784               3348.3    -0.70263776234862
       785               3348.4   -0.692989162416826
       786               3348.5    -0.68273734204761
       787               3348.6   -0.671988957261104
       788               3348.7   -0.660851360304962
       789               3348.8   -0.649399205151989
       790               3348.9   -0.637656999642193
       791                 3349   -0.625608174400838
       792               3349.1   -0.613232731927992
       793               3349.2   -0.600554650785173
       794               3349.3   -0.587658904649301
       795               3349.4   -0.574662281161983
       796               3349.5   -0.561677420690726
       797               3349.6   -0.548815823607646
       798               3349.7   -0.536211090046623
       799               3349.8   -0.524000578283295
       800               3349.9   -0.512257539203041
       801                 3350   -0.500945619056855
       802               3350.1   -0.489952487860529
       803               3350.2   -0.479166750172766
       804               3350.3    -0.46852495280207
       805               3350.4   -0.458019399102248
       806               3350.5   -0.447718053201859
       807               3350.6   -0.437813473727606
       808               3350.7   -0.428641962229119
       809               3350.8    -0.42060776472528
       810               3350.9   -0.414023535810821
       811                 3351    -0.40895655773651
       812               3351.1   -0.405186363524273
       813               3351.2   -0.402322129633336
       814               3351.3   -0.400018299097243
       815               3351.4     -0.3981388419819
       816               3351.5   -0.396755429313927
       817               3351.6    -0.39601229459283
       818               3351.7   -0.395993456645449
       819               3351.8   -0.396676944960113
       820               3351.9   -0.397946094301788
       821                 3352   -0.399602109723697
       822               3352.1   -0.401385217291928
       823               3352.2   -0.403043205158985
       824               3352.3   -0.404438518567361
       825               3352.4   -0.405632576682229
       826               3352.5   -0.406891175625921
       827               3352.6   -0.408593181671873
       828               3352.7   -0.411062130706253
       829               3352.8   -0.414387064326483
       830               3352.9   -0.418341130695936
       831                 3353   -0.422475525473078
       832               3353.1   -0.426346382848482
       833               3353.2   -0.429729383872662
       834               3353.3   -0.432698723277688
       835               3353.4   -0.435555812186574
       836               3353.5   -0.438664385134603
       837               3353.6   -0.442252466411773
       838               3353.7   -0.446257073150005
       839               3353.8   -0.450324706542758
       840               3353.9   -0.454021596671939
       841                 3354   -0.457118554348936
       842               3354.1   -0.459699299414606
       843               3354.2   -0.461996997139472
       844               3354.3   -0.464147058100673
       845               3354.4   -0.466105176262163
       846               3354.5   -0.467753664541862
       847               3354.6   -0.469023135566255
       848               3354.7   -0.469919280405591
       849               3354.8   -0.470503873208405
       850               3354.9   -0.470886839164931
       851                 3355   -0.471188258716731
       852               3355.1   -0.471439115931858
       853               3355.2   -0.471514509462591
       854               3355.3   -0.471217109068116
       855               3355.4   -0.470464879445346
       856               3355.5   -0.469392792253598
       857               3355.6   -0.468263409173533
       858               3355.7   -0.467292247275308
       859               3355.8   -0.466560948332287
       860               3355.9    -0.46605930913826
       861                 3356   -0.465760425991365
       862               3356.1   -0.465635899491569
       863               3356.2   -0.465611958286423
       864               3356.3   -0.465537201739347
       865               3356.4   -0.465217249989453
       866               3356.5   -0.464495284489767
       867               3356.6   -0.463312394434828
       868               3356.7   -0.461718105138923
       869               3356.8   -0.459849713762586
       870               3356.9   -0.457893324982943
       871                 3357   -0.456030814949561
       872               3357.1   -0.454403918811344
       873               3357.2   -0.453116994752421
       874               3357.3   -0.452233080985258
       875               3357.4    -0.45171316853666
       876               3357.5   -0.451354957086072
       877               3357.6    -0.45085111271755
       878               3357.7   -0.449974875687957
       879               3357.8    -0.44873019142231
       880               3357.9   -0.447305979360786
       881                 3358   -0.445875927391558
       882               3358.1   -0.444451315883044
       883               3358.2   -0.442924996120359
       884               3358.3   -0.441230888237406
       885               3358.4   -0.439436778968766
       886               3358.5   -0.437682594619067
       887               3358.6   -0.436039342440041
       888               3358.7   -0.434435230801406
       889               3358.8   -0.432729507895997
       890               3358.9   -0.430871663296897
       891                 3359     -0.4289885129776
       892               3359.1   -0.427300604290262
       893               3359.2   -0.425940840486865
       894               3359.3     -0.4248501646517
       895               3359.4   -0.423840973049632
       896               3359.5   -0.422745370441676
       897               3359.6   -0.421495887296862
       898               3359.7   -0.420084869742211
       899               3359.8    -0.41849012956685
       900               3359.9   -0.416676526889141
       901                 3360   -0.414671555845581
       902               3360.1   -0.412615730009215
       903               3360.2   -0.410725899248377
       904               3360.3   -0.409211096409206
       905               3360.4   -0.408201871738581
       906               3360.5    -0.40770495245004
       907               3360.6   -0.407588873068622
       908               3360.7   -0.407631597258411
       909               3360.8   -0.407617748923387
       910               3360.9   -0.407401927896118
       911                 3361   -0.406893295822023
       912               3361.1   -0.406033238564264
       913               3361.2   -0.404847199439791
       914               3361.3   -0.403522357666642
       915               3361.4   -0.402389277962233
       916               3361.5   -0.401784075066293
       917               3361.6   -0.401892480444526
       918               3361.7   -0.402663612703205
       919               3361.8   -0.403800489842155
       920               3361.9   -0.404831834127674
       921                 3362    -0.40529559220923
       922               3362.1   -0.404987332202177
       923               3362.2   -0.404107055822774
       924               3362.3   -0.403160474897943
       925               3362.4   -0.402658902393746
       926               3362.5   -0.402833833281024
       927               3362.6   -0.403566253982971
       928               3362.7   -0.404541763663115
       929               3362.8   -0.405466250125696
       930               3362.9   -0.406181818585962
       931                 3363   -0.406668609304135
       932               3363.1   -0.407008632866604
       933               3363.2   -0.407339296308433
       934               3363.3   -0.407767020569963
       935               3363.4   -0.408262994588234
       936               3363.5   -0.408638787864551
       937               3363.6    -0.40865464261685
       938               3363.7   -0.408176824166223
       939               3363.8   -0.407242147746404
       940               3363.9   -0.405986513627535
       941                 3364   -0.404533227346651
       942               3364.1   -0.402953729360763
       943               3364.2   -0.401307384325979
       944               3364.3   -0.399685764130116
       945               3364.4   -0.398210511553662
       946               3364.5   -0.396988376811586
       947               3364.6   -0.396046222609621
       948               3364.7   -0.395288695627631
       949               3364.8   -0.394543843163153
       950               3364.9    -0.39370300560431
       951                 3365   -0.392837568453406
       952               3365.1   -0.392160141260381
       953               3365.2   -0.391858228029239
       954               3365.3   -0.391973899153132
       955               3365.4   -0.392441734474354
       956               3365.5   -0.393205601973539
       957               3365.6   -0.394245264305239
       958               3365.7   -0.395460407056019
       959               3365.8   -0.396554164812518
       960               3365.9   -0.397101728430146
       961                 3366    -0.39680151244402
       962               3366.1   -0.395687281252459
       963               3366.2   -0.394097871118159
       964               3366.3   -0.392441778286398
       965               3366.4   -0.390974556995813
       966               3366.5   -0.389749175307578
       967               3366.6    -0.38871362704787
       968               3366.7   -0.387820020432998
       969               3366.8   -0.387048329081367
       970               3366.9   -0.386365292372106
       971                 3367   -0.385711808435644
       972               3367.1   -0.385063521680917
       973               3367.2   -0.384492604237627
       974               3367.3     -0.3841260988239
       975               3367.4   -0.384013420674778
       976               3367.5   -0.384046518607112
       977               3367.6   -0.384039372574722
       978               3367.7   -0.383893202327951
       979               3367.8   -0.383670037076377
       980               3367.9   -0.383502741203423
       981                 3368   -0.383453405792608
       982               3368.1   -0.383475358073537
       983               3368.2   -0.383505948547199
       984               3368.3   -0.383579850204354
       985               3368.4   -0.383842801681565
       986               3368.5   -0.384448707293651
       987               3368.6   -0.385428026033825
       988               3368.7   -0.386630008240692
       989               3368.8   -0.387773236817061
       990               3368.9   -0.388572321096828
       991                 3369   -0.388881998527269
       992               3369.1   -0.388780475855345
       993               3369.2    -0.38851860997274
       994               3369.3   -0.388353951331814
       995               3369.4   -0.388407209806991
       996               3369.5   -0.388660592591061
       997               3369.6   -0.389058837470549
       998               3369.7   -0.389573196407748
       999               3369.8   -0.390164763409683
      1000               3369.9   -0.390719531013663
      1001                 3370   -0.391055850270277
      1002               3370.1   -0.391014979511171
      1003               3370.2   -0.390556146026838
      1004               3370.3   -0.389781935804255
      1005               3370.4   -0.388893436259836
      1006               3370.5   -0.388121411983639
      1007               3370.6   -0.387658549097672
      1008               3370.7   -0.387589991331593
      1009               3370.8   -0.387843688144801
      1010               3370.9   -0.388214201499648
      1011                 3371   -0.388477994632589
      1012               3371.1   -0.388537534409913
      1013               3371.2   -0.388499271727488
      1014               3371.3   -0.388633716611704
      1015               3371.4   -0.389226630626115
      1016               3371.5   -0.390379361237386
      1017               3371.6   -0.391872853811489
      1018               3371.7   -0.393231879570156
      1019               3371.8   -0.394014623343415
      1020               3371.9   -0.394136862240117
      1021                 3372   -0.393940334163329
      1022               3372.1   -0.393905553348176
      1023               3372.2   -0.394253020940632
      1024               3372.3   -0.394811508089202
      1025               3372.4   -0.395274009465398
      1026               3372.5   -0.395563933262187
      1027               3372.6   -0.395931319135675
      1028               3372.7   -0.396697858738929
      1029               3372.8   -0.397927848688918
      1030               3372.9   -0.399349009062167
      1031                 3373   -0.400578563407401
      1032               3373.1    -0.40142383204879
      1033               3373.2   -0.401990373655538
      1034               3373.3   -0.402549276443631
      1035               3373.4   -0.403344571171129
      1036               3373.5   -0.404521086091227
      1037               3373.6   -0.406160130445522
      1038               3373.7    -0.40828966274908
      1039               3373.8   -0.410823508196654
      1040               3373.9   -0.413522928822402
      1041                 3374   -0.416065115845029
      1042               3374.1   -0.418180010477701
      1043               3374.2    -0.41975111235052
      1044               3374.3   -0.420825283609276
      1045               3374.4   -0.421551136333927
      1046               3374.5   -0.422089603316523
      1047               3374.6   -0.422533847203677
      1048               3374.7   -0.422877510591707
      1049               3374.8   -0.423058218482905
      1050               3374.9   -0.423044647663454
      1051                 3375   -0.422883833129687
      1052               3375.1    -0.42266672815159
      1053               3375.2   -0.422466554920751
      1054               3375.3   -0.422322540259744
      1055               3375.4   -0.422263504090102
      1056               3375.5    -0.42231908048034
      1057               3375.6   -0.422508960550666
      1058               3375.7   -0.422843386529225
      1059               3375.8   -0.423346568803048
      1060               3375.9   -0.424077044582528
      1061                 3376   -0.425117058611305
      1062               3376.1    -0.42652593992228
      1063               3376.2   -0.428277437282759
      1064               3376.3   -0.430217367483958
      1065               3376.4   -0.432075873913327
      1066               3376.5   -0.433551547065762
      1067               3376.6   -0.434455426234819
      1068               3376.7   -0.434846175900737
      1069               3376.8   -0.435036623281725
      1070               3376.9   -0.435409605641335
      1071                 3377   -0.436156742798202
      1072               3377.1   -0.437160342686406
      1073               3377.2   -0.438118476729487
      1074               3377.3   -0.438789202253932
      1075               3377.4   -0.439152940281925
      1076               3377.5   -0.439404414056395
      1077               3377.6   -0.439819741111482
      1078               3377.7   -0.440592678079687
      1079               3377.8   -0.441724929133123
      1080               3377.9   -0.443016015135435
      1081                 3378   -0.444136969159397
      1082               3378.1   -0.444745154047427
      1083               3378.2   -0.444622163649205
      1084               3378.3   -0.443805058065915
      1085               3378.4   -0.442610983452048
      1086               3378.5    -0.44147020417395
      1087               3378.6   -0.440653820890301
      1088               3378.7   -0.440122152333388
      1089               3378.8   -0.439620482010807
      1090               3378.9   -0.438901768589301
      1091                 3379   -0.437853324067999
      1092               3379.1   -0.436458908985809
      1093               3379.2   -0.434727474407195
      1094               3379.3   -0.432709569448662
      1095               3379.4   -0.430543063231615
      1096               3379.5   -0.428398872643906
      1097               3379.6   -0.426351740984005
      1098               3379.7   -0.424353974004785
      1099               3379.8   -0.422390298612957
      1100               3379.9   -0.420646391761959
      1101                 3380   -0.419468410179647
      1102               3380.1   -0.419115574999465
      1103               3380.2   -0.419531758476795
      1104               3380.3   -0.420333839055692
      1105               3380.4   -0.421015024397639
      1106               3380.5   -0.421212403949584
      1107               3380.6   -0.420869312731697
      1108               3380.7   -0.420196093999493
      1109               3380.8   -0.419463822598549
      1110               3380.9    -0.41879311522141
      1111                 3381   -0.418108622941412
      1112               3381.1   -0.417276976174554
      1113               3381.2   -0.416264129287993
      1114               3381.3   -0.415133924396303
      1115               3381.4    -0.41390039569264
      1116               3381.5   -0.412437650103114
      1117               3381.6   -0.410601444591594
      1118               3381.7   -0.408456380250357
      1119               3381.8   -0.406345013573391
      1120               3381.9     -0.4046889495351
      1121                 3382   -0.403694049630525
      1122               3382.1   -0.403214170388744
      1123               3382.2   -0.402860251592869
      1124               3382.3   -0.402239651275524
      1125               3382.4   -0.401139748143961
      1126               3382.5   -0.399545789509824
      1127               3382.6   -0.397546274512738
      1128               3382.7   -0.395280006089838
      1129               3382.8   -0.392974270082321
      1130               3382.9   -0.390938755894697
      1131                 3383   -0.389413006523647
      1132               3383.1    -0.38840415304519
      1133               3383.2   -0.387723009855694
      1134               3383.3   -0.387182740810119
      1135               3383.4   -0.386716327370029
      1136               3383.5   -0.386308946900054
      1137               3383.6   -0.385912936434826
      1138               3383.7   -0.385513206161365
      1139               3383.8   -0.385258542165459
      1140               3383.9   -0.385449117597807
      1141                 3384   -0.386340804959174
      1142               3384.1   -0.387946008557869
      1143               3384.2    -0.39000584168277
      1144               3384.3   -0.392128316955737
      1145               3384.4   -0.393964245758437
      1146               3384.5   -0.395317232703182
      1147               3384.6    -0.39616117390549
      1148               3384.7   -0.396584489501979
      1149               3384.8   -0.396702048990262
      1150               3384.9   -0.396580765097781
      1151                 3385   -0.396203348417481
      1152               3385.1   -0.395477999413792
      1153               3385.2   -0.394308359731727
      1154               3385.3   -0.392709847736766
      1155               3385.4   -0.390880938516454
      1156               3385.5   -0.389130812342801
      1157               3385.6   -0.387698166066832
      1158               3385.7    -0.38662202004195
      1159               3385.8   -0.385770504060449
      1160               3385.9   -0.384968276447147
      1161                 3386    -0.38409970433577
      1162               3386.1   -0.383145620098975
      1163               3386.2   -0.382180493279088
      1164               3386.3   -0.381332515561575
      1165               3386.4   -0.380698153043281
      1166               3386.5   -0.380276496324906
      1167               3386.6   -0.380019241690549
      1168               3386.7   -0.379964124819593
      1169               3386.8   -0.380278306299493
      1170               3386.9   -0.381112078571592
      1171                 3387   -0.382397939167673
      1172               3387.1   -0.383825580591961
      1173               3387.2   -0.385046176453085
      1174               3387.3   -0.385919751251762
      1175               3387.4   -0.386583682309605
      1176               3387.5   -0.387296313573322
      1177               3387.6   -0.388196237000465
      1178               3387.7    -0.38916281098397
      1179               3387.8   -0.389874978721997
      1180               3387.9   -0.390026816534933
      1181                 3388   -0.389546961269519
      1182               3388.1   -0.388655163123275
      1183               3388.2   -0.387707264362782
      1184               3388.3   -0.386956561511794
      1185               3388.4   -0.386434323911046
      1186               3388.5    -0.38603662017032
      1187               3388.6   -0.385704734791194
      1188               3388.7   -0.385509959679239
      1189               3388.8   -0.385576691512265
      1190               3388.9   -0.385952857909574
      1191                 3389   -0.386568542264652
      1192               3389.1    -0.38730089013778
      1193               3389.2   -0.388053453857404
      1194               3389.3   -0.388780449639571
      1195               3389.4    -0.38946979497966
      1196               3389.5   -0.390115119931858
      1197               3389.6   -0.390671500216146
      1198               3389.7   -0.391008789195775
      1199               3389.8   -0.390933457466457
      1200               3389.9   -0.390314266642369
      1201                 3390   -0.389216397528045
      1202               3390.1   -0.387899573729484
      1203               3390.2    -0.38666486030157
      1204               3390.3   -0.385697882937675
      1205               3390.4   -0.385054174606125
      1206               3390.5   -0.384764265793432
      1207               3390.6   -0.384896426080463
      1208               3390.7   -0.385471246923785
      1209               3390.8   -0.386320079237294
      1210               3390.9   -0.387084117063623
      1211                 3391   -0.387418008525466
      1212               3391.1   -0.387231884164463
      1213               3391.2    -0.38674852816724
      1214               3391.3   -0.386331978856733
      1215               3391.4   -0.386245865133593
      1216               3391.5   -0.386518002734072
      1217               3391.6   -0.386962885491173
      1218               3391.7     -0.3873106752949
      1219               3391.8   -0.387361089041041
      1220               3391.9   -0.387077923510569
      1221                 3392   -0.386571260500211
      1222               3392.1   -0.385999681788635
      1223               3392.2   -0.385488843198118
      1224               3392.3   -0.385122679882318
      1225               3392.4   -0.384970083345792
      1226               3392.5   -0.385078791578353
      1227               3392.6   -0.385420638000682
      1228               3392.7   -0.385834762899227
      1229               3392.8   -0.386033199010277
      1230               3392.9   -0.385705369709298
      1231                 3393   -0.384691544970018
      1232               3393.1   -0.383114325759645
      1233               3393.2   -0.381347358106057
      1234               3393.3   -0.379824360722898
      1235               3393.4   -0.378841391667124
      1236               3393.5   -0.378493475183269
      1237               3393.6   -0.378725374802659
      1238               3393.7   -0.379383852131535
      1239               3393.8    -0.38023381019979
      1240               3393.9   -0.380993197501658
      1241                 3394   -0.381416556025969
      1242               3394.1   -0.381382241850569
      1243               3394.2   -0.380924471728616
      1244               3394.3   -0.380188572562375
      1245               3394.4   -0.379327662410515
      1246               3394.5   -0.378404103100335
      1247               3394.6   -0.377386510999377
      1248               3394.7   -0.376268988538263
      1249               3394.8   -0.375202170830923
      1250               3394.9   -0.374475376119697
      1251                 3395   -0.374325760142139
      1252               3395.1   -0.374744888895727
      1253               3395.2   -0.375480500408014
      1254               3395.3   -0.376244190509707
      1255               3395.4   -0.376930138761667
      1256               3395.5   -0.377645035416916
      1257               3395.6   -0.378545238693595
      1258               3395.7   -0.379662373174811
      1259               3395.8    -0.38088269407601
      1260               3395.9   -0.382058365103493
      1261                 3396   -0.383088174286395
      1262               3396.1   -0.383876506665186
      1263               3396.2   -0.384265727197345
      1264               3396.3   -0.384084804057608
      1265               3396.4   -0.383299298597605
      1266               3396.5   -0.382105368722488
      1267               3396.6   -0.380869674552698
      1268               3396.7   -0.379974487550587
      1269               3396.8   -0.379679050391931
      1270               3396.9   -0.380042949924438
      1271                 3397   -0.380908454647904
      1272               3397.1    -0.38195363518067
      1273               3397.2   -0.382831318190493
      1274               3397.3   -0.383348676699753
      1275               3397.4   -0.383571157693458
      1276               3397.5   -0.383750437695668
      1277               3397.6   -0.384107147164128
      1278               3397.7   -0.384639490765883
      1279               3397.8   -0.385124368052422
      1280               3397.9   -0.385306434432797
      1281                 3398    -0.38509406735753
      1282               3398.1   -0.384578938054564
      1283               3398.2   -0.383878331061916
      1284               3398.3   -0.382988999206946
      1285               3398.4   -0.381833404769221
      1286               3398.5   -0.380462378772416
      1287               3398.6   -0.379185322018643
      1288               3398.7   -0.378456337156411
      1289               3398.8   -0.378591990911798
      1290               3398.9   -0.379562633462473
      1291                 3399   -0.381028223327738
      1292               3399.1    -0.38257702185898
      1293               3399.2   -0.383965085177158
      1294               3399.3   -0.385167291742589
      1295               3399.4   -0.386229746197919
      1296               3399.5   -0.387108865740201
      1297               3399.6   -0.387681530132887
      1298               3399.7    -0.38788741549924
      1299               3399.8   -0.387797182815574
      1300               3399.9   -0.387526861653808
      1301                 3400    -0.38714765946482
      1302               3400.1   -0.386713891201883
      1303               3400.2   -0.386312981817951
      1304               3400.3   -0.386012187982351
      1305               3400.4   -0.385775414845167
      1306               3400.5   -0.385491906145628
      1307               3400.6   -0.385085600416577
      1308               3400.7   -0.384567492374652
      1309               3400.8   -0.384009996186106
      1310               3400.9   -0.383523879749231
      1311                 3401   -0.383242724085524
      1312               3401.1   -0.383252159451364
      1313               3401.2   -0.383493378171238
      1314               3401.3   -0.383759454370262
      1315               3401.4   -0.383815228693711
      1316               3401.5   -0.383529162635408
      1317               3401.6   -0.382913499386338
      1318               3401.7   -0.382087884247074
      1319               3401.8    -0.38122553487987
      1320               3401.9   -0.380488699758537
      1321                 3402   -0.379951666399332
      1322               3402.1   -0.379570094555429
      1323               3402.2   -0.379245586654048
      1324               3402.3   -0.378920639662499
      1325               3402.4   -0.378592638254843
      1326               3402.5   -0.378249872183896
      1327               3402.6   -0.377842504263231
      1328               3402.7    -0.37733970032837
      1329               3402.8   -0.376790832016163
      1330               3402.9   -0.376304354196885
      1331                 3403   -0.375972675269734
      1332               3403.1   -0.375828204981876
      1333               3403.2   -0.375854255578951
      1334               3403.3    -0.37601045912969
      1335               3403.4   -0.376249247916294
      1336               3403.5   -0.376537551794146
      1337               3403.6   -0.376884688426778
      1338               3403.7   -0.377345590590306
      1339               3403.8   -0.377975489555563
      1340               3403.9   -0.378750354304763
      1341                 3404   -0.379507578652552
      1342               3404.1   -0.379984438146939
      1343               3404.2   -0.379985525520948
      1344               3404.3   -0.379572647252889
      1345               3404.4   -0.379078792372298
      1346               3404.5   -0.378877668384129
      1347               3404.6   -0.379104329428562
      1348               3404.7   -0.379596789669147
      1349               3404.8   -0.380086241588017
      1350               3404.9   -0.380394147286963
      1351                 3405   -0.380436778003286
      1352               3405.1   -0.380118632677451
      1353               3405.2   -0.379331781067438
      1354               3405.3   -0.378101386856618
      1355               3405.4   -0.376691502227171
      1356               3405.5   -0.375515122501157
      1357               3405.6    -0.37491424503085
      1358               3405.7    -0.37499560814705
      1359               3405.8   -0.375620457708269
      1360               3405.9   -0.376505788164152
      1361                 3406    -0.37734466056985
      1362               3406.1   -0.377890257537327
      1363               3406.2   -0.378005302297975
      1364               3406.3    -0.37769963447905
      1365               3406.4    -0.37714539389358
      1366               3406.5   -0.376624905951255
      1367               3406.6   -0.376402520130368
      1368               3406.7   -0.376589344959859
      1369               3406.8   -0.377088323490654
      1370               3406.9   -0.377645052767904
      1371                 3407   -0.377968520340226
      1372               3407.1    -0.37787934066868
      1373               3407.2   -0.377444796925199
      1374               3407.3   -0.377015118814477
      1375               3407.4   -0.377053740076951
      1376               3407.5   -0.377793012064654
      1377               3407.6   -0.378986090005955
      1378               3407.7   -0.380049047443431
      1379               3407.8   -0.380537713469534
      1380               3407.9    -0.38052680647028
      1381                 3408   -0.380525583608038
      1382               3408.1   -0.381023900601748
      1383               3408.2   -0.382092915516371
      1384               3408.3   -0.383344716671209
      1385               3408.4    -0.38419860606042
      1386               3408.5   -0.384198911508727
      1387               3408.6   -0.383197767009919
      1388               3408.7   -0.381381623389021
      1389               3408.8    -0.37919415531444
      1390               3408.9    -0.37718631572786
      1391                 3409   -0.375822167855796
      1392               3409.1   -0.375319892935168
      1393               3409.2   -0.375613021364921
      1394               3409.3   -0.376431235054767
      1395               3409.4   -0.377425379958194
      1396               3409.5   -0.378275949292503
      1397               3409.6   -0.378763463461813
      1398               3409.7   -0.378784938862396
      1399               3409.8   -0.378321809697365
      1400               3409.9   -0.377414717093276
      1401                 3410   -0.376191512586308
      1402               3410.1     -0.3749029113299
      1403               3410.2     -0.3738668695907
      1404               3410.3   -0.373304850309404
      1405               3410.4    -0.37319185990683
      1406               3410.5   -0.373270679285126
      1407               3410.6    -0.37324403164093
      1408               3410.7   -0.372987444328336
      1409               3410.8   -0.372605752240734
      1410               3410.9   -0.372316166208236
      1411                 3411   -0.372298588580997
      1412               3411.1   -0.372630847321057
      1413               3411.2   -0.373286341233244
      1414               3411.3   -0.374126393683718
      1415               3411.4   -0.374909391538966
      1416               3411.5   -0.375384374009127
      1417               3411.6   -0.375442842977884
      1418               3411.7   -0.375202246979181
      1419               3411.8   -0.374927509928065
      1420               3411.9   -0.374828174715021
      1421                 3412   -0.374881440660492
      1422               3412.1   -0.374841340332159
      1423               3412.2   -0.374462343405255
      1424               3412.3   -0.373761318779645
      1425               3412.4   -0.373073158918707
      1426               3412.5   -0.372845045619743
      1427               3412.6   -0.373367393195573
      1428               3412.7   -0.374651189037963
      1429               3412.8   -0.376450917647057
      1430               3412.9   -0.378320693624851
      1431                 3413   -0.379706971527262
      1432               3413.1   -0.380166473637257
      1433               3413.2   -0.379643856038524
      1434               3413.3   -0.378557744032544
      1435               3413.4   -0.377547553164045
      1436               3413.5   -0.377060485603355
      1437               3413.6   -0.377122963956677
      1438               3413.7   -0.377449977807133
      1439               3413.8   -0.377723710265308
      1440               3413.9   -0.377768342118023
      1441                 3414   -0.377536094714575
      1442               3414.1   -0.377040670007843
      1443               3414.2   -0.376363350719833
      1444               3414.3   -0.375678276506024
      1445               3414.4   -0.375181947588312
      1446               3414.5   -0.374954695177441
      1447               3414.6   -0.374904217928615
      1448               3414.7   -0.374859373471633
      1449               3414.8   -0.374712901851628
      1450               3414.9   -0.374476001472446
      1451                 3415   -0.374224738743395
      1452               3415.1   -0.374021735809739
      1453               3415.2   -0.373883151777578
      1454               3415.3   -0.373792114849963
      1455               3415.4   -0.373725825875459
      1456               3415.5   -0.373669724584926
      1457               3415.6   -0.373610600833112
      1458               3415.7   -0.373526765024385
      1459               3415.8   -0.373407176150388
      1460               3415.9   -0.373297772671902
      1461                 3416   -0.373319217362412
      1462               3416.1   -0.373606557207957
      1463               3416.2   -0.374202963815298
      1464               3416.3   -0.375004370347889
      1465               3416.4   -0.375815249206975
      1466               3416.5   -0.376472065460671
      1467               3416.6   -0.376928672033021
      1468               3416.7   -0.377236970007973
      1469               3416.8   -0.377456826391257
      1470               3416.9   -0.377594938606262
      1471                 3417   -0.377633213407329
      1472               3417.1   -0.377600971429287
      1473               3417.2   -0.377596097843965
      1474               3417.3   -0.377724071626227
      1475               3417.4   -0.378010799730362
      1476               3417.5    -0.37835941717195
      1477               3417.6   -0.378582003913969
      1478               3417.7   -0.378496530370789
      1479               3417.8   -0.378040699505307
      1480               3417.9   -0.377331050912223
      1481                 3418   -0.376625634886116
      1482               3418.1   -0.376212789711825
      1483               3418.2   -0.376282854879562
      1484               3418.3   -0.376832937670834
      1485               3418.4   -0.377644765309952
      1486               3418.5   -0.378365201893966
      1487               3418.6   -0.378677289404459
      1488               3418.7   -0.378479977953514
      1489               3418.8   -0.377954023449674
      1490               3418.9   -0.377444158415276
      1491                 3419     -0.3772271190077
      1492               3419.1   -0.377342510634483
      1493               3419.2    -0.37761125477367
      1494               3419.3   -0.377795320944004
      1495               3419.4   -0.377748488311361
      1496               3419.5   -0.377462237022321
      1497               3419.6   -0.377021889645028
      1498               3419.7    -0.37653667479785
      1499               3419.8   -0.376090711692588
      1500               3419.9   -0.375727851374087
