     index            Field [G]         Intensity []

         1                 3270   -0.378975532512626
         2               3270.1   -0.378453181553269
         3               3270.2   -0.377542037711379
         4               3270.3   -0.376377905091112
         5               3270.4   -0.375288562133249
         6               3270.5   -0.374674192651298
         7               3270.6   -0.374751619794933
         8               3270.7   -0.375380543485986
         9               3270.8    -0.37616184791222
        10               3270.9    -0.37672340382536
        11                 3271   -0.376935563314736
        12               3271.1    -0.37689864001081
        13               3271.2    -0.37676712641924
        14               3271.3   -0.376599324408677
        15               3271.4   -0.376356215038069
        16               3271.5   -0.376009127298876
        17               3271.6   -0.375620239434117
        18               3271.7   -0.375319524102044
        19               3271.8   -0.375232999504867
        20               3271.9   -0.375452585931033
        21                 3272   -0.376039587783149
        22               3272.1   -0.376982150107775
        23               3272.2   -0.378110188785728
        24               3272.3   -0.379092266265674
        25               3272.4   -0.379596370239233
        26               3272.5   -0.379513431622477
        27               3272.6   -0.379044731794973
        28               3272.7   -0.378565536682656
        29               3272.8   -0.378376785772953
        30               3272.9   -0.378543352364209
        31                 3273   -0.378921302805252
        32               3273.1   -0.379307823041416
        33               3273.2     -0.3795724610564
        34               3273.3   -0.379691581600291
        35               3273.4   -0.379703226280938
        36               3273.5   -0.379636196675676
        37               3273.6    -0.37946826151163
        38               3273.7   -0.379157837574499
        39               3273.8   -0.378733224090799
        40               3273.9   -0.378342123678665
        41                 3274   -0.378182451831403
        42               3274.1   -0.378366221729153
        43               3274.2   -0.378850420290895
        44               3274.3   -0.379495543361755
        45               3274.4   -0.380183162322424
        46               3274.5   -0.380884672320017
        47               3274.6   -0.381634873821184
        48               3274.7    -0.38244621758219
        49               3274.8   -0.383243309942333
        50               3274.9   -0.383877557696927
        51                 3275   -0.384208872360084
        52               3275.1   -0.384183985037685
        53               3275.2   -0.383861610094121
        54               3275.3   -0.383391796818027
        55               3275.4   -0.382963656150245
        56               3275.5   -0.382710249469506
        57               3275.6   -0.382595241236662
        58               3275.7   -0.382384991598293
        59               3275.8   -0.381791436665068
        60               3275.9   -0.380716935376485
        61                 3276    -0.37940269416044
        62               3276.1   -0.378334574427907
        63               3276.2   -0.377954947614062
        64               3276.3    -0.37839183740653
        65               3276.4   -0.379407674675504
        66               3276.5   -0.380592852921936
        67               3276.6   -0.381637629597518
        68               3276.7    -0.38248193021989
        69               3276.8   -0.383269672821522
        70               3276.9   -0.384173935573184
        71                 3277   -0.385216256212542
        72               3277.1   -0.386194819305252
        73               3277.2   -0.386775768551361
        74               3277.3   -0.386692297939671
        75               3277.4    -0.38591342576786
        76               3277.5   -0.384674516849278
        77               3277.6   -0.383373584003231
        78               3277.7   -0.382416058042502
        79               3277.8   -0.382077944798913
        80               3277.9   -0.382408842868621
        81                 3278   -0.383194827916071
        82               3278.1   -0.384030044387732
        83               3278.2   -0.384507116224864
        84               3278.3   -0.384423973817526
        85               3278.4   -0.383857517593149
        86               3278.5   -0.383060766947616
        87               3278.6   -0.382291027340063
        88               3278.7   -0.381709987842477
        89               3278.8   -0.381396358189255
        90               3278.9   -0.381392801980401
        91                 3279   -0.381686971850296
        92               3279.1   -0.382129650726151
        93               3279.2   -0.382418003847516
        94               3279.3   -0.382249306145969
        95               3279.4   -0.381561519101912
        96               3279.5   -0.380638226492381
        97               3279.6   -0.379953050451617
        98               3279.7   -0.379860131894656
        99               3279.8   -0.380360858860836
       100               3279.9   -0.381111042435939
       101                 3280   -0.381664502935103
       102               3280.1   -0.381781517398626
       103               3280.2   -0.381566383999976
       104               3280.3   -0.381326240249169
       105               3280.4   -0.381286170766401
       106               3280.5   -0.381411807196569
       107               3280.6   -0.381462465848281
       108               3280.7   -0.381188899819922
       109               3280.8   -0.380511945092907
       110               3280.9    -0.37958170749982
       111                 3281   -0.378701763316519
       112               3281.1   -0.378154731016007
       113               3281.2   -0.378014164449229
       114               3281.3    -0.37807160411286
       115               3281.4    -0.37797321382107
       116               3281.5   -0.377506612203632
       117               3281.6   -0.376814595625815
       118               3281.7   -0.376331821134104
       119               3281.8   -0.376480461494827
       120               3281.9   -0.377390477657785
       121                 3282   -0.378868346427608
       122               3282.1   -0.380571733041789
       123               3282.2   -0.382178048872595
       124               3282.3   -0.383441350486131
       125               3282.4    -0.38421675635343
       126               3282.5   -0.384520179421169
       127               3282.6   -0.384537559656023
       128               3282.7     -0.3844853617792
       129               3282.8    -0.38441493741008
       130               3282.9   -0.384174558319589
       131                 3283   -0.383587154942482
       132               3283.1   -0.382647689560371
       133               3283.2   -0.381524346276669
       134               3283.3   -0.380391350480785
       135               3283.4   -0.379311574983715
       136               3283.5   -0.378289758411165
       137               3283.6   -0.377384270567242
       138               3283.7   -0.376709421544168
       139               3283.8   -0.376332319235334
       140               3283.9   -0.376217433494627
       141                 3284   -0.376301891640022
       142               3284.1   -0.376600512369243
       143               3284.2   -0.377189955988631
       144               3284.3    -0.37807375326479
       145               3284.4   -0.379090523146216
       146               3284.5   -0.379990824733154
       147               3284.6   -0.380617659056389
       148               3284.7   -0.381011145616866
       149               3284.8   -0.381343779677531
       150               3284.9   -0.381768354916997
       151                 3285   -0.382332556989178
       152               3285.1   -0.383014427823096
       153               3285.2   -0.383783855046265
       154               3285.3   -0.384583464212691
       155               3285.4    -0.38526814281353
       156               3285.5   -0.385641293603241
       157               3285.6   -0.385615808703827
       158               3285.7      -0.385340156728
       159               3285.8   -0.385122732339664
       160               3285.9   -0.385188054770531
       161                 3286   -0.385477526618543
       162               3286.1    -0.38567895240173
       163               3286.2   -0.385474454771717
       164               3286.3   -0.384811895291793
       165               3286.4    -0.38397628449292
       166               3286.5   -0.383393201107238
       167               3286.6   -0.383320870242876
       168               3286.7   -0.383683626108498
       169               3286.8   -0.384163647481761
       170               3286.9   -0.384429820032914
       171                 3287    -0.38429245002571
       172               3287.1   -0.383711137469793
       173               3287.2    -0.38275589819744
       174               3287.3   -0.381610471066305
       175               3287.4   -0.380563025100409
       176               3287.5   -0.379892747036626
       177               3287.6   -0.379702352353779
       178               3287.7     -0.3798583098756
       179               3287.8   -0.380104181326875
       180               3287.9   -0.380227086587316
       181                 3288   -0.380125272321055
       182               3288.1   -0.379769253023541
       183               3288.2   -0.379165395829173
       184               3288.3   -0.378385997403276
       185               3288.4   -0.377617458410093
       186               3288.5   -0.377147174854647
       187               3288.6   -0.377266345114433
       188               3288.7   -0.378126152419285
       189               3288.8    -0.37962313955719
       190               3288.9   -0.381409523178978
       191                 3289   -0.383067106876902
       192               3289.1   -0.384332926869318
       193               3289.2   -0.385176227497469
       194               3289.3   -0.385657028486526
       195               3289.4   -0.385735134476112
       196               3289.5   -0.385258132051351
       197               3289.6   -0.384150575730248
       198               3289.7   -0.382591784252884
       199               3289.8   -0.380975793641409
       200               3289.9    -0.37967843504195
       201                 3290    -0.37884767975821
       202               3290.1   -0.378384602843844
       203               3290.2   -0.378080461739378
       204               3290.3   -0.377762884991261
       205               3290.4       -0.37736844634
       206               3290.5    -0.37695833766971
       207               3290.6   -0.376698595751521
       208               3290.7   -0.376789076204115
       209               3290.8   -0.377348374479088
       210               3290.9    -0.37832336647282
       211                 3291   -0.379498876824494
       212               3291.1   -0.380612564169169
       213               3291.2   -0.381495170596277
       214               3291.3   -0.382131797430473
       215               3291.4   -0.382605243325601
       216               3291.5   -0.382986294930625
       217               3291.6   -0.383276121779198
       218               3291.7   -0.383445082070684
       219               3291.8   -0.383522888661268
       220               3291.9   -0.383654123557023
       221                 3292   -0.384050156350513
       222               3292.1   -0.384839138054447
       223               3292.2   -0.385922277707311
       224               3292.3   -0.386987858164799
       225               3292.4   -0.387715128760123
       226               3292.5    -0.38800182522669
       227               3292.6   -0.387996940370848
       228               3292.7   -0.387902993015687
       229               3292.8   -0.387745263966239
       230               3292.9   -0.387338597924417
       231                 3293   -0.386483706979834
       232               3293.1   -0.385203652362978
       233               3293.2   -0.383800084640678
       234               3293.3   -0.382676549688048
       235               3293.4   -0.382072494168675
       236               3293.5   -0.381912548623197
       237               3293.6   -0.381877188662621
       238               3293.7   -0.381636533809072
       239               3293.8   -0.381074745827163
       240               3293.9   -0.380345049805237
       241                 3294   -0.379732136754751
       242               3294.1   -0.379451062241562
       243               3294.2   -0.379541081740921
       244               3294.3   -0.379900741846201
       245               3294.4   -0.380383556752388
       246               3294.5   -0.380853556447818
       247               3294.6   -0.381180687638887
       248               3294.7   -0.381237131745681
       249               3294.8   -0.380952800440594
       250               3294.9   -0.380406547268613
       251                 3295    -0.37985498976612
       252               3295.1   -0.379621550585514
       253               3295.2   -0.379888863871429
       254               3295.3    -0.38055531441037
       255               3295.4    -0.38129601600895
       256               3295.5   -0.381791173331086
       257               3295.6    -0.38191974667296
       258               3295.7   -0.381757321198378
       259               3295.8   -0.381429595795426
       260               3295.9    -0.38100991291189
       261                 3296   -0.380557654780585
       262               3296.1   -0.380203449022207
       263               3296.2   -0.380131549339828
       264               3296.3   -0.380442125412221
       265               3296.4   -0.381028388314777
       266               3296.5   -0.381600719926871
       267               3296.6   -0.381844515000575
       268               3296.7   -0.381577899036217
       269               3296.8   -0.380800711180298
       270               3296.9   -0.379641476222867
       271                 3297   -0.378277465092504
       272               3297.1   -0.376882029258672
       273               3297.2   -0.375609985224407
       274               3297.3   -0.374612389319997
       275               3297.4   -0.374054858750995
       276               3297.5   -0.374095101558225
       277               3297.6   -0.374803393776514
       278               3297.7   -0.376084126219333
       279               3297.8   -0.377683635528771
       280               3297.9   -0.379295184075053
       281                 3298   -0.380685052575381
       282               3298.1   -0.381767581046071
       283               3298.2   -0.382612939166082
       284               3298.3   -0.383391065494851
       285               3298.4   -0.384261191349616
       286               3298.5   -0.385263258100781
       287               3298.6   -0.386295268774646
       288               3298.7   -0.387192729923194
       289               3298.8   -0.387831347799887
       290               3298.9   -0.388170281413838
       291                 3299   -0.388227311385674
       292               3299.1   -0.388030796044576
       293               3299.2   -0.387593828242891
       294               3299.3   -0.386932322576781
       295               3299.4   -0.386110081955642
       296               3299.5   -0.385254262688726
       297               3299.6   -0.384499979274473
       298               3299.7   -0.383904218419224
       299               3299.8   -0.383419677388483
       300               3299.9   -0.382959293459485
       301                 3300   -0.382482784702521
       302               3300.1   -0.382020933222667
       303               3300.2   -0.381628177029803
       304               3300.3   -0.381327374432223
       305               3300.4   -0.381112798200687
       306               3300.5   -0.381005662830268
       307               3300.6   -0.381078472005702
       308               3300.7     -0.3813854279574
       309               3300.8    -0.38185875531172
       310               3300.9   -0.382295942071272
       311                 3301   -0.382464678128052
       312               3301.1   -0.382222627932511
       313               3301.2   -0.381564203154098
       314               3301.3   -0.380614190553318
       315               3301.4   -0.379613244548618
       316               3301.5   -0.378871223536487
       317               3301.6   -0.378647212897851
       318               3301.7   -0.379003318256617
       319               3301.8    -0.37975148816492
       320               3301.9   -0.380555635960634
       321                 3302   -0.381118170142806
       322               3302.1   -0.381314328204612
       323               3302.2   -0.381194295993367
       324               3302.3   -0.380877215660304
       325               3302.4   -0.380425819455671
       326               3302.5    -0.37979458360485
       327               3302.6   -0.378892675265789
       328               3302.7     -0.3777111601591
       329               3302.8   -0.376404399860239
       330               3302.9    -0.37525919261328
       331                 3303   -0.374580485669705
       332               3303.1   -0.374563086667261
       333               3303.2   -0.375208761006254
       334               3303.3   -0.376342349630898
       335               3303.4   -0.377737042844724
       336               3303.5   -0.379250763838693
       337               3303.6   -0.380838443532137
       338               3303.7   -0.382437932696608
       339               3303.8   -0.383872446312954
       340               3303.9   -0.384876496475516
       341                 3304   -0.385212443067294
       342               3304.1   -0.384793035598224
       343               3304.2   -0.383756125980815
       344               3304.3   -0.382440377120195
       345               3304.4   -0.381227659905546
       346               3304.5   -0.380337924866895
       347               3304.6   -0.379763348965662
       348               3304.7   -0.379414391438497
       349               3304.8     -0.3793096695049
       350               3304.9   -0.379588314909442
       351                 3305    -0.38034206247072
       352               3305.1   -0.381468241732135
       353               3305.2   -0.382688838206227
       354               3305.3   -0.383686817803909
       355               3305.4   -0.384234004137579
       356               3305.5    -0.38425025866138
       357               3305.6   -0.383796369919779
       358               3305.7   -0.383018035973901
       359               3305.8   -0.382082470089259
       360               3305.9   -0.381162353035752
       361                 3306   -0.380458728237163
       362               3306.1   -0.380180783354626
       363               3306.2   -0.380448496569206
       364               3306.3   -0.381207480036333
       365               3306.4     -0.3822570082204
       366               3306.5   -0.383369144362404
       367               3306.6   -0.384394286444062
       368               3306.7   -0.385288744217124
       369               3306.8   -0.386066975650305
       370               3306.9   -0.386712819480105
       371                 3307   -0.387116004566582
       372               3307.1   -0.387113743555995
       373               3307.2   -0.386637328044587
       374               3307.3   -0.385831935138868
       375               3307.4   -0.385002069453875
       376               3307.5   -0.384402726173042
       377               3307.6   -0.384074678275508
       378               3307.7   -0.383884985029528
       379               3307.8   -0.383706611273425
       380               3307.9   -0.383527785555998
       381                 3308   -0.383392842935766
       382               3308.1   -0.383285591811619
       383               3308.2   -0.383111142178999
       384               3308.3   -0.382786987937986
       385               3308.4   -0.382328092876493
       386               3308.5   -0.381847659954239
       387               3308.6   -0.381505849308484
       388               3308.7    -0.38146145614666
       389               3308.8   -0.381816978008504
       390               3308.9   -0.382536421896128
       391                 3309   -0.383402054278877
       392               3309.1   -0.384113216620189
       393               3309.2   -0.384494963945832
       394               3309.3   -0.384613425329013
       395               3309.4   -0.384646670840784
       396               3309.5   -0.384633752015913
       397               3309.6   -0.384391854667686
       398               3309.7   -0.383710795113666
       399               3309.8   -0.382603036373443
       400               3309.9   -0.381316915765114
       401                 3310    -0.38010559241475
       402               3310.1   -0.379030422160893
       403               3310.2   -0.378013728990255
       404               3310.3    -0.37704225474945
       405               3310.4   -0.376259155654223
       406               3310.5   -0.375840073682411
       407               3310.6   -0.375798126067523
       408               3310.7   -0.375927352155819
       409               3310.8   -0.375954545318468
       410               3310.9   -0.375780827512244
       411                 3311   -0.375602590179854
       412               3311.1   -0.375779826540021
       413               3311.2   -0.376528785565778
       414               3311.3   -0.377686711191909
       415               3311.4   -0.378760648986639
       416               3311.5   -0.379238959836051
       417               3311.6   -0.378914898274026
       418               3311.7   -0.377962262680014
       419               3311.8   -0.376730187950109
       420               3311.9   -0.375470051675874
       421                 3312   -0.374237163327285
       422               3312.1   -0.373013559766199
       423               3312.2   -0.371882543029222
       424               3312.3   -0.371053328009033
       425               3312.4   -0.370702296812866
       426               3312.5   -0.370794296110066
       427               3312.6   -0.371072801095493
       428               3312.7   -0.371233487933122
       429               3312.8   -0.371107940517502
       430               3312.9   -0.370685724142054
       431                 3313    -0.36998404620346
       432               3313.1   -0.368928563389807
       433               3313.2   -0.367379566408378
       434               3313.3   -0.365282810352591
       435               3313.4   -0.362809686622797
       436               3313.5   -0.360357198335638
       437               3313.6   -0.358375394607985
       438               3313.7   -0.357119619529424
       439               3313.8   -0.356502293451434
       440               3313.9   -0.356155235202551
       441                 3314   -0.355645100291008
       442               3314.1   -0.354683528555041
       443               3314.2   -0.353230199586499
       444               3314.3   -0.351488564573668
       445               3314.4   -0.349814673825495
       446               3314.5    -0.34854569179866
       447               3314.6   -0.347804796632192
       448               3314.7   -0.347406438007048
       449               3314.8   -0.346947332235051
       450               3314.9   -0.346032720278561
       451                 3315   -0.344492820004234
       452               3315.1   -0.342468101168409
       453               3315.2   -0.340328894998263
       454               3315.3   -0.338474368003873
       455               3315.4   -0.337114973403708
       456               3315.5   -0.336162590438365
       457               3315.6   -0.335287989532592
       458               3315.7   -0.334084205678368
       459               3315.8   -0.332221209545717
       460               3315.9   -0.329543021359033
       461                 3316   -0.326124920873064
       462               3316.1   -0.322276657848877
       463               3316.2   -0.318440314053894
       464               3316.3   -0.315004594186934
       465               3316.4   -0.312157163893806
       466               3316.5   -0.309869596590342
       467               3316.6   -0.307982965261533
       468               3316.7   -0.306291260622287
       469               3316.8   -0.304565270671824
       470               3316.9   -0.302548306490596
       471                 3317   -0.299991559858224
       472               3317.1   -0.296744607148082
       473               3317.2   -0.292833789297892
       474               3317.3   -0.288453762386632
       475               3317.4   -0.283879378129321
       476               3317.5   -0.279368640981439
       477               3317.6    -0.27510651576997
       478               3317.7   -0.271191680968416
       479               3317.8   -0.267650409126486
       480               3317.9   -0.264455917145812
       481                 3318   -0.261532172954885
       482               3318.1   -0.258751066802493
       483               3318.2   -0.255956922748935
       484               3318.3   -0.253019103943019
       485               3318.4   -0.249866316517145
       486               3318.5   -0.246479414526318
       487               3318.6   -0.242880388119512
       488               3318.7   -0.239147411728341
       489               3318.8   -0.235418594976996
       490               3318.9    -0.23184126334658
       491                 3319   -0.228501659655626
       492               3319.1   -0.225406093266551
       493               3319.2   -0.222518036939953
       494               3319.3   -0.219794645852049
       495               3319.4   -0.217194157328263
       496               3319.5   -0.214669379263522
       497               3319.6   -0.212155437664346
       498               3319.7     -0.2095617139258
       499               3319.8   -0.206816698301762
       500               3319.9   -0.203992105152389
       501                 3320   -0.201414803909133
       502               3320.1   -0.199613475723184
       503               3320.2   -0.199069210457794
       504               3320.3    -0.19993422836388
       505               3320.4   -0.201929641151797
       506               3320.5   -0.204483827296591
       507               3320.6   -0.206993364367947
       508               3320.7   -0.209040181537327
       509               3320.8   -0.210476865132037
       510               3320.9   -0.211390496932025
       511                 3321   -0.212008565382195
       512               3321.1   -0.212618486615112
       513               3321.2   -0.213538518551789
       514               3321.3   -0.215107351996828
       515               3321.4   -0.217612152239784
       516               3321.5   -0.221132970682554
       517               3321.6   -0.225421982595628
       518               3321.7   -0.229991128340689
       519               3321.8   -0.234421080137952
       520               3321.9   -0.238654432807382
       521                 3322   -0.242997193906122
       522               3322.1   -0.247823226465842
       523               3322.2   -0.253269216588851
       524               3322.3   -0.259184503575741
       525               3322.4   -0.265309256280694
       526               3322.5   -0.271452684813014
       527               3322.6   -0.277521044027262
       528               3322.7   -0.283442751555783
       529               3322.8   -0.289122887056694
       530               3322.9    -0.29448597874145
       531                 3323   -0.299542672836391
       532               3323.1   -0.304376673895902
       533               3323.2   -0.309046349268832
       534               3323.3   -0.313518200465407
       535               3323.4   -0.317718024278969
       536               3323.5    -0.32162206120844
       537               3323.6   -0.325254721314125
       538               3323.7   -0.328607241497146
       539               3323.8   -0.331616344341755
       540               3323.9   -0.334249018516727
       541                 3324   -0.336582081022823
       542               3324.1   -0.338780214315479
       543               3324.2   -0.341009841259842
       544               3324.3   -0.343373882215844
       545               3324.4   -0.345892490715421
       546               3324.5   -0.348507730964907
       547               3324.6   -0.351094901521097
       548               3324.7   -0.353480179688905
       549               3324.8   -0.355479304021088
       550               3324.9   -0.356973618476656
       551                 3325   -0.357996342287687
       552               3325.1   -0.358744525691988
       553               3325.2   -0.359462057501176
       554               3325.3   -0.360271095264215
       555               3325.4   -0.361112331155965
       556               3325.5   -0.361854725133743
       557               3325.6    -0.36244826711918
       558               3325.7   -0.362947876000203
       559               3325.8   -0.363393150324877
       560               3325.9   -0.363697120535448
       561                 3326   -0.363684497284069
       562               3326.1   -0.363255134578696
       563               3326.2   -0.362514388083395
       564               3326.3   -0.361734962393998
       565               3326.4    -0.36116491835598
       566               3326.5   -0.360836704580027
       567               3326.6    -0.36053283556233
       568               3326.7   -0.359920914662551
       569               3326.8   -0.358730370652187
       570               3326.9   -0.356852785186435
       571                 3327   -0.354366762009943
       572               3327.1   -0.351539113648711
       573               3327.2   -0.348783957017569
       574               3327.3   -0.346521249448737
       575               3327.4    -0.34497363395755
       576               3327.5   -0.344057798543053
       577               3327.6    -0.34348842334344
       578               3327.7   -0.343027330976519
       579               3327.8   -0.342662197639648
       580               3327.9   -0.342552220543563
       581                 3328   -0.342801495132226
       582               3328.1    -0.34328932727134
       583               3328.2   -0.343714979899508
       584               3328.3   -0.343793516320412
       585               3328.4    -0.34342196489031
       586               3328.5    -0.34270527054675
       587               3328.6    -0.34185768088002
       588               3328.7   -0.341065235776804
       589               3328.8   -0.340399949093748
       590               3328.9   -0.339819038630955
       591                 3329   -0.339200129957193
       592               3329.1   -0.338358603597791
       593               3329.2   -0.337079264996487
       594               3329.3   -0.335226746421627
       595               3329.4   -0.332901015592574
       596               3329.5   -0.330509142832218
       597               3329.6   -0.328667794945409
       598               3329.7   -0.327975699182732
       599               3329.8   -0.328768202097844
       600               3329.9   -0.330959776909796
       601                 3330   -0.334046972889525
       602               3330.1   -0.337293893368194
       603               3330.2   -0.340029474841064
       604               3330.3    -0.34189863826466
       605               3330.4   -0.342935950472736
       606               3330.5    -0.34346604940483
       607               3330.6   -0.343929806359822
       608               3330.7   -0.344717267285971
       609               3330.8    -0.34605612529278
       610               3330.9   -0.348005632754835
       611                 3331   -0.350549202846152
       612               3331.1    -0.35367231335762
       613               3331.2    -0.35732671827749
       614               3331.3   -0.361345540044947
       615               3331.4   -0.365461019795341
       616               3331.5   -0.369451428216693
       617               3331.6   -0.373282164261145
       618               3331.7   -0.377120828927217
       619               3331.8   -0.381240116837635
       620               3331.9   -0.385885914026157
       621                 3332   -0.391153293098498
       622               3332.1    -0.39689738293596
       623               3332.2    -0.40274177887386
       624               3332.3   -0.408235080945347
       625               3332.4   -0.413094450584723
       626               3332.5   -0.417369467060654
       627               3332.6   -0.421400284097971
       628               3332.7   -0.425614502643737
       629               3332.8   -0.430335341063126
       630               3332.9   -0.435732111288115
       631                 3333   -0.441885947905614
       632               3333.1   -0.448831410068067
       633               3333.2   -0.456485116778958
       634               3333.3   -0.464545541262512
       635               3333.4    -0.47254009051974
       636               3333.5   -0.480050124246191
       637               3333.6   -0.486913441853052
       638               3333.7   -0.493205484176782
       639               3333.8   -0.499053626735092
       640               3333.9   -0.504504540268065
       641                 3334   -0.509547695643528
       642               3334.1   -0.514204260299493
       643               3334.2   -0.518562423129089
       644               3334.3   -0.522735503050976
       645               3334.4   -0.526787445631271
       646               3334.5   -0.530686226317795
       647               3334.6   -0.534333589767846
       648               3334.7   -0.537658820408555
       649               3334.8   -0.540686358639173
       650               3334.9   -0.543497661263166
       651                 3335   -0.546119851994558
       652               3335.1   -0.548454600860762
       653               3335.2   -0.550314578009412
       654               3335.3   -0.551528694642474
       655               3335.4     -0.5520272358676
       656               3335.5   -0.551846426988444
       657               3335.6   -0.551054163557452
       658               3335.7   -0.549660308690434
       659               3335.8   -0.547597084346178
       660               3335.9   -0.544793056482793
       661                 3336   -0.541263215428925
       662               3336.1   -0.537125820349491
       663               3336.2   -0.532553988272954
       664               3336.3   -0.527729828942524
       665               3336.4   -0.522808504052585
       666               3336.5    -0.51784168763732
       667               3336.6    -0.51267671226002
       668               3336.7   -0.506949334784465
       669               3336.8   -0.500250953979034
       670               3336.9    -0.49237949253184
       671                 3337   -0.483472760053488
       672               3337.1    -0.47391421781432
       673               3337.2    -0.46409638590117
       674               3337.3   -0.454220214570394
       675               3337.4   -0.444246159747285
       676               3337.5   -0.434006110769776
       677               3337.6   -0.423402182367464
       678               3337.7   -0.412549263037596
       679               3337.8   -0.401725514111116
       680               3337.9   -0.391154353608717
       681                 3338   -0.380827876952697
       682               3338.1   -0.370557231608243
       683               3338.2   -0.360192912900245
       684               3338.3   -0.349775314851143
       685               3338.4   -0.339464908913956
       686               3338.5   -0.329346460552216
       687               3338.6   -0.319320764929988
       688               3338.7    -0.30917686156587
       689               3338.8   -0.298737276279229
       690               3338.9   -0.287919385896624
       691                 3339   -0.276693819603955
       692               3339.1   -0.265051457617409
       693               3339.2   -0.253040661706005
       694               3339.3   -0.240792306083479
       695               3339.4   -0.228440041046565
       696               3339.5   -0.215997717859155
       697               3339.6   -0.203349340910978
       698               3339.7   -0.190387191266536
       699               3339.8   -0.177152061718878
       700               3339.9   -0.163826923610138
       701                 3340   -0.150607159009536
       702               3340.1   -0.137590152647638
       703               3340.2   -0.124766368253413
       704               3340.3   -0.112068374718866
       705               3340.4  -0.0994045591112726
       706               3340.5    -0.08666780176615
       707               3340.6    -0.07375221148016
       708               3340.7   -0.060580203365133
       709               3340.8  -0.0471000702846249
       710               3340.9  -0.0332434641217374
       711                 3341  -0.0189088921865825
       712               3341.1   -0.004037851243908
       713               3341.2   0.0112644277965605
       714               3341.3   0.0266966483055335
       715               3341.4   0.0418768864178126
       716               3341.5   0.0565228210799278
       717               3341.6   0.0705675692172797
       718               3341.7   0.0841388427306119
       719               3341.8   0.0974078107715205
       720               3341.9    0.110399753945864
       721                 3342    0.122919481243999
       722               3342.1    0.134669071618816
       723               3342.2     0.14543960512434
       724               3342.3    0.155171064684159
       725               3342.4    0.163825274119678
       726               3342.5    0.171214227876948
       727               3342.6    0.176933811309123
       728               3342.7    0.180419699429053
       729               3342.8     0.18106790463275
       730               3342.9    0.178378588308488
       731                 3343    0.172079602021057
       732               3343.1     0.16216342083813
       733               3343.2    0.148820119022337
       734               3343.3    0.132337199561831
       735               3343.4    0.113030962412232
       736               3343.5   0.0911915412592754
       737               3343.6   0.0670232055609367
       738               3343.7   0.0406418911216855
       739               3343.8   0.0121701011350273
       740               3343.9  -0.0181689617251549
       741                 3344  -0.0500815529141081
       742               3344.1  -0.0833170020237937
       743               3344.2   -0.117711968873019
       744               3344.3   -0.153123050100517
       745               3344.4   -0.189359057595723
       746               3344.5   -0.226191529477023
       747               3344.6   -0.263375231617855
       748               3344.7   -0.300582934871738
       749               3344.8   -0.337295017329961
       750               3344.9   -0.372797888542224
       751                 3345   -0.406374733832536
       752               3345.1   -0.437577471148483
       753               3345.2     -0.4663618794151
       754               3345.3   -0.492975924919932
       755               3345.4   -0.517711143491705
       756               3345.5    -0.54073337409663
       757               3345.6   -0.562100234441549
       758               3345.7   -0.581875245751868
       759               3345.8   -0.600173781772015
       760               3345.9   -0.617092223898067
       761                 3346   -0.632631913956242
       762               3346.1   -0.646733878343718
       763               3346.2   -0.659380275627235
       764               3346.3   -0.670614941783744
       765               3346.4   -0.680452817495177
       766               3346.5   -0.688829085092807
       767               3346.6   -0.695702951512861
       768               3346.7   -0.701208854800231
       769               3346.8   -0.705660018402748
       770               3346.9   -0.709382809583588
       771                 3347   -0.712548242177807
       772               3347.1   -0.715136100304149
       773               3347.2   -0.717010447380616
       774               3347.3   -0.718015188662163
       775               3347.4   -0.718036439386478
       776               3347.5   -0.717018819147113
       777               3347.6   -0.714948848434448
       778               3347.7   -0.711858663077573
       779               3347.8   -0.707889195128347
       780               3347.9   -0.703343015678762
       781                 3348   -0.698602255078773
       782               3348.1   -0.693922535422135
       783               3348.2   -0.689288071831826
       784               3348.3   -0.684472624426809
       785               3348.4   -0.679233343748337
       786               3348.5   -0.673448029605828
       787               3348.6   -0.667107511750751
       788               3348.7   -0.660233158472365
       789               3348.8   -0.652833052831815
       790               3348.9   -0.644934966689052
       791                 3349   -0.636633358021367
       792               3349.1   -0.628058897375068
       793               3349.2   -0.619265498782914
       794               3349.3   -0.610147062272629
       795               3349.4   -0.600491223642381
       796               3349.5   -0.590136841978728
       797               3349.6   -0.579095624078685
       798               3349.7   -0.567550232879864
       799               3349.8    -0.55577087121703
       800               3349.9   -0.544048732045578
       801                 3350   -0.532694007062755
       802               3350.1   -0.522061194072953
       803               3350.2    -0.51251908440709
       804               3350.3    -0.50431867316366
       805               3350.4   -0.497424466781965
       806               3350.5   -0.491466857980457
       807               3350.6    -0.48591557878022
       808               3350.7   -0.480379674000161
       809               3350.8   -0.474799918971614
       810               3350.9   -0.469374392548882
       811                 3351   -0.464288581642162
       812               3351.1   -0.459499278413552
       813               3351.2   -0.454782103848644
       814               3351.3   -0.450008639988559
       815               3351.4   -0.445380695607682
       816               3351.5   -0.441368855605323
       817               3351.6   -0.438390869067696
       818               3351.7    -0.43652014582818
       819               3351.8   -0.435465327330681
       820               3351.9   -0.434801081053655
       821                 3352   -0.434248859518936
       822               3352.1    -0.43381937266473
       823               3352.2   -0.433744971902038
       824               3352.3   -0.434263388379912
       825               3352.4   -0.435417426238448
       826               3352.5   -0.437028616379554
       827               3352.6   -0.438854839714056
       828               3352.7   -0.440774799340825
       829               3352.8   -0.442828375274657
       830               3352.9    -0.44509948431338
       831                 3353   -0.447585300589965
       832               3353.1   -0.450181975050252
       833               3353.2   -0.452765535689321
       834               3353.3   -0.455252315117643
       835               3353.4    -0.45758868000323
       836               3353.5   -0.459726802621447
       837               3353.6   -0.461636294900055
       838               3353.7   -0.463316765350635
       839               3353.8   -0.464768033937181
       840               3353.9   -0.465957363077293
       841                 3354   -0.466848744233817
       842               3354.1   -0.467469968017723
       843               3354.2   -0.467923826857315
       844               3354.3   -0.468311085486362
       845               3354.4   -0.468641030010283
       846               3354.5   -0.468820607571149
       847               3354.6   -0.468733077072177
       848               3354.7   -0.468340759895276
       849               3354.8   -0.467730386750977
       850               3354.9   -0.467056260720581
       851                 3355    -0.46641139244905
       852               3355.1   -0.465734732342908
       853               3355.2   -0.464860175016839
       854               3355.3   -0.463686724567794
       855               3355.4   -0.462308628631007
       856               3355.5   -0.460969477069737
       857               3355.6   -0.459898465465639
       858               3355.7   -0.459213568346347
       859               3355.8   -0.458961513367163
       860               3355.9   -0.459172694793618
       861                 3356   -0.459820324064875
       862               3356.1   -0.460750743008477
       863               3356.2   -0.461704813047023
       864               3356.3     -0.4624095722925
       865               3356.4   -0.462635236077677
       866               3356.5   -0.462216077038044
       867               3356.6   -0.461119638465239
       868               3356.7   -0.459543746933244
       869               3356.8   -0.457894411815407
       870               3356.9   -0.456584387755249
       871                 3357   -0.455796635811313
       872               3357.1   -0.455399593683551
       873               3357.2   -0.455045376940937
       874               3357.3   -0.454349197801277
       875               3357.4   -0.453059485099516
       876               3357.5   -0.451180768259626
       877               3357.6   -0.449006912384194
       878               3357.7   -0.447009966151031
       879               3357.8   -0.445593234546737
       880               3357.9   -0.444839537176084
       881                 3358   -0.444449245757384
       882               3358.1   -0.443955323963877
       883               3358.2   -0.443065775601801
       884               3358.3   -0.441841288687334
       885               3358.4   -0.440553542360277
       886               3358.5   -0.439381152709862
       887               3358.6   -0.438257188829208
       888               3358.7     -0.4370067712112
       889               3358.8   -0.435603289652405
       890               3358.9   -0.434270071252941
       891                 3359   -0.433339845987711
       892               3359.1   -0.433016552199048
       893               3359.2   -0.433234071746974
       894               3359.3   -0.433688022792757
       895               3359.4   -0.433980474342238
       896               3359.5   -0.433768825923206
       897               3359.6   -0.432854101202375
       898               3359.7   -0.431209485104723
       899               3359.8    -0.42896644612198
       900               3359.9   -0.426358410094533
       901                 3360   -0.423632349379323
       902               3360.1   -0.420970963856295
       903               3360.2   -0.418466761079937
       904               3360.3   -0.416154519924835
       905               3360.4    -0.41408177566635
       906               3360.5   -0.412378018009294
       907               3360.6   -0.411260226135703
       908               3360.7   -0.410929365529986
       909               3360.8   -0.411406021118813
       910               3360.9   -0.412444456588435
       911                 3361   -0.413624165729644
       912               3361.1   -0.414558528286249
       913               3361.2   -0.415055119736898
       914               3361.3     -0.4151259792152
       915               3361.4   -0.414890465040787
       916               3361.5   -0.414482025232693
       917               3361.6   -0.414021315808384
       918               3361.7   -0.413624917325031
       919               3361.8   -0.413377981964171
       920               3361.9   -0.413257750070297
       921                 3362    -0.41309525841761
       922               3362.1   -0.412672054448595
       923               3362.2   -0.411916694233259
       924               3362.3   -0.411024598537988
       925               3362.4   -0.410357512176469
       926               3362.5   -0.410185039846525
       927               3362.6   -0.410494620332651
       928               3362.7   -0.411030828293543
       929               3362.8    -0.41150069411485
       930               3362.9   -0.411743263349674
       931                 3363   -0.411739625786518
       932               3363.1   -0.411518944186716
       933               3363.2   -0.411092154467092
       934               3363.3   -0.410460944297386
       935               3363.4   -0.409639684692474
       936               3363.5   -0.408631600475895
       937               3363.6   -0.407388750196988
       938               3363.7   -0.405822608548338
       939               3363.8   -0.403870842526016
       940               3363.9   -0.401562150854794
       941                 3364   -0.399042154427207
       942               3364.1   -0.396575836815147
       943               3364.2   -0.394528082274508
       944               3364.3   -0.393281651309832
       945               3364.4   -0.393097045216514
       946               3364.5   -0.394014882057039
       947               3364.6   -0.395883148527352
       948               3364.7   -0.398450862414871
       949               3364.8   -0.401406783377662
       950               3364.9   -0.404353463588731
       951                 3365   -0.406823942331295
       952               3365.1   -0.408400552489133
       953               3365.2   -0.408866981025371
       954               3365.3   -0.408296842758794
       955               3365.4   -0.407048489631618
       956               3365.5   -0.405663271908874
       957               3365.6   -0.404655313604552
       958               3365.7   -0.404253284235129
       959               3365.8   -0.404273162893462
       960               3365.9     -0.4042635714172
       961                 3366   -0.403829961094467
       962               3366.1    -0.40286779053317
       963               3366.2   -0.401546990057279
       964               3366.3   -0.400152807877571
       965               3366.4   -0.398969399553939
       966               3366.5   -0.398231672780954
       967               3366.6   -0.398049430295244
       968               3366.7    -0.39830821696235
       969               3366.8   -0.398686188199686
       970               3366.9   -0.398849240449218
       971                 3367   -0.398674880524663
       972               3367.1   -0.398291953987707
       973               3367.2   -0.397902577376803
       974               3367.3   -0.397570679810623
       975               3367.4   -0.397180381385462
       976               3367.5   -0.396582632159638
       977               3367.6   -0.395767669068649
       978               3367.7   -0.394899935318297
       979               3367.8   -0.394201963242461
       980               3367.9   -0.393808199548719
       981                 3368   -0.393715900801732
       982               3368.1   -0.393862351907645
       983               3368.2   -0.394247312665609
       984               3368.3   -0.394974662063199
       985               3368.4   -0.396152332198638
       986               3368.5   -0.397733773464089
       987               3368.6   -0.399462824637219
       988               3368.7    -0.40098004202757
       989               3368.8   -0.401976541697306
       990               3368.9    -0.40226813409577
       991                 3369   -0.401801216629334
       992               3369.1   -0.400662739045966
       993               3369.2    -0.39908304146245
       994               3369.3   -0.397374285508444
       995               3369.4   -0.395819803306039
       996               3369.5   -0.394581153180165
       997               3369.6   -0.393650955052707
       998               3369.7    -0.39285736751318
       999               3369.8    -0.39195114085851
      1000               3369.9   -0.390768624833315
      1001                 3370   -0.389363741738394
      1002               3370.1   -0.387995957214748
      1003               3370.2   -0.386992992978756
      1004               3370.3    -0.38661243191246
      1005               3370.4   -0.386982042292484
      1006               3370.5   -0.388089080664211
      1007               3370.6   -0.389760294141902
      1008               3370.7   -0.391643087963914
      1009               3370.8   -0.393261726498641
      1010               3370.9   -0.394190939787113
      1011                 3371   -0.394273673529437
      1012               3371.1   -0.393718280173682
      1013               3371.2   -0.392962622526949
      1014               3371.3   -0.392382668769267
      1015               3371.4   -0.392074409851876
      1016               3371.5   -0.391873933999105
      1017               3371.6   -0.391555857181726
      1018               3371.7   -0.391008617148028
      1019               3371.8   -0.390260249377805
      1020               3371.9   -0.389400665875618
      1021                 3372   -0.388526049089943
      1022               3372.1   -0.387766309757907
      1023               3372.2   -0.387336478540137
      1024               3372.3    -0.38750187097631
      1025               3372.4   -0.388428894208085
      1026               3372.5   -0.390037770744208
      1027               3372.6   -0.392011778167614
      1028               3372.7   -0.393975727736354
      1029               3372.8   -0.395681841247211
      1030               3372.9   -0.397043582059904
      1031                 3373   -0.398037692021354
      1032               3373.1   -0.398632953630992
      1033               3373.2   -0.398839867236204
      1034               3373.3   -0.398803025593661
      1035               3373.4    -0.39879733865389
      1036               3373.5   -0.399104274873082
      1037               3373.6   -0.399875987213531
      1038               3373.7    -0.40108916242019
      1039               3373.8   -0.402590132639689
      1040               3373.9   -0.404175452722236
      1041                 3374   -0.405667946327943
      1042               3374.1   -0.406968222477451
      1043               3374.2   -0.408057927257608
      1044               3374.3   -0.408945265191367
      1045               3374.4   -0.409597762499921
      1046               3374.5    -0.40994712900736
      1047               3374.6   -0.409996306212479
      1048               3374.7   -0.409926161549513
      1049               3374.8   -0.410045095947592
      1050               3374.9   -0.410571615534149
      1051                 3375   -0.411454264863309
      1052               3375.1   -0.412431351865366
      1053               3375.2   -0.413276170299786
      1054               3375.3   -0.413974492778716
      1055               3375.4   -0.414683104539351
      1056               3375.5   -0.415559603979762
      1057               3375.6   -0.416633174704088
      1058               3375.7   -0.417783775459014
      1059               3375.8   -0.418810094506878
      1060               3375.9   -0.419558301964586
      1061                 3376   -0.420053823642295
      1062               3376.1   -0.420523759767402
      1063               3376.2   -0.421249176223193
      1064               3376.3   -0.422352872783368
      1065               3376.4   -0.423715421057422
      1066               3376.5   -0.425095074720549
      1067               3376.6   -0.426337975570589
      1068               3376.7    -0.42750260817772
      1069               3376.8     -0.4288100614922
      1070               3376.9   -0.430464459432332
      1071                 3377   -0.432479061881004
      1072               3377.1   -0.434638830373826
      1073               3377.2   -0.436619546392912
      1074               3377.3   -0.438160210038515
      1075               3377.4    -0.43916822451219
      1076               3377.5   -0.439714581898177
      1077               3377.6   -0.439946317758813
      1078               3377.7   -0.439974254298822
      1079               3377.8    -0.43981518249299
      1080               3377.9    -0.43944733734625
      1081                 3378   -0.438933283861527
      1082               3378.1    -0.43846888078083
      1083               3378.2   -0.438279287758484
      1084               3378.3   -0.438459320324462
      1085               3378.4   -0.438921696024064
      1086               3378.5    -0.43948304691495
      1087               3378.6   -0.439967362107538
      1088               3378.7   -0.440230585752781
      1089               3378.8   -0.440146349921618
      1090               3378.9   -0.439646344782011
      1091                 3379   -0.438820633063195
      1092               3379.1   -0.437967979189979
      1093               3379.2   -0.437480601553386
      1094               3379.3   -0.437587889987968
      1095               3379.4   -0.438156677194711
      1096               3379.5   -0.438751728983533
      1097               3379.6       -0.43893608945
      1098               3379.7   -0.438555769732412
      1099               3379.8   -0.437778222402114
      1100               3379.9   -0.436903322094915
      1101                 3380   -0.436143154062164
      1102               3380.1   -0.435517963729487
      1103               3380.2   -0.434882171648127
      1104               3380.3   -0.434040355052749
      1105               3380.4   -0.432905570307932
      1106               3380.5   -0.431611104268439
      1107               3380.6   -0.430473294328469
      1108               3380.7    -0.42980815190895
      1109               3380.8   -0.429746457918276
      1110               3380.9   -0.430192660493878
      1111                 3381   -0.430918661398539
      1112               3381.1    -0.43166792857158
      1113               3381.2   -0.432202766430412
      1114               3381.3   -0.432341639886372
      1115               3381.4   -0.432021189214982
      1116               3381.5   -0.431317430258463
      1117               3381.6   -0.430362655605501
      1118               3381.7   -0.429220099924036
      1119               3381.8   -0.427841572276057
      1120               3381.9   -0.426141623025212
      1121                 3382   -0.424106401867599
      1122               3382.1   -0.421847241377663
      1123               3382.2   -0.419573343866806
      1124               3382.3   -0.417509883103961
      1125               3382.4   -0.415811040634405
      1126               3382.5   -0.414514974795603
      1127               3382.6   -0.413551659033908
      1128               3382.7   -0.412779386870731
      1129               3382.8    -0.41203515563128
      1130               3382.9   -0.411201388179777
      1131                 3383   -0.410259244431814
      1132               3383.1   -0.409268271414892
      1133               3383.2   -0.408273638982265
      1134               3383.3   -0.407241302563207
      1135               3383.4   -0.406104472754106
      1136               3383.5   -0.404866025877721
      1137               3383.6    -0.40362502588792
      1138               3383.7    -0.40249335780556
      1139               3383.8   -0.401511473859801
      1140               3383.9   -0.400669346933747
      1141                 3384   -0.399996470915938
      1142               3384.1   -0.399589522959722
      1143               3384.2   -0.399519116814569
      1144               3384.3   -0.399710785049324
      1145               3384.4   -0.399948142579764
      1146               3384.5   -0.400026963261821
      1147               3384.6   -0.399913972273841
      1148               3384.7   -0.399731412514094
      1149               3384.8    -0.39956908252897
      1150               3384.9    -0.39933570692289
      1151                 3385   -0.398830560316899
      1152               3385.1   -0.397950908645514
      1153               3385.2   -0.396787524309913
      1154               3385.3   -0.395520757367979
      1155               3385.4   -0.394288614144763
      1156               3385.5   -0.393200372208593
      1157               3385.6   -0.392435171016942
      1158               3385.7   -0.392236322441514
      1159               3385.8   -0.392753361981704
      1160               3385.9   -0.393884670781191
      1161                 3386   -0.395276605194894
      1162               3386.1   -0.396470643808518
      1163               3386.2   -0.397078233944666
      1164               3386.3   -0.396897400760478
      1165               3386.4   -0.395958551604633
      1166               3386.5   -0.394499929332709
      1167               3386.6   -0.392867776685424
      1168               3386.7    -0.39137830055863
      1169               3386.8   -0.390223407912343
      1170               3386.9   -0.389469155980246
      1171                 3387   -0.389111893615771
      1172               3387.1   -0.389123613292554
      1173               3387.2   -0.389459755130269
      1174               3387.3   -0.390047116043118
      1175               3387.4   -0.390771763179314
      1176               3387.5   -0.391479956187775
      1177               3387.6   -0.392011853051979
      1178               3387.7   -0.392273178307128
      1179               3387.8   -0.392299990960027
      1180               3387.9   -0.392245219071478
      1181                 3388   -0.392265599885067
      1182               3388.1   -0.392379183090046
      1183               3388.2   -0.392411032539925
      1184               3388.3   -0.392093949578287
      1185               3388.4   -0.391261555721169
      1186               3388.5   -0.389968029087999
      1187               3388.6   -0.388419820553734
      1188               3388.7   -0.386798700750887
      1189               3388.8   -0.385184372995878
      1190               3388.9   -0.383668480673012
      1191                 3389   -0.382504391160026
      1192               3389.1   -0.382065306453006
      1193               3389.2   -0.382590797715665
      1194               3389.3   -0.383942913999399
      1195               3389.4   -0.385595712336435
      1196               3389.5   -0.386879520525167
      1197               3389.6   -0.387321357101141
      1198               3389.7   -0.386881023599437
      1199               3389.8   -0.385944975821146
      1200               3389.9   -0.385074859976583
      1201                 3390   -0.384671279461348
      1202               3390.1   -0.384776588343773
      1203               3390.2   -0.385121408590424
      1204               3390.3   -0.385334518287763
      1205               3390.4   -0.385161804205511
      1206               3390.5   -0.384591874017405
      1207               3390.6     -0.3838562701292
      1208               3390.7    -0.38331427590474
      1209               3390.8   -0.383274896047317
      1210               3390.9   -0.383846468831938
      1211                 3391    -0.38489325745726
      1212               3391.1   -0.386116889901446
      1213               3391.2   -0.387213015514779
      1214               3391.3   -0.388012380191251
      1215               3391.4   -0.388520008258185
      1216               3391.5   -0.388834878961562
      1217               3391.6   -0.389030110749343
      1218               3391.7   -0.389101345222605
      1219               3391.8   -0.389009093054106
      1220               3391.9    -0.38874637748363
      1221                 3392   -0.388362400844702
      1222               3392.1   -0.387937195624571
      1223               3392.2   -0.387538178878718
      1224               3392.3   -0.387185868589869
      1225               3392.4   -0.386853549804088
      1226               3392.5   -0.386510589227038
      1227               3392.6   -0.386168337785082
      1228               3392.7   -0.385864219754305
      1229               3392.8   -0.385588562246585
      1230               3392.9   -0.385245237884892
      1231                 3393   -0.384709912864995
      1232               3393.1    -0.38393060773309
      1233               3393.2   -0.382966466218344
      1234               3393.3   -0.381945071019821
      1235               3393.4   -0.381008847359067
      1236               3393.5   -0.380298066056496
      1237               3393.6   -0.379941136971131
      1238               3393.7   -0.380015394392908
      1239               3393.8   -0.380500290176653
      1240               3393.9   -0.381271901542506
      1241                 3394   -0.382150364884187
      1242               3394.1   -0.382967797235529
      1243               3394.2   -0.383618529733373
      1244               3394.3   -0.384074629325933
      1245               3394.4   -0.384371856462763
      1246               3394.5   -0.384583165278363
      1247               3394.6   -0.384796549790098
      1248               3394.7   -0.385102384041728
      1249               3394.8   -0.385575486526214
      1250               3394.9   -0.386227549509634
      1251                 3395   -0.386943660386433
      1252               3395.1    -0.38748708560922
      1253               3395.2   -0.387641956892829
      1254               3395.3   -0.387405878740132
      1255               3395.4   -0.387024886468374
      1256               3395.5   -0.386796130247291
      1257               3395.6   -0.386826405449691
      1258               3395.7   -0.386984518373047
      1259               3395.8   -0.387058387551535
      1260               3395.9   -0.386925990267219
      1261                 3396   -0.386596989293916
      1262               3396.1   -0.386158659994394
      1263               3396.2   -0.385732075177851
      1264               3396.3   -0.385462990505956
      1265               3396.4   -0.385476472029092
      1266               3396.5   -0.385757877481785
      1267               3396.6   -0.386061215394268
      1268               3396.7   -0.385998187516759
      1269               3396.8   -0.385302521433301
      1270               3396.9   -0.384050278479303
      1271                 3397   -0.382623294842059
      1272               3397.1   -0.381449998907145
      1273               3397.2   -0.380764130582582
      1274               3397.3   -0.380564393159135
      1275               3397.4   -0.380732878290158
      1276               3397.5    -0.38114004209178
      1277               3397.6   -0.381644407799981
      1278               3397.7   -0.382056403669774
      1279               3397.8   -0.382180375709234
      1280               3397.9   -0.381934365378797
      1281                 3398    -0.38142325485886
      1282               3398.1   -0.380869944494884
      1283               3398.2   -0.380464517875152
      1284               3398.3   -0.380279183472327
      1285               3398.4   -0.380307625561933
      1286               3398.5    -0.38054643504402
      1287               3398.6    -0.38102063156741
      1288               3398.7   -0.381746412984014
      1289               3398.8   -0.382677501124495
      1290               3398.9   -0.383666957399193
      1291                 3399    -0.38447577876934
      1292               3399.1   -0.384869232109673
      1293               3399.2   -0.384775931028997
      1294               3399.3   -0.384376479679385
      1295               3399.4   -0.384000359940425
      1296               3399.5   -0.383885122812719
      1297               3399.6   -0.384005464096764
      1298               3399.7   -0.384125103581898
      1299               3399.8   -0.384015984087799
      1300               3399.9   -0.383644348427189
      1301                 3400   -0.383168793549378
      1302               3400.1   -0.382770211292639
      1303               3400.2    -0.38248143530759
      1304               3400.3   -0.382180309263193
      1305               3400.4   -0.381751539712905
      1306               3400.5   -0.381252814673109
      1307               3400.6   -0.380909144751351
      1308               3400.7   -0.380924834364468
      1309               3400.8   -0.381284139432569
      1310               3400.9   -0.381731251893909
      1311                 3401   -0.381953714554333
      1312               3401.1    -0.38179876877297
      1313               3401.2   -0.381329133798832
      1314               3401.3   -0.380701399979718
      1315               3401.4    -0.38002743174711
      1316               3401.5   -0.379357366284336
      1317               3401.6   -0.378749898958811
      1318               3401.7   -0.378296592618583
      1319               3401.8   -0.378053203395081
      1320               3401.9    -0.37797323219094
      1321                 3402    -0.37794520059962
      1322               3402.1   -0.377900958153873
      1323               3402.2   -0.377874551891624
      1324               3402.3   -0.377962800979904
      1325               3402.4   -0.378248612892869
      1326               3402.5   -0.378746533229386
      1327               3402.6   -0.379373078010544
      1328               3402.7   -0.379954866006849
      1329               3402.8   -0.380314227637194
      1330               3402.9   -0.380402176455883
      1331                 3403   -0.380353579751784
      1332               3403.1   -0.380380712798375
      1333               3403.2   -0.380580652894343
      1334               3403.3   -0.380827280010787
      1335               3403.4   -0.380850659757751
      1336               3403.5    -0.38044893885127
      1337               3403.6   -0.379665595428607
      1338               3403.7   -0.378787397783372
      1339               3403.8   -0.378166262295409
      1340               3403.9   -0.378015954325375
      1341                 3404   -0.378340411000394
      1342               3404.1   -0.379017095746573
      1343               3404.2   -0.379929067389798
      1344               3404.3    -0.38102360227922
      1345               3404.4   -0.382260628387982
      1346               3404.5   -0.383521365154377
      1347               3404.6   -0.384588855452258
      1348               3404.7   -0.385243395231641
      1349               3404.8   -0.385400786892998
      1350               3404.9   -0.385179263074065
      1351                 3405   -0.384842050211427
      1352               3405.1   -0.384654776858483
      1353               3405.2   -0.384752865230534
      1354               3405.3   -0.385103063610712
      1355               3405.4   -0.385565578513403
      1356               3405.5   -0.385987135775191
      1357               3405.6   -0.386264231912137
      1358               3405.7   -0.386378321822304
      1359               3405.8   -0.386414827369612
      1360               3405.9   -0.386533591759065
      1361                 3406    -0.38686473478597
      1362               3406.1   -0.387388908337371
      1363               3406.2   -0.387911299772923
      1364               3406.3   -0.388160596209301
      1365               3406.4   -0.387918336184896
      1366               3406.5   -0.387076841272561
      1367               3406.6   -0.385641618031947
      1368               3406.7   -0.383752051093441
      1369               3406.8   -0.381704551865909
      1370               3406.9   -0.379889126268125
      1371                 3407   -0.378635774163803
      1372               3407.1   -0.378086636371928
      1373               3407.2   -0.378184748864942
      1374               3407.3   -0.378751046611833
      1375               3407.4   -0.379568237240235
      1376               3407.5    -0.38042502005836
      1377               3407.6   -0.381120355518929
      1378               3407.7     -0.3814627995242
      1379               3407.8   -0.381316960846013
      1380               3407.9   -0.380694525304147
      1381                 3408   -0.379787827684095
      1382               3408.1   -0.378858435237896
      1383               3408.2   -0.378068419039706
      1384               3408.3   -0.377452065181708
      1385               3408.4    -0.37706685182849
      1386               3408.5   -0.377106666459475
      1387               3408.6    -0.37776997995557
      1388               3408.7   -0.378987565445751
      1389               3408.8   -0.380340620254946
      1390               3408.9   -0.381323247518304
      1391                 3409   -0.381710315446898
      1392               3409.1   -0.381661797702503
      1393               3409.2   -0.381491541682149
      1394               3409.3   -0.381383887773097
      1395               3409.4    -0.38133265125065
      1396               3409.5   -0.381268986930262
      1397               3409.6   -0.381161564769687
      1398               3409.7   -0.381000547594307
      1399               3409.8    -0.38076454695183
      1400               3409.9   -0.380454666286532
      1401                 3410   -0.380144854760716
      1402               3410.1   -0.379968133889737
      1403               3410.2    -0.38004890670349
      1404               3410.3   -0.380444964280345
      1405               3410.4   -0.381123456032531
      1406               3410.5   -0.381958735131676
      1407               3410.6   -0.382759934060071
      1408               3410.7   -0.383344068299078
      1409               3410.8   -0.383621126973733
      1410               3410.9   -0.383621986618676
      1411                 3411   -0.383446361697885
      1412               3411.1   -0.383185146542319
      1413               3411.2   -0.382887166509182
      1414               3411.3   -0.382587830419292
      1415               3411.4   -0.382358720723143
      1416               3411.5    -0.38231697726988
      1417               3411.6   -0.382560108483838
      1418               3411.7   -0.383058546850432
      1419               3411.8   -0.383602902798415
      1420               3411.9   -0.383887384050893
      1421                 3412   -0.383692385789115
      1422               3412.1   -0.383017983181425
      1423               3412.2   -0.382055958267155
      1424               3412.3   -0.381047552685865
      1425               3412.4   -0.380173390030265
      1426               3412.5   -0.379549514455772
      1427               3412.6    -0.37926709205323
      1428               3412.7   -0.379389425339621
      1429               3412.8   -0.379912739290163
      1430               3412.9   -0.380751839083584
      1431                 3413   -0.381760768751634
      1432               3413.1   -0.382753944929081
      1433               3413.2   -0.383534176130423
      1434               3413.3    -0.38396435937013
      1435               3413.4   -0.384053968252619
      1436               3413.5   -0.383967932622428
      1437               3413.6   -0.383922034535289
      1438               3413.7   -0.384039372289174
      1439               3413.8   -0.384270647090115
      1440               3413.9   -0.384423777374294
      1441                 3414   -0.384285044815574
      1442               3414.1     -0.3837652316332
      1443               3414.2   -0.382972664210238
      1444               3414.3   -0.382154796066554
      1445               3414.4   -0.381560678372885
      1446               3414.5   -0.381336422682267
      1447               3414.6   -0.381500531184593
      1448               3414.7     -0.3819599225811
      1449               3414.8   -0.382536929365529
      1450               3414.9   -0.383026768610357
      1451                 3415   -0.383283753021056
      1452               3415.1   -0.383275925053696
      1453               3415.2   -0.383060823342489
      1454               3415.3   -0.382714737024194
      1455               3415.4   -0.382292714287888
      1456               3415.5    -0.38186297973574
      1457               3415.6   -0.381585298537951
      1458               3415.7   -0.381739709778982
      1459               3415.8   -0.382620460836291
      1460               3415.9     -0.3843300031279
      1461                 3416    -0.38664772404336
      1462               3416.1   -0.389123145689284
      1463               3416.2   -0.391331262788411
      1464               3416.3    -0.39306130406111
      1465               3416.4    -0.39429357411347
      1466               3416.5   -0.395049708156734
      1467               3416.6    -0.39530435322408
      1468               3416.7    -0.39502479073988
      1469               3416.8   -0.394239904333496
      1470               3416.9   -0.393037122015918
      1471                 3417   -0.391516307401572
      1472               3417.1   -0.389786368782558
      1473               3417.2    -0.38799316447036
      1474               3417.3    -0.38628675524372
      1475               3417.4   -0.384724808597331
      1476               3417.5   -0.383237995143664
      1477               3417.6   -0.381733020228204
      1478               3417.7   -0.380229985105311
      1479               3417.8   -0.378878760553515
      1480               3417.9   -0.377847336815417
      1481                 3418   -0.377218391363147
      1482               3418.1    -0.37699077017503
      1483               3418.2   -0.377137872623585
      1484               3418.3   -0.377623039412912
      1485               3418.4   -0.378361144671857
      1486               3418.5   -0.379198966358115
      1487               3418.6    -0.37995104823221
      1488               3418.7   -0.380454467792604
      1489               3418.8   -0.380612706083918
      1490               3418.9   -0.380436640774327
      1491                 3419   -0.380062060341705
      1492               3419.1   -0.379688645217526
      1493               3419.2   -0.379452550746728
      1494               3419.3   -0.379341582269513
      1495               3419.4   -0.379233081047213
      1496               3419.5   -0.379004302578119
      1497               3419.6   -0.378605721593519
      1498               3419.7   -0.378057438761637
      1499               3419.8   -0.377411043025486
      1500               3419.9   -0.376721430113805
