     index            Field [G]         Intensity []

         1                 3270   -0.385419675673674
         2               3270.1   -0.384517197951364
         3               3270.2    -0.38352958488512
         4               3270.3   -0.382541136041813
         5               3270.4   -0.381680854301814
         6               3270.5   -0.381083487768975
         7               3270.6   -0.380797270797459
         8               3270.7   -0.380709479756328
         9               3270.8      -0.380596962197
        10               3270.9   -0.380301178935407
        11                 3271   -0.379879154423199
        12               3271.1   -0.379581801638794
        13               3271.2   -0.379672510987043
        14               3271.3   -0.380241443928628
        15               3271.4   -0.381155527174016
        16               3271.5   -0.382160800740059
        17               3271.6   -0.383049331289796
        18               3271.7   -0.383775813944271
        19               3271.8   -0.384452352639952
        20               3271.9   -0.385232923010447
        21                 3272   -0.386168395858128
        22               3272.1    -0.38712540669602
        23               3272.2   -0.387824827389032
        24               3272.3   -0.387993734046336
        25               3272.4   -0.387552902591456
        26               3272.5   -0.386717500823025
        27               3272.6   -0.385923903468855
        28               3272.7   -0.385602852904976
        29               3272.8    -0.38592586529008
        30               3272.9   -0.386687635680272
        31                 3273   -0.387417100849838
        32               3273.1   -0.387655212618807
        33               3273.2   -0.387210462539498
        34               3273.3   -0.386230972148224
        35               3273.4   -0.385091572836281
        36               3273.5   -0.384213449157488
        37               3273.6   -0.383909936956702
        38               3273.7   -0.384277883798894
        39               3273.8    -0.38515560583548
        40               3273.9   -0.386201350447029
        41                 3274   -0.387080427316469
        42               3274.1    -0.38762443348135
        43               3274.2   -0.387835176849041
        44               3274.3   -0.387777768457387
        45               3274.4   -0.387515143086665
        46               3274.5   -0.387134805144824
        47               3274.6   -0.386770385445627
        48               3274.7   -0.386538371670773
        49               3274.8   -0.386445917705731
        50               3274.9   -0.386377045932507
        51                 3275    -0.38617595148974
        52               3275.1   -0.385747042277432
        53               3275.2   -0.385093036762332
        54               3275.3   -0.384286680906747
        55               3275.4   -0.383425783673159
        56               3275.5   -0.382614024495126
        57               3275.6   -0.381969539621441
        58               3275.7   -0.381630513196271
        59               3275.8   -0.381722625211963
        60               3275.9   -0.382287770568465
        61                 3276   -0.383229222233896
        62               3276.1    -0.38433822709462
        63               3276.2   -0.385395361162652
        64               3276.3    -0.38626635875805
        65               3276.4   -0.386927602782276
        66               3276.5   -0.387423029113781
        67               3276.6   -0.387787739829995
        68               3276.7   -0.387983149732913
        69               3276.8    -0.38790208044115
        70               3276.9   -0.387467928860837
        71                 3277   -0.386754171124854
        72               3277.1   -0.386004673221435
        73               3277.2   -0.385523389554491
        74               3277.3   -0.385521639784909
        75               3277.4   -0.386025487587523
        76               3277.5    -0.38687680187421
        77               3277.6    -0.38780637636473
        78               3277.7    -0.38852966305153
        79               3277.8   -0.388801970842973
        80               3277.9   -0.388415514789858
        81                 3278   -0.387214708127761
        82               3278.1   -0.385209289161982
        83               3278.2   -0.382712342814847
        84               3278.3   -0.380306060316738
        85               3278.4   -0.378561145686894
        86               3278.5    -0.37771334110954
        87               3278.6   -0.377592756557926
        88               3278.7   -0.377865390749971
        89               3278.8   -0.378339593263126
        90               3278.9   -0.379051839082323
        91                 3279     -0.3800969875654
        92               3279.1   -0.381423679191072
        93               3279.2    -0.38281851168172
        94               3279.3   -0.384076156521892
        95               3279.4   -0.385152019022617
        96               3279.5   -0.386130276767399
        97               3279.6   -0.387051486957415
        98               3279.7   -0.387783627746279
        99               3279.8   -0.388061301432591
       100               3279.9   -0.387664265739639
       101                 3280   -0.386602853072787
       102               3280.1   -0.385167725286621
       103               3280.2   -0.383788471829072
       104               3280.3   -0.382797759616051
       105               3280.4   -0.382281516462385
       106               3280.5   -0.382106984169227
       107               3280.6   -0.382061595767686
       108               3280.7   -0.381980369963013
       109               3280.8   -0.381797861355932
       110               3280.9   -0.381532513425636
       111                 3281   -0.381249340344229
       112               3281.1   -0.381040688950363
       113               3281.2   -0.381011370138316
       114               3281.3   -0.381222371203686
       115               3281.4   -0.381608244644709
       116               3281.5   -0.381960308820551
       117               3281.6   -0.382030504483435
       118               3281.7   -0.381694288004481
       119               3281.8   -0.381057281550209
       120               3281.9     -0.3804300503651
       121                 3282   -0.380165321496859
       122               3282.1   -0.380437325684012
       123               3282.2   -0.381121580594031
       124               3282.3   -0.381895016664563
       125               3282.4   -0.382488633272509
       126               3282.5   -0.382873482587729
       127               3282.6   -0.383231344837606
       128               3282.7   -0.383769613405111
       129               3282.8   -0.384552487743992
       130               3282.9   -0.385461870901369
       131                 3283   -0.386280072088463
       132               3283.1   -0.386809682078188
       133               3283.2   -0.386950800475386
       134               3283.3   -0.386726119766747
       135               3283.4   -0.386291150263471
       136               3283.5   -0.385915463439733
       137               3283.6   -0.385866780049781
       138               3283.7   -0.386221584528614
       139               3283.8   -0.386775783823747
       140               3283.9   -0.387189175248132
       141                 3284   -0.387258259882308
       142               3284.1   -0.387061049277388
       143               3284.2   -0.386845702033041
       144               3284.3   -0.386792118010705
       145               3284.4   -0.386883025453876
       146               3284.5   -0.386988094927729
       147               3284.6   -0.387048456586122
       148               3284.7   -0.387165363080327
       149               3284.8   -0.387506586675897
       150               3284.9   -0.388122172583126
       151                 3285   -0.388846199945939
       152               3285.1   -0.389392474544369
       153               3285.2   -0.389583001021763
       154               3285.3   -0.389511445990183
       155               3285.4   -0.389480224311792
       156               3285.5   -0.389755555840831
       157               3285.6   -0.390354627250591
       158               3285.7   -0.391029838043277
       159               3285.8   -0.391426374484257
       160               3285.9    -0.39127923447441
       161                 3286   -0.390545755733309
       162               3286.1   -0.389433727002707
       163               3286.2   -0.388319817324674
       164               3286.3   -0.387587311803728
       165               3286.4   -0.387456250163733
       166               3286.5   -0.387895698926063
       167               3286.6   -0.388669853377656
       168               3286.7   -0.389487198131282
       169               3286.8   -0.390146721269107
       170               3286.9   -0.390580562397364
       171                 3287   -0.390790854664209
       172               3287.1   -0.390773965698673
       173               3287.2   -0.390516786434607
       174               3287.3   -0.390058012270699
       175               3287.4   -0.389536248994023
       176               3287.5   -0.389154660042988
       177               3287.6   -0.389061449707697
       178               3287.7   -0.389226962036585
       179               3287.8   -0.389426791002707
       180               3287.9   -0.389373057393597
       181                 3288   -0.388916408517348
       182               3288.1   -0.388172619143845
       183               3288.2   -0.387467008836526
       184               3288.3   -0.387111571033172
       185               3288.4   -0.387161881643499
       186               3288.5   -0.387346618524066
       187               3288.6   -0.387247969537066
       188               3288.7   -0.386596235819536
       189               3288.8   -0.385431871011096
       190               3288.9   -0.384021466241298
       191                 3289   -0.382653382077552
       192               3289.1   -0.381508803080829
       193               3289.2   -0.380654977970788
       194               3289.3   -0.380071284941271
       195               3289.4   -0.379657023710315
       196               3289.5   -0.379264775008304
       197               3289.6   -0.378790127004556
       198               3289.7    -0.37826199108423
       199               3289.8   -0.377850763035783
       200               3289.9   -0.377776327926302
       201                 3290   -0.378181256025125
       202               3290.1   -0.379059385780228
       203               3290.2   -0.380275152007495
       204               3290.3   -0.381630375247031
       205               3290.4   -0.382919365809002
       206               3290.5   -0.383964384852485
       207               3290.6    -0.38465377688586
       208               3290.7   -0.384976507756371
       209               3290.8   -0.385024528930719
       210               3290.9   -0.384956335645193
       211                 3291   -0.384935825763524
       212               3291.1   -0.385062821754604
       213               3291.2   -0.385329906417635
       214               3291.3   -0.385648860152983
       215               3291.4   -0.385930889211174
       216               3291.5   -0.386137360191567
       217               3291.6   -0.386257161150713
       218               3291.7   -0.386268489812878
       219               3291.8   -0.386149089437695
       220               3291.9   -0.385908286715388
       221                 3292   -0.385585888685619
       222               3292.1   -0.385232086944216
       223               3292.2   -0.384907104635912
       224               3292.3   -0.384676871934964
       225               3292.4   -0.384567822176437
       226               3292.5   -0.384525485702226
       227               3292.6   -0.384452703483094
       228               3292.7   -0.384311172319469
       229               3292.8   -0.384186024572098
       230               3292.9    -0.38424811790014
       231                 3293   -0.384638857699578
       232               3293.1   -0.385351555490343
       233               3293.2   -0.386185907819436
       234               3293.3   -0.386823333775907
       235               3293.4   -0.386998819112456
       236               3293.5   -0.386659458623377
       237               3293.6   -0.385987370583883
       238               3293.7   -0.385263392966867
       239               3293.8    -0.38467874998605
       240               3293.9   -0.384242339498373
       241                 3294   -0.383842847092912
       242               3294.1   -0.383387508361372
       243               3294.2   -0.382877193627202
       244               3294.3   -0.382353072457127
       245               3294.4   -0.381795543767108
       246               3294.5   -0.381113614780607
       247               3294.6   -0.380255150829962
       248               3294.7   -0.379317714047281
       249               3294.8   -0.378529310014737
       250               3294.9   -0.378104147438437
       251                 3295   -0.378099093767352
       252               3295.1   -0.378390550561903
       253               3295.2   -0.378785442594741
       254               3295.3   -0.379159150265931
       255               3295.4   -0.379477294380957
       256               3295.5   -0.379679780933614
       257               3295.6   -0.379596242257224
       258               3295.7   -0.379075967548796
       259               3295.8     -0.3782583433654
       260               3295.9    -0.37766637925402
       261                 3296    -0.37793015561078
       262               3296.1   -0.379345179822404
       263               3296.2   -0.381660387107213
       264               3296.3   -0.384244497847004
       265               3296.4   -0.386429125051107
       266               3296.5   -0.387770296037419
       267               3296.6   -0.388149153544938
       268               3296.7   -0.387745062570847
       269               3296.8    -0.38690451918321
       270               3296.9   -0.385952757269944
       271                 3297   -0.385059966829717
       272               3297.1    -0.38424780955943
       273               3297.2    -0.38350150477541
       274               3297.3   -0.382867668892775
       275               3297.4    -0.38243912823696
       276               3297.5    -0.38223349815928
       277               3297.6   -0.382090973038698
       278               3297.7   -0.381726941414642
       279               3297.8   -0.380923865020017
       280               3297.9    -0.37968958134191
       281                 3298   -0.378243765293509
       282               3298.1   -0.376874107140185
       283               3298.2   -0.375803696496494
       284               3298.3   -0.375143105291132
       285               3298.4   -0.374890422144366
       286               3298.5   -0.374925544465144
       287               3298.6   -0.375018626780318
       288               3298.7     -0.3749265528324
       289               3298.8   -0.374584625493459
       290               3298.9   -0.374250377123549
       291                 3299   -0.374408941615416
       292               3299.1   -0.375428875857952
       293               3299.2   -0.377216488019024
       294               3299.3   -0.379168713531602
       295               3299.4   -0.380490550553901
       296               3299.5   -0.380651050917194
       297               3299.6   -0.379668910238638
       298               3299.7   -0.378076579668111
       299               3299.8   -0.376629084850705
       300               3299.9   -0.375936668462662
       301                 3300   -0.376204129913815
       302               3300.1   -0.377211724180988
       303               3300.2   -0.378555089206721
       304               3300.3   -0.379970567684529
       305               3300.4   -0.381472308446977
       306               3300.5   -0.383192483353741
       307               3300.6   -0.385112341320843
       308               3300.7    -0.38696075798741
       309               3300.8   -0.388353799163524
       310               3300.9   -0.389024379495232
       311                 3301   -0.388966441597822
       312               3301.1   -0.388422314566256
       313               3301.2   -0.387734014647554
       314               3301.3     -0.3871464054019
       315               3301.4   -0.386691550332267
       316               3301.5   -0.386229969468616
       317               3301.6   -0.385590099382402
       318               3301.7   -0.384680423014315
       319               3301.8   -0.383520637134295
       320               3301.9   -0.382229070339232
       321                 3302   -0.380997984521158
       322               3302.1   -0.380045784096561
       323               3302.2   -0.379553990596649
       324               3302.3   -0.379633110195087
       325               3302.4   -0.380324434288589
       326               3302.5    -0.38158483857099
       327               3302.6   -0.383237027336912
       328               3302.7   -0.384965024311844
       329               3302.8   -0.386433011606836
       330               3302.9   -0.387466434670492
       331                 3303   -0.388125657410051
       332               3303.1   -0.388584811523051
       333               3303.2   -0.388933608587749
       334               3303.3   -0.389107411564333
       335               3303.4   -0.388997386213834
       336               3303.5   -0.388576768276279
       337               3303.6   -0.387880868328127
       338               3303.7   -0.386895244280339
       339               3303.8   -0.385535700607335
       340               3303.9    -0.38377012517537
       341                 3304   -0.381739279343275
       342               3304.1   -0.379744253415484
       343               3304.2   -0.378124852886814
       344               3304.3   -0.377128218416596
       345               3304.4     -0.3768266454127
       346               3304.5   -0.377110325789254
       347               3304.6   -0.377765638478633
       348               3304.7   -0.378586865759156
       349               3304.8    -0.37942381404726
       350               3304.9   -0.380150464405107
       351                 3305   -0.380662835955242
       352               3305.1   -0.380973799000689
       353               3305.2     -0.3812854761107
       354               3305.3   -0.381860960921328
       355               3305.4    -0.38273098891583
       356               3305.5    -0.38351873569013
       357               3305.6    -0.38361469323098
       358               3305.7   -0.382604169062557
       359               3305.8   -0.380598438439404
       360               3305.9   -0.378204168964037
       361                 3306   -0.376173193853474
       362               3306.1   -0.375004202225154
       363               3306.2   -0.374755504459151
       364               3306.3   -0.375143000522985
       365               3306.4   -0.375800376649807
       366               3306.5   -0.376491501740026
       367               3306.6   -0.377138927256941
       368               3306.7   -0.377710775043026
       369               3306.8   -0.378127155363988
       370               3306.9   -0.378289142495089
       371                 3307   -0.378179363850624
       372               3307.1    -0.37791360963227
       373               3307.2   -0.377688267892554
       374               3307.3   -0.377662284183308
       375               3307.4   -0.377847030947352
       376               3307.5   -0.378069359732281
       377               3307.6   -0.378045671332535
       378               3307.7   -0.377538212554935
       379               3307.8   -0.376491167958532
       380               3307.9   -0.375057514033515
       381                 3308   -0.373524893652192
       382               3308.1   -0.372204304061877
       383               3308.2   -0.371317617624226
       384               3308.3   -0.370911524454088
       385               3308.4   -0.370863471077213
       386               3308.5   -0.371009302484726
       387               3308.6   -0.371291382552455
       388               3308.7   -0.371777853516824
       389               3308.8   -0.372538614546927
       390               3308.9   -0.373519360748266
       391                 3309   -0.374538784983275
       392               3309.1   -0.375387595323882
       393               3309.2     -0.3759180527352
       394               3309.3   -0.376062298965084
       395               3309.4   -0.375817519771814
       396               3309.5   -0.375255025060908
       397               3309.6   -0.374536503571728
       398               3309.7    -0.37387473659526
       399               3309.8   -0.373436932560806
       400               3309.9   -0.373271214388888
       401                 3310   -0.373324367836255
       402               3310.1   -0.373530689962727
       403               3310.2   -0.373884864552617
       404               3310.3   -0.374420868993972
       405               3310.4   -0.375105467192024
       406               3310.5   -0.375758404484173
       407               3310.6   -0.376110009672943
       408               3310.7   -0.375964912189863
       409               3310.8   -0.375317954260853
       410               3310.9   -0.374328683585818
       411                 3311   -0.373222447089656
       412               3311.1   -0.372227963861165
       413               3311.2   -0.371545778352574
       414               3311.3   -0.371268243433527
       415               3311.4   -0.371273164259139
       416               3311.5   -0.371240626335395
       417               3311.6   -0.370866577905476
       418               3311.7   -0.370113304839698
       419               3311.8    -0.36924580539674
       420               3311.9   -0.368602765136623
       421                 3312   -0.368320802827919
       422               3312.1   -0.368262428774166
       423               3312.2   -0.368175479880715
       424               3312.3   -0.367896270193481
       425               3312.4   -0.367411978321952
       426               3312.5   -0.366774055400093
       427               3312.6   -0.365999413286264
       428               3312.7   -0.365074044673239
       429               3312.8   -0.364035902591666
       430               3312.9   -0.363024961646005
       431                 3313   -0.362238311534739
       432               3313.1   -0.361832243753397
       433               3313.2   -0.361840533684928
       434               3313.3   -0.362136078803556
       435               3313.4   -0.362448895539495
       436               3313.5    -0.36246278417843
       437               3313.6    -0.36196369702104
       438               3313.7    -0.36093936110432
       439               3313.8   -0.359555789732755
       440               3313.9   -0.358050533802419
       441                 3314   -0.356634829562814
       442               3314.1    -0.35543736250559
       443               3314.2   -0.354468895229678
       444               3314.3   -0.353617074387609
       445               3314.4   -0.352707719452424
       446               3314.5   -0.351607549111951
       447               3314.6   -0.350281708762712
       448               3314.7   -0.348776356004618
       449               3314.8   -0.347187968030794
       450               3314.9   -0.345648353396263
       451                 3315   -0.344268141627107
       452               3315.1   -0.343033162920673
       453               3315.2   -0.341777156747123
       454               3315.3   -0.340316847822948
       455               3315.4   -0.338636602418421
       456               3315.5   -0.336928790107661
       457               3315.6   -0.335452140839663
       458               3315.7   -0.334357652757153
       459               3315.8    -0.33363345242608
       460               3315.9   -0.333171648151202
       461                 3316   -0.332846099279358
       462               3316.1   -0.332516971603161
       463               3316.2   -0.331989893095126
       464               3316.3   -0.331019093125862
       465               3316.4   -0.329392341054838
       466               3316.5   -0.327042958608686
       467               3316.6   -0.324105093817435
       468               3316.7   -0.320874917162113
       469               3316.8   -0.317698085322637
       470               3316.9    -0.31482885242335
       471                 3317   -0.312309483269144
       472               3317.1   -0.309924211122196
       473               3317.2   -0.307280322517544
       474               3317.3   -0.304019006229379
       475               3317.4   -0.300054128024686
       476               3317.5   -0.295664387354112
       477               3317.6   -0.291336864276126
       478               3317.7   -0.287462893284216
       479               3317.8   -0.284132498804297
       480               3317.9   -0.281182856984725
       481                 3318   -0.278399784369161
       482               3318.1   -0.275638645961717
       483               3318.2   -0.272781599215908
       484               3318.3   -0.269675958513321
       485               3318.4   -0.266196921134041
       486               3318.5     -0.2623702061419
       487               3318.6   -0.258384900156218
       488               3318.7    -0.25446126777572
       489               3318.8   -0.250706269474114
       490               3318.9   -0.247076675388096
       491                 3319   -0.243440618300073
       492               3319.1   -0.239665801296875
       493               3319.2   -0.235691282664379
       494               3319.3    -0.23156459946737
       495               3319.4   -0.227426792461082
       496               3319.5   -0.223453490386603
       497               3319.6   -0.219797456240441
       498               3319.7   -0.216570111425371
       499               3319.8    -0.21385249955115
       500               3319.9   -0.211695686430625
       501                 3320   -0.210084418456047
       502               3320.1   -0.208885741198146
       503               3320.2   -0.207848462651498
       504               3320.3   -0.206698949179793
       505               3320.4   -0.205284673825899
       506               3320.5   -0.203650608644869
       507               3320.6   -0.201989149318009
       508               3320.7   -0.200520472965714
       509               3320.8   -0.199399852318001
       510               3320.9   -0.198688353139812
       511                 3321   -0.198358393129333
       512               3321.1   -0.198302714529996
       513               3321.2   -0.198353785009798
       514               3321.3   -0.198345374230843
       515               3321.4   -0.198223472574813
       516               3321.5   -0.198153021153833
       517               3321.6   -0.198530293564209
       518               3321.7    -0.19984829396207
       519               3321.8   -0.202459229859122
       520               3321.9   -0.206367071887211
       521                 3322   -0.211192131477268
       522               3322.1   -0.216346932204088
       523               3322.2   -0.221308782613967
       524               3322.3   -0.225805136276918
       525               3322.4   -0.229816154212009
       526               3322.5   -0.233454319709637
       527               3322.6   -0.236852749105956
       528               3322.7   -0.240141825596301
       529               3322.8   -0.243494651974254
       530               3322.9   -0.247158220987606
       531                 3323   -0.251396486270837
       532               3323.1   -0.256349214329983
       533               3323.2   -0.261900540599197
       534               3323.3   -0.267671522318885
       535               3323.4    -0.27317176520511
       536               3323.5   -0.278024131885099
       537               3323.6   -0.282112958697841
       538               3323.7   -0.285564442201161
       539               3323.8   -0.288609299531649
       540               3323.9   -0.291464162016375
       541                 3324   -0.294301493656634
       542               3324.1   -0.297247219149827
       543               3324.2    -0.30033369503992
       544               3324.3   -0.303455548676193
       545               3324.4   -0.306431572620076
       546               3324.5   -0.309157590118572
       547               3324.6    -0.31170272302868
       548               3324.7   -0.314249393220947
       549               3324.8   -0.316943177381627
       550               3324.9   -0.319789323476946
       551                 3325   -0.322656563246872
       552               3325.1   -0.325359427982295
       553               3325.2   -0.327767918057122
       554               3325.3    -0.32988986826167
       555               3325.4   -0.331864197875606
       556               3325.5   -0.333846605875219
       557               3325.6   -0.335861953512485
       558               3325.7   -0.337742617944032
       559               3325.8    -0.33921068806772
       560               3325.9   -0.340052361528684
       561                 3326   -0.340269446527805
       562               3326.1   -0.340109792527601
       563               3326.2   -0.339948441628567
       564               3326.3    -0.34007186964957
       565               3326.4   -0.340478428578366
       566               3326.5   -0.340823977252745
       567               3326.6   -0.340583523505079
       568               3326.7   -0.339365018885968
       569               3326.8   -0.337177783946767
       570               3326.9   -0.334457748146258
       571                 3327   -0.331826783282136
       572               3327.1   -0.329766457542213
       573               3327.2   -0.328421738401244
       574               3327.3   -0.327611612645884
       575               3327.4   -0.326981227125782
       576               3327.5   -0.326189104428504
       577               3327.6   -0.325041921774482
       578               3327.7   -0.323526429295413
       579               3327.8   -0.321754329662242
       580               3327.9   -0.319893934811886
       581                 3328    -0.31813696804436
       582               3328.1   -0.316666500773031
       583               3328.2   -0.315577087339893
       584               3328.3   -0.314789986368848
       585               3328.4   -0.314076827445296
       586               3328.5   -0.313222930273772
       587               3328.6   -0.312194640224932
       588               3328.7   -0.311138705993891
       589               3328.8   -0.310213878414292
       590               3328.9    -0.30943857440316
       591                 3329   -0.308707601691837
       592               3329.1   -0.307933954122648
       593               3329.2   -0.307150270255912
       594               3329.3   -0.306474002936241
       595               3329.4   -0.305995063825545
       596               3329.5   -0.305724520459341
       597               3329.6   -0.305674826349319
       598               3329.7   -0.305984630771934
       599               3329.8   -0.306923395053951
       600               3329.9   -0.308728846434879
       601                 3330   -0.311425567163258
       602               3330.1   -0.314806165215615
       603               3330.2   -0.318584330441415
       604               3330.3   -0.322561802791322
       605               3330.4   -0.326666685528934
       606               3330.5   -0.330867643946576
       607               3330.6   -0.335085399344181
       608               3330.7   -0.339215845340693
       609               3330.8   -0.343258487949767
       610               3330.9   -0.347409254870887
       611                 3331   -0.351977711799664
       612               3331.1   -0.357166761863411
       613               3331.2   -0.362924218894176
       614               3331.3   -0.369021350757836
       615               3331.4   -0.375280602390388
       616               3331.5   -0.381733358007465
       617               3331.6   -0.388584289311228
       618               3331.7   -0.396050862600213
       619               3331.8   -0.404221104314106
       620               3331.9   -0.412999892800825
       621                 3332   -0.422128473837773
       622               3332.1   -0.431254024039788
       623               3332.2    -0.44004672725914
       624               3332.3   -0.448337468468892
       625               3332.4   -0.456205079645419
       626               3332.5   -0.463951232004168
       627               3332.6   -0.471965345945973
       628               3332.7   -0.480541283174801
       629               3332.8   -0.489733479789256
       630               3332.9   -0.499333739520893
       631                 3333   -0.508988844301269
       632               3333.1    -0.51837406638269
       633               3333.2   -0.527294542811422
       634               3333.3   -0.535676410228941
       635               3333.4   -0.543521828938566
       636               3333.5   -0.550885449723981
       637               3333.6   -0.557837391447717
       638               3333.7   -0.564384835247371
       639               3333.8   -0.570429241955016
       640               3333.9   -0.575848866892575
       641                 3334   -0.580651558180713
       642               3334.1   -0.585029780472456
       643               3334.2   -0.589240535856091
       644               3334.3   -0.593426012126037
       645               3334.4   -0.597548500242752
       646               3334.5   -0.601476861764799
       647               3334.6   -0.605106016904109
       648               3334.7   -0.608382589497055
       649               3334.8    -0.61122545725343
       650               3334.9   -0.613433074781592
       651                 3335   -0.614679428461882
       652               3335.1   -0.614631679503781
       653               3335.2   -0.613127614308253
       654               3335.3   -0.610293321084811
       655               3335.4   -0.606510753144054
       656               3335.5   -0.602241934071298
       657               3335.6   -0.597803998829588
       658               3335.7   -0.593215863679115
       659               3335.8   -0.588201583003924
       660               3335.9   -0.582349376805787
       661                 3336   -0.575330309483447
       662               3336.1   -0.567053260853893
       663               3336.2   -0.557695625889322
       664               3336.3   -0.547628945443661
       665               3336.4   -0.537288707838747
       666               3336.5   -0.527034108997775
       667               3336.6   -0.517043757874385
       668               3336.7    -0.50728769024598
       669               3336.8   -0.497582989248062
       670               3336.9    -0.48769920453532
       671                 3337   -0.477464721264439
       672               3337.1   -0.466832074580014
       673               3337.2   -0.455871295816877
       674               3337.3   -0.444694906511916
       675               3337.4   -0.433379139716067
       676               3337.5   -0.421955923291671
       677               3337.6   -0.410461452946501
       678               3337.7   -0.398949689839542
       679               3337.8    -0.38743622048212
       680               3337.9   -0.375848219549483
       681                 3338   -0.364052560531364
       682               3338.1   -0.351939993626035
       683               3338.2   -0.339510411071529
       684               3338.3   -0.326934853220144
       685               3338.4   -0.314551384379744
       686               3338.5   -0.302723721324735
       687               3338.6   -0.291596513197466
       688               3338.7   -0.280947149240026
       689               3338.8   -0.270302632874388
       690               3338.9   -0.259234856591588
       691                 3339   -0.247575797844528
       692               3339.1   -0.235411227533117
       693               3339.2   -0.222937312248907
       694               3339.3   -0.210328675093187
       695               3339.4   -0.197672022153602
       696               3339.5   -0.184949684997877
       697               3339.6   -0.172073996864643
       698               3339.7   -0.158975786196707
       699               3339.8    -0.14568362063156
       700               3339.9   -0.132295400258324
       701                 3340   -0.118843194197862
       702               3340.1   -0.105193659975898
       703               3340.2  -0.0911090792675188
       704               3340.3  -0.0764081623668822
       705               3340.4  -0.0610483910111529
       706               3340.5  -0.0450616853863548
       707               3340.6  -0.0284628010504166
       708               3340.7  -0.0112703808205814
       709               3340.8  0.00637894381557652
       710               3340.9   0.0241787449945907
       711                 3341   0.0417768374719334
       712               3341.1   0.0590117583452885
       713               3341.2   0.0760550361261015
       714               3341.3   0.0932969313162378
       715               3341.4    0.111044625644189
       716               3341.5    0.129301506698644
       717               3341.6    0.147814820224227
       718               3341.7    0.166278964138965
       719               3341.8    0.184433409501277
       720               3341.9    0.201986500190024
       721                 3342    0.218546869273834
       722               3342.1     0.23370618288986
       723               3342.2    0.247180071505231
       724               3342.3    0.258833894623381
       725               3342.4    0.268583283829929
       726               3342.5    0.276302219914357
       727               3342.6    0.281801326388694
       728               3342.7    0.284802330918132
       729               3342.8    0.284868053778787
       730               3342.9     0.28140264698385
       731                 3343    0.273840855487773
       732               3343.1    0.261924803815939
       733               3343.2    0.245801383497324
       734               3343.3    0.225815541702142
       735               3343.4    0.202184549150225
       736               3343.5    0.174855147572739
       737               3343.6    0.143646908645766
       738               3343.7    0.108513850909971
       739               3343.8   0.0696946070174894
       740               3343.9   0.0276747718878392
       741                 3344  -0.0169505484301917
       742               3344.1  -0.0635881541175185
       743               3344.2   -0.111670164871704
       744               3344.3   -0.160617308102409
       745               3344.4   -0.209826565080114
       746               3344.5   -0.258738145069621
       747               3344.6   -0.306932233425991
       748               3344.7   -0.354143624636295
       749               3344.8   -0.400154509074137
       750               3344.9   -0.444658213399718
       751                 3345    -0.48722338487318
       752               3345.1   -0.527387138125193
       753               3345.2   -0.564783220674592
       754               3345.3   -0.599200867312544
       755               3345.4   -0.630571035626561
       756               3345.5   -0.658954497114836
       757               3345.6   -0.684557936101409
       758               3345.7   -0.707702807366552
       759               3345.8   -0.728680959413638
       760               3345.9   -0.747572407396615
       761                 3346   -0.764195959963148
       762               3346.1   -0.778266066398447
       763               3346.2   -0.789635550218023
       764               3346.3   -0.798434608239703
       765               3346.4    -0.80503100206941
       766               3346.5   -0.809882352671877
       767               3346.6   -0.813386827395156
       768               3346.7   -0.815786893158749
       769               3346.8   -0.817143823808132
       770               3346.9   -0.817401097772587
       771                 3347   -0.816523160915558
       772               3347.1   -0.814609140032454
       773               3347.2   -0.811854779025742
       774               3347.3   -0.808376164170072
       775               3347.4   -0.804088582736939
       776               3347.5   -0.798801474123304
       777               3347.6   -0.792445212336214
       778               3347.7   -0.785190572552072
       779               3347.8   -0.777349692665832
       780               3347.9   -0.769177894425039
       781                 3348   -0.760751771926188
       782               3348.1   -0.751972733636945
       783               3348.2   -0.742638041443459
       784               3348.3    -0.73253215039768
       785               3348.4   -0.721532009033325
       786               3348.5   -0.709701872873472
       787               3348.6   -0.697309209661451
       788               3348.7   -0.684708478622746
       789               3348.8   -0.672138514953119
       790               3348.9   -0.659581331662129
       791                 3349   -0.646807394721685
       792               3349.1   -0.633571112213658
       793               3349.2   -0.619788970975152
       794               3349.3    -0.60557939040147
       795               3349.4   -0.591188748233829
       796               3349.5   -0.576893347015666
       797               3349.6   -0.562922640243701
       798               3349.7   -0.549401733527877
       799               3349.8   -0.536321864503626
       800               3349.9   -0.523571999435669
       801                 3350   -0.511038263668144
       802               3350.1   -0.498709683937583
       803               3350.2   -0.486706571322019
       804               3350.3   -0.475220015772839
       805               3350.4   -0.464431373784543
       806               3350.5   -0.454465789332248
       807               3350.6   -0.445367999686693
       808               3350.7   -0.437082553971529
       809               3350.8   -0.429463103234564
       810               3350.9   -0.422333921583876
       811                 3351   -0.415574289569761
       812               3351.1   -0.409165466711106
       813               3351.2   -0.403166874853822
       814               3351.3   -0.397651004499472
       815               3351.4   -0.392672766837376
       816               3351.5   -0.388313972807471
       817               3351.6   -0.384738392745286
       818               3351.7   -0.382150744187851
       819               3351.8    -0.38065885827002
       820               3351.9   -0.380166925150354
       821                 3352   -0.380406734740789
       822               3352.1   -0.381076912311264
       823               3352.2   -0.381978122423503
       824               3352.3   -0.383067167183752
       825               3352.4     -0.3844279179693
       826               3352.5   -0.386200497122031
       827               3352.6   -0.388510567925603
       828               3352.7    -0.39141355758865
       829               3352.8   -0.394847328550468
       830               3352.9   -0.398602137430094
       831                 3353   -0.402349662580735
       832               3353.1   -0.405763737223797
       833               3353.2   -0.408690787107586
       834               3353.3   -0.411250995552234
       835               3353.4   -0.413771734638919
       836               3353.5   -0.416586326341956
       837               3353.6   -0.419849909480345
       838               3353.7   -0.423499163004292
       839               3353.8   -0.427342660072149
       840               3353.9   -0.431169847931896
       841                 3354   -0.434802060831601
       842               3354.1   -0.438109246919877
       843               3354.2   -0.441046332833501
       844               3354.3   -0.443692261066724
       845               3354.4   -0.446217476275267
       846               3354.5   -0.448764571238027
       847               3354.6   -0.451335989881624
       848               3354.7   -0.453794961324809
       849               3354.8   -0.455981030126855
       850               3354.9   -0.457840883033567
       851                 3355    -0.45947102182111
       852               3355.1    -0.46104121536165
       853               3355.2   -0.462653486231011
       854               3355.3   -0.464242488225066
       855               3355.4   -0.465601567886628
       856               3355.5   -0.466523450924225
       857               3355.6   -0.466950884207454
       858               3355.7   -0.467029527015441
       859               3355.8   -0.467034432887839
       860               3355.9   -0.467217934327291
       861                 3356   -0.467660009433617
       862               3356.1   -0.468209705986645
       863               3356.2   -0.468574873577552
       864               3356.3   -0.468518074042731
       865               3356.4   -0.468016126883814
       866               3356.5   -0.467266198739031
       867               3356.6   -0.466563083730515
       868               3356.7   -0.466162046535481
       869               3356.8    -0.46619526445201
       870               3356.9   -0.466639868309432
       871                 3357    -0.46733740025558
       872               3357.1    -0.46807113452516
       873               3357.2   -0.468658841325441
       874               3357.3    -0.46899007958138
       875               3357.4   -0.468992259376891
       876               3357.5    -0.46858207456774
       877               3357.6   -0.467665773605365
       878               3357.7   -0.466198170187647
       879               3357.8   -0.464248042953197
       880               3357.9   -0.461998633652556
       881                 3358   -0.459666636094334
       882               3358.1   -0.457407432108381
       883               3358.2   -0.455288249463172
       884               3358.3   -0.453329827235767
       885               3358.4   -0.451543431084223
       886               3358.5   -0.449916778753775
       887               3358.6   -0.448383801486593
       888               3358.7    -0.44683556230727
       889               3358.8   -0.445175700554628
       890               3358.9   -0.443381234774071
       891                 3359   -0.441541860587724
       892               3359.1   -0.439864786907807
       893               3359.2   -0.438620801341959
       894               3359.3   -0.438023994299089
       895               3359.4    -0.43809870304393
       896               3359.5   -0.438621007515405
       897               3359.6   -0.439181996763924
       898               3359.7   -0.439346355786098
       899               3359.8   -0.438828677806059
       900               3359.9    -0.43760331168432
       901                 3360   -0.435899992548325
       902               3360.1   -0.434092583475262
       903               3360.2   -0.432527892973582
       904               3360.3   -0.431359165271013
       905               3360.4   -0.430460331623093
       906               3360.5   -0.429493678574083
       907               3360.6   -0.428140268360437
       908               3360.7   -0.426367793597903
       909               3360.8   -0.424513968397535
       910               3360.9   -0.423066102635115
       911                 3361   -0.422291730685196
       912               3361.1   -0.422040592921276
       913               3361.2   -0.421884423923351
       914               3361.3     -0.4214453362274
       915               3361.4   -0.420625026104195
       916               3361.5   -0.419592894517431
       917               3361.6   -0.418619594205935
       918               3361.7   -0.417924574924537
       919               3361.8   -0.417615284418239
       920               3361.9     -0.4176753356596
       921                 3362    -0.41794804971822
       922               3362.1   -0.418150385914621
       923               3362.2   -0.417992023021692
       924               3362.3   -0.417367619201641
       925               3362.4   -0.416453362394688
       926               3362.5   -0.415580058667506
       927               3362.6   -0.414977524144731
       928               3362.7   -0.414635353521569
       929               3362.8   -0.414405406639556
       930               3362.9   -0.414210097335525
       931                 3363   -0.414122014951216
       932               3363.1   -0.414243327528718
       933               3363.2   -0.414527688962834
       934               3363.3   -0.414724263246677
       935               3363.4    -0.41449383485731
       936               3363.5   -0.413611117674024
       937               3363.6   -0.412118913588177
       938               3363.7    -0.41033323841175
       939               3363.8   -0.408688406807817
       940               3363.9   -0.407517463477859
       941                 3364   -0.406912112427462
       942               3364.1    -0.40674407851275
       943               3364.2   -0.406798185849831
       944               3364.3   -0.406889525327518
       945               3364.4   -0.406894654166872
       946               3364.5    -0.40674359888209
       947               3364.6   -0.406438134473504
       948               3364.7    -0.40606784443411
       949               3364.8   -0.405750193719159
       950               3364.9   -0.405511703966053
       951                 3365   -0.405226444737277
       952               3365.1   -0.404688996136187
       953               3365.2   -0.403766121910749
       954               3365.3    -0.40249873810034
       955               3365.4   -0.401077657337869
       956               3365.5   -0.399723496698879
       957               3365.6   -0.398564338338067
       958               3365.7   -0.397591352740108
       959               3365.8   -0.396715354942569
       960               3365.9   -0.395884267115736
       961                 3366   -0.395173211696613
       962               3366.1   -0.394760295837015
       963               3366.2   -0.394784380663067
       964               3366.3   -0.395194154681001
       965               3366.4   -0.395720436039043
       966               3366.5   -0.396002139951404
       967               3366.6   -0.395780737596923
       968               3366.7   -0.395048531838972
       969               3366.8   -0.394070736792094
       970               3366.9   -0.393253613006481
       971                 3367   -0.392914657461147
       972               3367.1   -0.393105527934917
       973               3367.2   -0.393631878691193
       974               3367.3   -0.394254748510444
       975               3367.4   -0.394885689080282
       976               3367.5   -0.395596154128555
       977               3367.6   -0.396449659880344
       978               3367.7   -0.397328108891893
       979               3367.8    -0.39790663632941
       980               3367.9   -0.397794302115204
       981                 3368   -0.396746142197735
       982               3368.1   -0.394817262131454
       983               3368.2   -0.392359479374494
       984               3368.3   -0.389860291587647
       985               3368.4   -0.387747344002262
       986               3368.5   -0.386299415923296
       987               3368.6   -0.385673033558635
       988               3368.7   -0.385927225042869
       989               3368.8   -0.386972078452261
       990               3368.9   -0.388515642500013
       991                 3369   -0.390129065174379
       992               3369.1    -0.39142765289518
       993               3369.2   -0.392235459677306
       994               3369.3   -0.392617178763008
       995               3369.4   -0.392782125871565
       996               3369.5   -0.392951139955614
       997               3369.6   -0.393273634931265
       998               3369.7   -0.393826418595349
       999               3369.8   -0.394659739376621
      1000               3369.9   -0.395816558630299
      1001                 3370   -0.397283208724212
      1002               3370.1   -0.398920783476569
      1003               3370.2   -0.400474614865189
      1004               3370.3   -0.401687783343871
      1005               3370.4   -0.402428316697606
      1006               3370.5   -0.402725454042502
      1007               3370.6   -0.402713607560577
      1008               3370.7   -0.402562040319925
      1009               3370.8   -0.402432955308383
      1010               3370.9   -0.402444985129996
      1011                 3371   -0.402633733622851
      1012               3371.1   -0.402956300254728
      1013               3371.2   -0.403366310073141
      1014               3371.3   -0.403894820810837
      1015               3371.4   -0.404642652276907
      1016               3371.5    -0.40568167535062
      1017               3371.6   -0.406966054041562
      1018               3371.7   -0.408341626334408
      1019               3371.8   -0.409639094719032
      1020               3371.9   -0.410766371754542
      1021                 3372   -0.411729779206487
      1022               3372.1   -0.412576094056212
      1023               3372.2   -0.413312944359237
      1024               3372.3   -0.413890164489331
      1025               3372.4   -0.414265062874528
      1026               3372.5   -0.414472675689734
      1027               3372.6   -0.414611475068584
      1028               3372.7   -0.414767638702556
      1029               3372.8   -0.414978726060536
      1030               3372.9   -0.415264298270825
      1031                 3373   -0.415647664087459
      1032               3373.1   -0.416124835305842
      1033               3373.2   -0.416644332441232
      1034               3373.3   -0.417163306077611
      1035               3373.4   -0.417731763779405
      1036               3373.5    -0.41849782705263
      1037               3373.6   -0.419609359893924
      1038               3373.7   -0.421100420575478
      1039               3373.8   -0.422862546217346
      1040               3373.9   -0.424717004637702
      1041                 3374   -0.426515475031351
      1042               3374.1   -0.428176476251692
      1043               3374.2   -0.429641236913177
      1044               3374.3   -0.430842711749357
      1045               3374.4    -0.43177416461066
      1046               3374.5   -0.432582481870379
      1047               3374.6   -0.433513228977898
      1048               3374.7   -0.434694154440769
      1049               3374.8   -0.435984098933728
      1050               3374.9   -0.437085435768922
      1051                 3375   -0.437822164513443
      1052               3375.1   -0.438300162620105
      1053               3375.2   -0.438809399743955
      1054               3375.3   -0.439588949367574
      1055               3375.4   -0.440660058197785
      1056               3375.5   -0.441825139971692
      1057               3375.6   -0.442798463965615
      1058               3375.7   -0.443373224844237
      1059               3375.8   -0.443531163688184
      1060               3375.9   -0.443440955599956
      1061                 3376   -0.443351854885583
      1062               3376.1   -0.443445838145667
      1063               3376.2   -0.443740239797845
      1064               3376.3   -0.444107611817676
      1065               3376.4   -0.444394526940401
      1066               3376.5   -0.444535032501428
      1067               3376.6   -0.444560153057145
      1068               3376.7   -0.444513684077513
      1069               3376.8   -0.444383484286432
      1070               3376.9   -0.444132140818031
      1071                 3377   -0.443791345517929
      1072               3377.1   -0.443510208311296
      1073               3377.2    -0.44349342826867
      1074               3377.3   -0.443868431603463
      1075               3377.4   -0.444584033030816
      1076               3377.5   -0.445426056996352
      1077               3377.6    -0.44614763614442
      1078               3377.7   -0.446611163534512
      1079               3377.8   -0.446822974977438
      1080               3377.9   -0.446847379753178
      1081                 3378   -0.446706432320962
      1082               3378.1   -0.446366905199788
      1083               3378.2    -0.44580245829762
      1084               3378.3   -0.445049107040556
      1085               3378.4    -0.44421522669268
      1086               3378.5    -0.44346109065379
      1087               3378.6   -0.442944316756947
      1088               3378.7   -0.442720200138818
      1089               3378.8   -0.442661491491534
      1090               3378.9   -0.442500240148004
      1091                 3379    -0.44198243821752
      1092               3379.1   -0.440999153448726
      1093               3379.2   -0.439599232427696
      1094               3379.3   -0.437926936166242
      1095               3379.4   -0.436167195366412
      1096               3379.5    -0.43451039583026
      1097               3379.6   -0.433106234198256
      1098               3379.7   -0.432011287660836
      1099               3379.8   -0.431172006925744
      1100               3379.9   -0.430464003736962
      1101                 3380   -0.429759077170609
      1102               3380.1   -0.428979975540403
      1103               3380.2   -0.428135814409126
      1104               3380.3   -0.427341678552231
      1105               3380.4   -0.426792102379606
      1106               3380.5   -0.426658197223736
      1107               3380.6   -0.426953904923459
      1108               3380.7   -0.427477901584503
      1109               3380.8   -0.427893288092925
      1110               3380.9   -0.427897813160489
      1111                 3381   -0.427366174297836
      1112               3381.1   -0.426365752483767
      1113               3381.2   -0.425045646057231
      1114               3381.3   -0.423508493389055
      1115               3381.4   -0.421790969810151
      1116               3381.5   -0.419961914503241
      1117               3381.6    -0.41820833184329
      1118               3381.7   -0.416781057609944
      1119               3381.8   -0.415825414782362
      1120               3381.9   -0.415262533747028
      1121                 3382    -0.41485858171621
      1122               3382.1   -0.414438419264938
      1123               3382.2   -0.414039343633565
      1124               3382.3   -0.413835606803987
      1125               3382.4   -0.413892023881369
      1126               3382.5    -0.41399848731732
      1127               3382.6   -0.413773855263786
      1128               3382.7   -0.412964384134456
      1129               3382.8   -0.411673799254864
      1130               3382.9   -0.410320832942417
      1131                 3383   -0.409347621459129
      1132               3383.1   -0.408902937576552
      1133               3383.2   -0.408744721551031
      1134               3383.3   -0.408425606431522
      1135               3383.4   -0.407594100961606
      1136               3383.5    -0.40617856840038
      1137               3383.6   -0.404368299309776
      1138               3383.7    -0.40248239477536
      1139               3383.8   -0.400845700074965
      1140               3383.9   -0.399710354708453
      1141                 3384   -0.399211381609931
      1142               3384.1   -0.399346847376549
      1143               3384.2   -0.399969625590491
      1144               3384.3   -0.400790878060893
      1145               3384.4   -0.401451941837793
      1146               3384.5   -0.401707622173137
      1147               3384.6   -0.401604802242202
      1148               3384.7   -0.401440525109183
      1149               3384.8   -0.401476382566331
      1150               3384.9   -0.401687997205723
      1151                 3385   -0.401815992615226
      1152               3385.1   -0.401637357485234
      1153               3385.2   -0.401150994997253
      1154               3385.3   -0.400533373958695
      1155               3385.4   -0.399986020337595
      1156               3385.5   -0.399626620214118
      1157               3385.6   -0.399451350128201
      1158               3385.7    -0.39935692374843
      1159               3385.8   -0.399232853722378
      1160               3385.9   -0.399074420541119
      1161                 3386   -0.398997010626207
      1162               3386.1   -0.399116665456429
      1163               3386.2   -0.399423943898986
      1164               3386.3   -0.399786046609922
      1165               3386.4   -0.400049563717623
      1166               3386.5   -0.400115189821882
      1167               3386.6   -0.399934536864454
      1168               3386.7   -0.399486101127819
      1169               3386.8   -0.398776052213648
      1170               3386.9   -0.397847126936675
      1171                 3387   -0.396774871623275
      1172               3387.1   -0.395657267723798
      1173               3387.2   -0.394602406488159
      1174               3387.3   -0.393710447396596
      1175               3387.4   -0.393053547578764
      1176               3387.5   -0.392659824963265
      1177               3387.6   -0.392505219850683
      1178               3387.7   -0.392524046823885
      1179               3387.8   -0.392640348161853
      1180               3387.9    -0.39279036648497
      1181                 3388   -0.392906454157761
      1182               3388.1   -0.392889330161695
      1183               3388.2    -0.39263900904695
      1184               3388.3   -0.392169061964671
      1185               3388.4   -0.391715256405218
      1186               3388.5   -0.391685602477798
      1187               3388.6    -0.39240139337273
      1188               3388.7    -0.39380441605887
      1189               3388.8   -0.395409628653722
      1190               3388.9   -0.396589541094387
      1191                 3389   -0.396964120919214
      1192               3389.1   -0.396583414487475
      1193               3389.2   -0.395798421866457
      1194               3389.3   -0.394968793601173
      1195               3389.4   -0.394238305490643
      1196               3389.5   -0.393521603240597
      1197               3389.6   -0.392681007016188
      1198               3389.7   -0.391724017671394
      1199               3389.8   -0.390832828202355
      1200               3389.9   -0.390198391125011
      1201                 3390   -0.389837414345822
      1202               3390.1   -0.389589987377826
      1203               3390.2   -0.389290475982038
      1204               3390.3   -0.388916922854833
      1205               3390.4   -0.388574350040123
      1206               3390.5   -0.388364118710883
      1207               3390.6   -0.388286430698922
      1208               3390.7   -0.388251650599553
      1209               3390.8   -0.388168866540592
      1210               3390.9   -0.388029667904403
      1211                 3391   -0.387914059582123
      1212               3391.1   -0.387911914095477
      1213               3391.2   -0.388036969424012
      1214               3391.3   -0.388215211004139
      1215               3391.4   -0.388345301717681
      1216               3391.5   -0.388364362578249
      1217               3391.6   -0.388266658222659
      1218               3391.7   -0.388070114989206
      1219               3391.8   -0.387768609632867
      1220               3391.9   -0.387327410832574
      1221                 3392   -0.386734216678357
      1222               3392.1     -0.3860387281726
      1223               3392.2   -0.385317887360957
      1224               3392.3   -0.384607351617644
      1225               3392.4   -0.383895085962407
      1226               3392.5   -0.383194165535271
      1227               3392.6   -0.382607777026228
      1228               3392.7   -0.382304829599186
      1229               3392.8   -0.382419467606165
      1230               3392.9   -0.382953305448072
      1231                 3393   -0.383742464284327
      1232               3393.1   -0.384504766968963
      1233               3393.2   -0.384955837223353
      1234               3393.3   -0.384955589537871
      1235               3393.4   -0.384602998963376
      1236               3393.5   -0.384195585235498
      1237               3393.6     -0.3840592396088
      1238               3393.7   -0.384365791911202
      1239               3393.8   -0.385065061829863
      1240               3393.9   -0.385946681262598
      1241                 3394   -0.386745713982294
      1242               3394.1   -0.387227760736974
      1243               3394.2   -0.387261568540884
      1244               3394.3   -0.386871390607124
      1245               3394.4   -0.386205738707993
      1246               3394.5   -0.385421867337219
      1247               3394.6   -0.384608424053431
      1248               3394.7   -0.383829677551567
      1249               3394.8   -0.383198760205135
      1250               3394.9   -0.382852515559113
      1251                 3395   -0.382861184930015
      1252               3395.1   -0.383193709683247
      1253               3395.2   -0.383754155606128
      1254               3395.3   -0.384416180637958
      1255               3395.4   -0.385042558892865
      1256               3395.5   -0.385530955624973
      1257               3395.6   -0.385863222576482
      1258               3395.7   -0.386084519714465
      1259               3395.8   -0.386213133824885
      1260               3395.9    -0.38618025285842
      1261                 3396   -0.385882158253841
      1262               3396.1    -0.38531070063542
      1263               3396.2   -0.384634108482871
      1264               3396.3   -0.384126676014212
      1265               3396.4   -0.383984240311119
      1266               3396.5    -0.38418535678821
      1267               3396.6   -0.384525417700441
      1268               3396.7   -0.384780325790265
      1269               3396.8   -0.384835594446138
      1270               3396.9   -0.384684734645455
      1271                 3397   -0.384363909949089
      1272               3397.1   -0.383938598681413
      1273               3397.2   -0.383544773355316
      1274               3397.3   -0.383384218406636
      1275               3397.4   -0.383625983825709
      1276               3397.5   -0.384291097396441
      1277               3397.6   -0.385220031278913
      1278               3397.7   -0.386130951500433
      1279               3397.8   -0.386714486328618
      1280               3397.9   -0.386735596278548
      1281                 3398   -0.386128118204924
      1282               3398.1   -0.385023133377997
      1283               3398.2   -0.383656220150545
      1284               3398.3    -0.38221796617911
      1285               3398.4   -0.380800680297393
      1286               3398.5   -0.379489684828197
      1287               3398.6   -0.378460271830254
      1288               3398.7   -0.377933206059508
      1289               3398.8   -0.378031782511051
      1290               3398.9   -0.378705290803951
      1291                 3399   -0.379781585285209
      1292               3399.1   -0.381056124823577
      1293               3399.2   -0.382329463447388
      1294               3399.3   -0.383418631365707
      1295               3399.4   -0.384200360393543
      1296               3399.5   -0.384666863267729
      1297               3399.6    -0.38492818233733
      1298               3399.7   -0.385150233624913
      1299               3399.8    -0.38548160974613
      1300               3399.9   -0.386002699110494
      1301                 3400   -0.386681425987138
      1302               3400.1    -0.38734003787096
      1303               3400.2     -0.3876931712341
      1304               3400.3   -0.387485397460324
      1305               3400.4   -0.386638029554154
      1306               3400.5   -0.385276430872223
      1307               3400.6   -0.383638390503031
      1308               3400.7   -0.381996107016375
      1309               3400.8   -0.380657055986175
      1310               3400.9   -0.379938551342591
      1311                 3401   -0.380022004297188
      1312               3401.1    -0.38080124943442
      1313               3401.2   -0.381927787159775
      1314               3401.3    -0.38306071270135
      1315               3401.4   -0.384095929379966
      1316               3401.5    -0.38516578849867
      1317               3401.6   -0.386425084683037
      1318               3401.7   -0.387824747625747
      1319               3401.8   -0.389069119166313
      1320               3401.9   -0.389790437158103
      1321                 3402   -0.389796962159974
      1322               3402.1   -0.389198459777427
      1323               3402.2   -0.388319230193643
      1324               3402.3   -0.387481254435288
      1325               3402.4   -0.386836274978313
      1326               3402.5   -0.386363887892759
      1327               3402.6   -0.385987969749381
      1328               3402.7   -0.385663852440937
      1329               3402.8   -0.385363330084856
      1330               3402.9   -0.385034029601426
      1331                 3403   -0.384635431528695
      1332               3403.1    -0.38422654571775
      1333               3403.2   -0.383982649957025
      1334               3403.3   -0.384087381329443
      1335               3403.4   -0.384588391493792
      1336               3403.5   -0.385340646788093
      1337               3403.6   -0.386065880777396
      1338               3403.7   -0.386462498463255
      1339               3403.8   -0.386305581991827
      1340               3403.9   -0.385530490227275
      1341                 3404   -0.384292419228387
      1342               3404.1   -0.382946175535419
      1343               3404.2   -0.381904002202262
      1344               3404.3   -0.381432915207065
      1345               3404.4   -0.381529938334852
      1346               3404.5   -0.381964123456492
      1347               3404.6   -0.382444540845105
      1348               3404.7   -0.382782995274475
      1349               3404.8   -0.382941080171967
      1350               3404.9   -0.382962704142567
      1351                 3405   -0.382889177537925
      1352               3405.1   -0.382732627350077
      1353               3405.2   -0.382483938069973
      1354               3405.3   -0.382101180255449
      1355               3405.4    -0.38150428274791
      1356               3405.5   -0.380650491230423
      1357               3405.6   -0.379671053309472
      1358               3405.7   -0.378918759769048
      1359               3405.8   -0.378807253041276
      1360               3405.9   -0.379527747135173
      1361                 3406   -0.380881676524591
      1362               3406.1   -0.382378152974351
      1363               3406.2   -0.383506445681355
      1364               3406.3   -0.383970542933304
      1365               3406.4   -0.383766557359495
      1366               3406.5   -0.383133593768125
      1367               3406.6   -0.382444351597323
      1368               3406.7   -0.382058281401531
      1369               3406.8   -0.382165742420286
      1370               3406.9   -0.382705982377144
      1371                 3407   -0.383428027072161
      1372               3407.1   -0.384052938746565
      1373               3407.2   -0.384415709080081
      1374               3407.3   -0.384512369085524
      1375               3407.4   -0.384469787025552
      1376               3407.5   -0.384470804188818
      1377               3407.6   -0.384642513270064
      1378               3407.7   -0.384950016214763
      1379               3407.8   -0.385187934322093
      1380               3407.9   -0.385109924153447
      1381                 3408   -0.384609903426225
      1382               3408.1   -0.383813153282685
      1383               3408.2    -0.38300359068903
      1384               3408.3   -0.382427206625353
      1385               3408.4   -0.382099598088364
      1386               3408.5   -0.381775704210168
      1387               3408.6   -0.381155620041511
      1388               3408.7   -0.380197474214365
      1389               3408.8   -0.379259706944838
      1390               3408.9   -0.378903086205088
      1391                 3409   -0.379484751472391
      1392               3409.1   -0.380871394883118
      1393               3409.2   -0.382498964120182
      1394               3409.3   -0.383726328388361
      1395               3409.4   -0.384216706883185
      1396               3409.5   -0.384080086035603
      1397               3409.6   -0.383701836474304
      1398               3409.7   -0.383420162841014
      1399               3409.8   -0.383313910078936
      1400               3409.9   -0.383242770201723
      1401                 3410   -0.383056553958505
      1402               3410.1   -0.382767929076198
      1403               3410.2   -0.382559033107711
      1404               3410.3   -0.382655755528623
      1405               3410.4    -0.38318107961243
      1406               3410.5   -0.384063106519919
      1407               3410.6   -0.385033466273056
      1408               3410.7   -0.385745281677489
      1409               3410.8   -0.385976761925703
      1410               3410.9   -0.385766279770036
      1411                 3411   -0.385330471336218
      1412               3411.1   -0.384833968428347
      1413               3411.2   -0.384267139522464
      1414               3411.3   -0.383563335244079
      1415               3411.4    -0.38277195666413
      1416               3411.5   -0.382025484755569
      1417               3411.6   -0.381331262649835
      1418               3411.7   -0.380486934344756
      1419               3411.8   -0.379274705594088
      1420               3411.9    -0.37771908750268
      1421                 3412   -0.376101902345678
      1422               3412.1   -0.374732019546069
      1423               3412.2   -0.373747336402137
      1424               3412.3   -0.373134656030801
      1425               3412.4   -0.372866784300029
      1426               3412.5    -0.37296843141044
      1427               3412.6   -0.373480066771302
      1428               3412.7   -0.374406511374193
      1429               3412.8   -0.375684233873552
      1430               3412.9   -0.377149413169343
      1431                 3413   -0.378544089467706
      1432               3413.1   -0.379614749920502
      1433               3413.2   -0.380242519530913
      1434               3413.3   -0.380464756303712
      1435               3413.4   -0.380362397212794
      1436               3413.5   -0.379958785718916
      1437               3413.6   -0.379257093888548
      1438               3413.7   -0.378349693860512
      1439               3413.8   -0.377432860899241
      1440               3413.9   -0.376693014089601
      1441                 3414   -0.376202499197577
      1442               3414.1   -0.375935242217563
      1443               3414.2    -0.37585121146351
      1444               3414.3   -0.375942179203284
      1445               3414.4   -0.376217318530607
      1446               3414.5   -0.376672096875372
      1447               3414.6   -0.377263470952045
      1448               3414.7   -0.377893863887741
      1449               3414.8   -0.378419962745546
      1450               3414.9   -0.378697955020405
      1451                 3415   -0.378645037633038
      1452               3415.1   -0.378281235353247
      1453               3415.2   -0.377728096885651
      1454               3415.3   -0.377161312715202
      1455               3415.4   -0.376736775871231
      1456               3415.5   -0.376534746568721
      1457               3415.6   -0.376566690537201
      1458               3415.7   -0.376832524284849
      1459               3415.8   -0.377345792945933
      1460               3415.9   -0.378068534748859
      1461                 3416     -0.3788267355236
      1462               3416.1   -0.379346126348495
      1463               3416.2   -0.379427345979824
      1464               3416.3   -0.379101110970587
      1465               3416.4   -0.378606601358875
      1466               3416.5   -0.378223329113574
      1467               3416.6   -0.378121589384999
      1468               3416.7   -0.378334589983639
      1469               3416.8   -0.378810378057172
      1470               3416.9   -0.379452388565751
      1471                 3417   -0.380126712934953
      1472               3417.1   -0.380689185092995
      1473               3417.2   -0.381068133794161
      1474               3417.3   -0.381342994336961
      1475               3417.4   -0.381705408214471
      1476               3417.5   -0.382285871665527
      1477               3417.6   -0.383002844211891
      1478               3417.7   -0.383613265188621
      1479               3417.8   -0.383929656366959
      1480               3417.9   -0.383964855975416
      1481                 3418   -0.383848325112749
      1482               3418.1   -0.383632270796024
      1483               3418.2   -0.383220622229403
      1484               3418.3   -0.382485727808964
      1485               3418.4   -0.381423351251838
      1486               3418.5    -0.38018336836281
      1487               3418.6   -0.378974711690183
      1488               3418.7   -0.377971406432987
      1489               3418.8   -0.377306789748457
      1490               3418.9   -0.377104924539665
      1491                 3419   -0.377448258547937
      1492               3419.1   -0.378284131089359
      1493               3419.2   -0.379377990429478
      1494               3419.3   -0.380382126502376
      1495               3419.4   -0.380977007656125
      1496               3419.5    -0.38099969406857
      1497               3419.6    -0.38049587377353
      1498               3419.7    -0.37966768568896
      1499               3419.8   -0.378754752718372
      1500               3419.9   -0.377935249937321
