     index            Field [G]         Intensity []

         1                 3270   -0.389788030666668
         2               3270.1   -0.389507757620751
         3               3270.2   -0.389298795344883
         4               3270.3   -0.389279290844826
         5               3270.4    -0.38961915948817
         6               3270.5   -0.390450784270223
         7               3270.6   -0.391750345054742
         8               3270.7   -0.393315196238061
         9               3270.8   -0.394883115491635
        10               3270.9   -0.396272514879096
        11                 3271   -0.397404939414627
        12               3271.1   -0.398224543708754
        13               3271.2   -0.398646281336811
        14               3271.3   -0.398606376388639
        15               3271.4   -0.398150371163503
        16               3271.5   -0.397453795528614
        17               3271.6   -0.396751312484196
        18               3271.7   -0.396229048685568
        19               3271.8    -0.39594081677143
        20               3271.9   -0.395786444525296
        21                 3272    -0.39557395808383
        22               3272.1   -0.395146124238935
        23               3272.2   -0.394493325662879
        24               3272.3   -0.393777660354899
        25               3272.4   -0.393270171155416
        26               3272.5   -0.393251579220805
        27               3272.6   -0.393900273806803
        28               3272.7   -0.395182446179992
        29               3272.8   -0.396812321328536
        30               3272.9    -0.39835402344631
        31                 3273   -0.399426877589953
        32               3273.1   -0.399874750945652
        33               3273.2   -0.399789522075688
        34               3273.3   -0.399397260331919
        35               3273.4   -0.398914139238126
        36               3273.5   -0.398489795232465
        37               3273.6    -0.39825754942566
        38               3273.7   -0.398380857018215
        39               3273.8   -0.398987116550837
        40               3273.9   -0.400037675981475
        41                 3274   -0.401285195265929
        42               3274.1   -0.402370838495705
        43               3274.2   -0.402966902231566
        44               3274.3   -0.402871912039117
        45               3274.4   -0.402056898690107
        46               3274.5   -0.400686337305285
        47               3274.6   -0.399101866295591
        48               3274.7   -0.397747849998244
        49               3274.8   -0.397034869212635
        50               3274.9   -0.397166750668557
        51                 3275   -0.398021981897929
        52               3275.1    -0.39921077645445
        53               3275.2   -0.400307261830238
        54               3275.3   -0.401075059200097
        55               3275.4   -0.401510554248264
        56               3275.5   -0.401731924225671
        57               3275.6    -0.40186783331791
        58               3275.7   -0.402010654764511
        59               3275.8   -0.402187104285623
        60               3275.9   -0.402336679069614
        61                 3276    -0.40235579046082
        62               3276.1   -0.402198165469454
        63               3276.2   -0.401916781769853
        64               3276.3   -0.401583724286594
        65               3276.4   -0.401183589324142
        66               3276.5   -0.400617377311523
        67               3276.6   -0.399821133555741
        68               3276.7   -0.398874434673663
        69               3276.8   -0.397992445106448
        70               3276.9   -0.397415941652026
        71                 3277   -0.397304169574245
        72               3277.1   -0.397716834170343
        73               3277.2   -0.398668090412742
        74               3277.3   -0.400154290124655
        75               3277.4   -0.402093168522196
        76               3277.5    -0.40423348285438
        77               3277.6   -0.406161054466699
        78               3277.7   -0.407453125952136
        79               3277.8   -0.407890789385852
        80               3277.9   -0.407571641526743
        81                 3278   -0.406828094268706
        82               3278.1   -0.405997189246493
        83               3278.2   -0.405210731775433
        84               3278.3   -0.404376621565363
        85               3278.4   -0.403357428581604
        86               3278.5   -0.402154864117984
        87               3278.6   -0.400911571927253
        88               3278.7   -0.399762345297966
        89               3278.8   -0.398735218766737
        90               3278.9   -0.397814604078995
        91                 3279   -0.397063465973778
        92               3279.1   -0.396628259759088
        93               3279.2   -0.396591797718464
        94               3279.3   -0.396823834307002
        95               3279.4   -0.397005423946471
        96               3279.5   -0.396843667543065
        97               3279.6   -0.396304998992954
        98               3279.7   -0.395654995685955
        99               3279.8   -0.395243510259569
       100               3279.9   -0.395201085722611
       101                 3280   -0.395319821380946
       102               3280.1   -0.395245657859368
       103               3280.2    -0.39480946005028
       104               3280.3   -0.394176617110916
       105               3280.4   -0.393678063576848
       106               3280.5   -0.393504374108308
       107               3280.6   -0.393555180026409
       108               3280.7   -0.393556719793093
       109               3280.8   -0.393313614232809
       110               3280.9   -0.392874867799138
       111                 3281   -0.392497986952175
       112               3281.1   -0.392465565662983
       113               3281.2   -0.392905124307864
       114               3281.3   -0.393730885581297
       115               3281.4   -0.394719692393242
       116               3281.5   -0.395643815108876
       117               3281.6   -0.396361348157361
       118               3281.7   -0.396813671960951
       119               3281.8   -0.396968189352743
       120               3281.9   -0.396799310770704
       121                 3282    -0.39635016468901
       122               3282.1   -0.395797608901602
       123               3282.2   -0.395399452516075
       124               3282.3   -0.395319791701809
       125               3282.4    -0.39548915485434
       126               3282.5   -0.395657623781362
       127               3282.6   -0.395611560784361
       128               3282.7   -0.395355488483853
       129               3282.8   -0.395108293502267
       130               3282.9   -0.395160203403244
       131                 3283   -0.395736481295118
       132               3283.1   -0.396923218804634
       133               3283.2   -0.398609805292598
       134               3283.3   -0.400454675068228
       135               3283.4   -0.401970601006519
       136               3283.5    -0.40274922715895
       137               3283.6   -0.402663668293401
       138               3283.7   -0.401870663640747
       139               3283.8   -0.400642723523851
       140               3283.9   -0.399229667951393
       141                 3284   -0.397858147918081
       142               3284.1   -0.396770922261777
       143               3284.2   -0.396176471766615
       144               3284.3   -0.396143501993281
       145               3284.4   -0.396576507183681
       146               3284.5   -0.397305950097138
       147               3284.6    -0.39818594214964
       148               3284.7   -0.399114292692001
       149               3284.8   -0.400013671933003
       150               3284.9   -0.400841402835907
       151                 3285   -0.401608952571452
       152               3285.1   -0.402351321624268
       153               3285.2   -0.403060679885877
       154               3285.3   -0.403666396822616
       155               3285.4   -0.404093936886469
       156               3285.5    -0.40433459800267
       157               3285.6   -0.404444682213455
       158               3285.7    -0.40447760063857
       159               3285.8   -0.404422039227756
       160               3285.9   -0.404203389650809
       161                 3286   -0.403744881728101
       162               3286.1    -0.40304078654641
       163               3286.2   -0.402186770449594
       164               3286.3   -0.401342124995689
       165               3286.4    -0.40064764668617
       166               3286.5   -0.400149852589343
       167               3286.6     -0.3997687389239
       168               3286.7   -0.399322068969201
       169               3286.8   -0.398607283661957
       170               3286.9   -0.397523655811534
       171                 3287   -0.396176520921799
       172               3287.1   -0.394877858788565
       173               3287.2   -0.394003875084814
       174               3287.3   -0.393788388765848
       175               3287.4   -0.394208309362741
       176               3287.5   -0.395041633014773
       177               3287.6   -0.396013235544345
       178               3287.7   -0.396886499878646
       179               3287.8   -0.397469152218468
       180               3287.9   -0.397613265727992
       181                 3288   -0.397262757035239
       182               3288.1   -0.396509755693417
       183               3288.2   -0.395597915723882
       184               3288.3    -0.39486013559966
       185               3288.4   -0.394618692463219
       186               3288.5   -0.395073379361797
       187               3288.6   -0.396195948920623
       188               3288.7   -0.397674257368823
       189               3288.8    -0.39897414014283
       190               3288.9   -0.399541371485962
       191                 3289   -0.399056755232969
       192               3289.1   -0.397588320323254
       193               3289.2   -0.395536502355994
       194               3289.3   -0.393410306936882
       195               3289.4    -0.39159523733523
       196               3289.5   -0.390271273027461
       197               3289.6   -0.389498594378313
       198               3289.7   -0.389333398061291
       199               3289.8   -0.389824252097757
       200               3289.9   -0.390889889619968
       201                 3290   -0.392235051393916
       202               3290.1    -0.39344378981183
       203               3290.2   -0.394198773376036
       204               3290.3   -0.394424119197373
       205               3290.4   -0.394232588527054
       206               3290.5   -0.393777286210632
       207               3290.6   -0.393179877696409
       208               3290.7   -0.392564218251325
       209               3290.8   -0.392092495600052
       210               3290.9   -0.391935012796192
       211                 3291   -0.392197923975827
       212               3291.1   -0.392859661690078
       213               3291.2   -0.393756001179942
       214               3291.3   -0.394645618735578
       215               3291.4   -0.395341766951262
       216               3291.5   -0.395820850262171
       217               3291.6    -0.39621461284521
       218               3291.7   -0.396691060702147
       219               3291.8   -0.397327302347111
       220               3291.9   -0.398072805643173
       221                 3292   -0.398810121777864
       222               3292.1   -0.399438223350491
       223               3292.2   -0.399903078168384
       224               3292.3   -0.400169154234941
       225               3292.4   -0.400189069200621
       226               3292.5   -0.399924848364771
       227               3292.6    -0.39941346925846
       228               3292.7   -0.398813527771973
       229               3292.8   -0.398369543255932
       230               3292.9   -0.398289889222593
       231                 3293   -0.398612626515476
       232               3293.1   -0.399162689341015
       233               3293.2   -0.399641456535687
       234               3293.3   -0.399784552982281
       235               3293.4   -0.399485263726073
       236               3293.5   -0.398836830894031
       237               3293.6   -0.398098313007395
       238               3293.7    -0.39757924547011
       239               3293.8   -0.397459032987152
       240               3293.9   -0.397656466327343
       241                 3294   -0.397891330163075
       242               3294.1   -0.397911833514695
       243               3294.2   -0.397673904454533
       244               3294.3   -0.397313985737209
       245               3294.4   -0.396997634258474
       246               3294.5   -0.396831029562538
       247               3294.6   -0.396871781270236
       248               3294.7   -0.397117443767271
       249               3294.8   -0.397422895012658
       250               3294.9   -0.397475792003383
       251                 3295   -0.396949814059245
       252               3295.1   -0.395744465968976
       253               3295.2   -0.394094663120511
       254               3295.3   -0.392454865950651
       255               3295.4   -0.391258649570597
       256               3295.5   -0.390713133208267
       257               3295.6   -0.390729063456316
       258               3295.7   -0.391015861439565
       259               3295.8   -0.391282841382646
       260               3295.9   -0.391394524819856
       261                 3296   -0.391356818261774
       262               3296.1   -0.391189704430664
       263               3296.2   -0.390864886300426
       264               3296.3   -0.390385212468786
       265               3296.4    -0.38988892039027
       266               3296.5   -0.389625436912543
       267               3296.6   -0.389799206397158
       268               3296.7   -0.390419855847732
       269               3296.8   -0.391285085849572
       270               3296.9   -0.392099581560886
       271                 3297   -0.392628057047449
       272               3297.1    -0.39277240714523
       273               3297.2   -0.392545711963373
       274               3297.3   -0.392014903872825
       275               3297.4   -0.391298258939638
       276               3297.5   -0.390607455244994
       277               3297.6   -0.390231920818383
       278               3297.7   -0.390409435163754
       279               3297.8   -0.391169383442334
       280               3297.9   -0.392292351087118
       281                 3298   -0.393428394659105
       282               3298.1   -0.394280275971006
       283               3298.2   -0.394724388974052
       284               3298.3    -0.39480967014542
       285               3298.4   -0.394665134343404
       286               3298.5   -0.394400203054367
       287               3298.6   -0.394067594686222
       288               3298.7   -0.393690852890923
       289               3298.8   -0.393309051700339
       290               3298.9    -0.39300140379545
       291                 3299   -0.392878647385436
       292               3299.1   -0.393032909707494
       293               3299.2   -0.393466528294085
       294               3299.3   -0.394072584445121
       295               3299.4   -0.394716621907446
       296               3299.5   -0.395350991726921
       297               3299.6   -0.396034256903481
       298               3299.7   -0.396830940776716
       299               3299.8   -0.397700590862319
       300               3299.9   -0.398480135305449
       301                 3300   -0.398961601720477
       302               3300.1   -0.399008723704924
       303               3300.2   -0.398648933547094
       304               3300.3   -0.398069967676489
       305               3300.4   -0.397496255173491
       306               3300.5   -0.397046626979059
       307               3300.6    -0.39672091296133
       308               3300.7   -0.396508889989274
       309               3300.8   -0.396450459986566
       310               3300.9   -0.396552791597519
       311                 3301   -0.396686520710932
       312               3301.1   -0.396619871932507
       313               3301.2   -0.396163395366483
       314               3301.3   -0.395269871245808
       315               3301.4   -0.394025027314324
       316               3301.5   -0.392604454032876
       317               3301.6   -0.391258716463721
       318               3301.7   -0.390282703945845
       319               3301.8   -0.389914767583245
       320               3301.9   -0.390214557165304
       321                 3302   -0.391027163803385
       322               3302.1     -0.3920673955718
       323               3302.2    -0.39304785966137
       324               3302.3   -0.393757198589906
       325               3302.4   -0.394071388913761
       326               3302.5   -0.393949270082947
       327               3302.6   -0.393448944323035
       328               3302.7   -0.392737977949161
       329               3302.8   -0.392051621019218
       330               3302.9   -0.391604667535287
       331                 3303   -0.391506776038393
       332               3303.1   -0.391718726320345
       333               3303.2   -0.392066496903629
       334               3303.3   -0.392327696199945
       335               3303.4   -0.392367814678849
       336               3303.5   -0.392235597912849
       337               3303.6   -0.392130891643682
       338               3303.7   -0.392264568781258
       339               3303.8   -0.392721129029328
       340               3303.9   -0.393414160735884
       341                 3304   -0.394142085669029
       342               3304.1    -0.39469972086107
       343               3304.2   -0.394990456716093
       344               3304.3   -0.395078764598875
       345               3304.4   -0.395138318432907
       346               3304.5   -0.395320586079525
       347               3304.6   -0.395641676528322
       348               3304.7   -0.395968509157323
       349               3304.8   -0.396094763202645
       350               3304.9   -0.395846909650263
       351                 3305   -0.395183449473481
       352               3305.1   -0.394259811714716
       353               3305.2   -0.393399694641894
       354               3305.3   -0.392940314591583
       355               3305.4   -0.393041441498053
       356               3305.5   -0.393618819927213
       357               3305.6    -0.39444894938074
       358               3305.7   -0.395311292089433
       359               3305.8   -0.396020856716173
       360               3305.9   -0.396376369376714
       361                 3306   -0.396172027649463
       362               3306.1   -0.395327837377298
       363               3306.2   -0.394007143205654
       364               3306.3   -0.392557829341774
       365               3306.4   -0.391291355481794
       366               3306.5   -0.390292549140328
       367               3306.6   -0.389423875702932
       368               3306.7   -0.388500593270035
       369               3306.8   -0.387482185332489
       370               3306.9    -0.38654459488565
       371                 3307   -0.385990036550112
       372               3307.1   -0.386044959070191
       373               3307.2   -0.386676131261455
       374               3307.3   -0.387566791005815
       375               3307.4   -0.388287029469957
       376               3307.5   -0.388539864160327
       377               3307.6   -0.388310616532191
       378               3307.7   -0.387829178707534
       379               3307.8   -0.387390832561314
       380               3307.9   -0.387180942487659
       381                 3308   -0.387240662524507
       382               3308.1   -0.387571041469751
       383               3308.2   -0.388223614571091
       384               3308.3   -0.389251230983543
       385               3308.4   -0.390571762232162
       386               3308.5   -0.391901930450124
       387               3308.6   -0.392841753511173
       388               3308.7   -0.393059340489896
       389               3308.8   -0.392466590120621
       390               3308.9   -0.391283878030071
       391                 3309   -0.389941061725566
       392               3309.1   -0.388852058506578
       393               3309.2   -0.388189960603089
       394               3309.3   -0.387811271301599
       395               3309.4   -0.387396851284029
       396               3309.5   -0.386720023799505
       397               3309.6   -0.385832361712722
       398               3309.7   -0.385015922574922
       399               3309.8   -0.384565422287868
       400               3309.9   -0.384610300986534
       401                 3310   -0.385108034426456
       402               3310.1   -0.385953229955085
       403               3310.2   -0.387063969831187
       404               3310.3   -0.388372183603728
       405               3310.4     -0.3897568297824
       406               3310.5   -0.391022239042858
       407               3310.6   -0.391987148245705
       408               3310.7   -0.392620315477548
       409               3310.8   -0.393065647867222
       410               3310.9   -0.393494594189661
       411                 3311   -0.393931887289531
       412               3311.1   -0.394246599109157
       413               3311.2   -0.394294248797937
       414               3311.3   -0.394012646272865
       415               3311.4   -0.393371407741849
       416               3311.5   -0.392304510949277
       417               3311.6   -0.390784224631928
       418               3311.7   -0.388985870970328
       419               3311.8   -0.387329506861588
       420               3311.9    -0.38627851177405
       421                 3312   -0.386026427901919
       422               3312.1   -0.386339515038915
       423               3312.2   -0.386693609929229
       424               3312.3   -0.386582867233163
       425               3312.4    -0.38575880705583
       426               3312.5   -0.384278967988227
       427               3312.6   -0.382422943795363
       428               3312.7   -0.380568564690981
       429               3312.8   -0.379050981472775
       430               3312.9   -0.378017525127994
       431                 3313   -0.377355947829443
       432               3313.1   -0.376774596730124
       433               3313.2   -0.376001152335637
       434               3313.3   -0.374963090151152
       435               3313.4   -0.373827425834652
       436               3313.5   -0.372877275277472
       437               3313.6   -0.372302998405285
       438               3313.7   -0.372043547155809
       439               3313.8   -0.371794928021686
       440               3313.9   -0.371184648526033
       441                 3314   -0.369974615483184
       442               3314.1   -0.368144514396021
       443               3314.2   -0.365838389544398
       444               3314.3   -0.363272958241312
       445               3314.4   -0.360682588841311
       446               3314.5   -0.358278675133964
       447               3314.6   -0.356181306690375
       448               3314.7   -0.354356470785435
       449               3314.8   -0.352629083086057
       450               3314.9   -0.350772639348941
       451                 3315   -0.348605682030513
       452               3315.1   -0.346050518334436
       453               3315.2   -0.343164608933089
       454               3315.3   -0.340143508084891
       455               3315.4   -0.337254994928614
       456               3315.5   -0.334695192996357
       457               3315.6   -0.332450720577953
       458               3315.7   -0.330287052419157
       459               3315.8   -0.327888082742257
       460               3315.9   -0.325034404790638
       461                 3316   -0.321685769763995
       462               3316.1   -0.317943602518332
       463               3316.2   -0.313970749085247
       464               3316.3    -0.30994052146272
       465               3316.4   -0.306023878170996
       466               3316.5   -0.302380941971086
       467               3316.6   -0.299119285886665
       468               3316.7   -0.296214512652216
       469               3316.8   -0.293452085358428
       470               3316.9   -0.290483497953659
       471                 3317   -0.287016588646211
       472               3317.1   -0.283013947892225
       473               3317.2   -0.278722075381903
       474               3317.3    -0.27449748955429
       475               3317.4   -0.270593519236963
       476               3317.5   -0.267087584174619
       477               3317.6   -0.263949510830334
       478               3317.7   -0.261112064114009
       479               3317.8    -0.25846662523725
       480               3317.9   -0.255850316157632
       481                 3318    -0.25310898686104
       482               3318.1   -0.250203544801753
       483               3318.2   -0.247246336047395
       484               3318.3    -0.24441811853664
       485               3318.4   -0.241843029937219
       486               3318.5   -0.239536448560839
       487               3318.6   -0.237452367766227
       488               3318.7   -0.235555199457033
       489               3318.8   -0.233841931496109
       490               3318.9   -0.232323366248865
       491                 3319   -0.231018155019942
       492               3319.1   -0.229968786523175
       493               3319.2    -0.22923780400059
       494               3319.3   -0.228872550612574
       495               3319.4   -0.228890862707586
       496               3319.5   -0.229325837233503
       497               3319.6   -0.230275647490169
       498               3319.7   -0.231865305948934
       499               3319.8   -0.234120144253094
       500               3319.9   -0.236874825597971
       501                 3320   -0.239833342837866
       502               3320.1   -0.242747675111868
       503               3320.2   -0.245567543297856
       504               3320.3   -0.248459614617208
       505               3320.4   -0.251721215218261
       506               3320.5   -0.255659947038393
       507               3320.6    -0.26046471542134
       508               3320.7   -0.266079197910776
       509               3320.8   -0.272145627342094
       510               3320.9   -0.278106235736735
       511                 3321   -0.283455087877658
       512               3321.1     -0.2880019072567
       513               3321.2   -0.291969453969919
       514               3321.3   -0.295838316286584
       515               3321.4   -0.300024142182454
       516               3321.5   -0.304611868666626
       517               3321.6   -0.309351228464018
       518               3321.7   -0.313908791196657
       519               3321.8   -0.318146217291014
       520               3321.9    -0.32218570624714
       521                 3322   -0.326241770000403
       522               3322.1   -0.330404394802013
       523               3322.2   -0.334558853435762
       524               3322.3    -0.33847105744914
       525               3322.4   -0.341930231896389
       526               3322.5   -0.344834720544515
       527               3322.6   -0.347207275915765
       528               3322.7   -0.349201542012649
       529               3322.8   -0.351112767604187
       530               3322.9   -0.353315268686619
       531                 3323   -0.356082497607726
       532               3323.1   -0.359394103379134
       533               3323.2   -0.362906124264145
       534               3323.3   -0.366144146761574
       535               3323.4   -0.368783056393366
       536               3323.5   -0.370796803297773
       537               3323.6    -0.37238298118436
       538               3323.7   -0.373772848991918
       539               3323.8    -0.37510873379493
       540               3323.9   -0.376443647424872
       541                 3324   -0.377779943532319
       542               3324.1   -0.379086212423197
       543               3324.2   -0.380320359624686
       544               3324.3   -0.381470744143329
       545               3324.4   -0.382559634600148
       546               3324.5   -0.383590852527607
       547               3324.6   -0.384518827283867
       548               3324.7   -0.385299695077687
       549               3324.8   -0.385973214645992
       550               3324.9   -0.386684127717617
       551                 3325    -0.38761865075503
       552               3325.1   -0.388896115790557
       553               3325.2   -0.390469333994237
       554               3325.3   -0.392090739367123
       555               3325.4   -0.393396010041714
       556               3325.5   -0.394097897289893
       557               3325.6   -0.394180585134904
       558               3325.7   -0.393935017123501
       559               3325.8   -0.393772924480883
       560               3325.9   -0.393956753520022
       561                 3326   -0.394478154732589
       562               3326.1   -0.395166788759414
       563               3326.2   -0.395866718303371
       564               3326.3   -0.396474923539551
       565               3326.4   -0.396840422324268
       566               3326.5   -0.396703753279298
       567               3326.6   -0.395797424695232
       568               3326.7   -0.394025974997833
       569               3326.8   -0.391545775763102
       570               3326.9   -0.388663763106422
       571                 3327   -0.385653388164121
       572               3327.1   -0.382666515880924
       573               3327.2   -0.379815909903873
       574               3327.3    -0.37730452701423
       575               3327.4   -0.375405504730154
       576               3327.5   -0.374266569737538
       577               3327.6   -0.373742622482473
       578               3327.7   -0.373459768562259
       579               3327.8   -0.373072827352368
       580               3327.9   -0.372484850392853
       581                 3328    -0.37185207041536
       582               3328.1     -0.3714000321561
       583               3328.2   -0.371218035272178
       584               3328.3   -0.371189257486824
       585               3328.4   -0.371089790521131
       586               3328.5   -0.370753082211009
       587               3328.6   -0.370161405369245
       588               3328.7   -0.369418907848601
       589               3328.8   -0.368671949406045
       590               3328.9   -0.368053687457705
       591                 3329   -0.367660145516435
       592               3329.1   -0.367526198429906
       593               3329.2   -0.367605508565168
       594               3329.3   -0.367792882020973
       595               3329.4   -0.367988823541735
       596               3329.5   -0.368143825333323
       597               3329.6    -0.36823630560712
       598               3329.7   -0.368223588280701
       599               3329.8   -0.368040630177512
       600               3329.9   -0.367656067077691
       601                 3330   -0.367120605238071
       602               3330.1   -0.366551492391523
       603               3330.2   -0.366066299263485
       604               3330.3   -0.365729883615459
       605               3330.4   -0.365564696635171
       606               3330.5   -0.365602740299783
       607               3330.6   -0.365894228294239
       608               3330.7   -0.366431544910342
       609               3330.8    -0.36708286378912
       610               3330.9   -0.367672075098127
       611                 3331   -0.368174957857211
       612               3331.1   -0.368812806881254
       613               3331.2   -0.369890402469701
       614               3331.3   -0.371506380006852
       615               3331.4   -0.373427979471327
       616               3331.5   -0.375268687099766
       617               3331.6   -0.376804110487444
       618               3331.7   -0.378131803275461
       619               3331.8   -0.379551759571331
       620               3331.9   -0.381322200813913
       621                 3332   -0.383527899382214
       622               3332.1   -0.386122115824543
       623               3332.2   -0.389013560485432
       624               3332.3   -0.392088095374876
       625               3332.4   -0.395197967705108
       626               3332.5    -0.39820026708539
       627               3332.6   -0.401045978967626
       628               3332.7   -0.403846856746813
       629               3332.8    -0.40685191304379
       630               3332.9   -0.410317026027805
       631                 3333   -0.414332074186622
       632               3333.1   -0.418748862451518
       633               3333.2   -0.423310613510904
       634               3333.3   -0.427882596160511
       635               3333.4   -0.432542623295828
       636               3333.5   -0.437430814691012
       637               3333.6   -0.442534074578614
       638               3333.7   -0.447643621512238
       639               3333.8   -0.452510581690669
       640               3333.9   -0.457015598916918
       641                 3334   -0.461189918251258
       642               3334.1   -0.465108913664964
       643               3334.2   -0.468803623039052
       644               3334.3   -0.472279780236339
       645               3334.4   -0.475585718908865
       646               3334.5   -0.478818785815431
       647               3334.6   -0.482058158304218
       648               3334.7   -0.485311041007823
       649               3334.8    -0.48852483818711
       650               3334.9   -0.491621779020704
       651                 3335   -0.494505040121762
       652               3335.1   -0.497058942371034
       653               3335.2   -0.499187113029013
       654               3335.3   -0.500873010697827
       655               3335.4   -0.502212366578956
       656               3335.5   -0.503395493420019
       657               3335.6   -0.504637362297708
       658               3335.7   -0.506060032605805
       659               3335.8   -0.507592406371101
       660               3335.9   -0.509004539892825
       661                 3336    -0.51009336612118
       662               3336.1   -0.510848500097978
       663               3336.2   -0.511405985935562
       664               3336.3   -0.511813005050638
       665               3336.4   -0.511836254189976
       666               3336.5   -0.511018036888659
       667               3336.6   -0.508957576415605
       668               3336.7   -0.505591304538806
       669               3336.8   -0.501238172913693
       670               3336.9   -0.496370976561267
       671                 3337   -0.491312643780548
       672               3337.1   -0.486117293208972
       673               3337.2   -0.480702799256845
       674               3337.3   -0.475045020933436
       675               3337.4   -0.469204024417757
       676               3337.5   -0.463166612193214
       677               3337.6    -0.45670316099712
       678               3337.7   -0.449423158594151
       679               3337.8   -0.441014777880541
       680               3337.9   -0.431472977424191
       681                 3338   -0.421111602727604
       682               3338.1   -0.410336674093707
       683               3338.2   -0.399390338544508
       684               3338.3    -0.38831544123458
       685               3338.4   -0.377149705334134
       686               3338.5    -0.36609025790367
       687               3338.6   -0.355408801339136
       688               3338.7   -0.345209774159977
       689               3338.8   -0.335322682229363
       690               3338.9   -0.325463554802711
       691                 3339   -0.315485983744936
       692               3339.1   -0.305445459425833
       693               3339.2   -0.295423701247815
       694               3339.3   -0.285325827220768
       695               3339.4   -0.274870711404641
       696               3339.5   -0.263774888275487
       697               3339.6   -0.251952585953403
       698               3339.7   -0.239570282697902
       699               3339.8   -0.226931410862609
       700               3339.9   -0.214296594027575
       701                 3340   -0.201782798538963
       702               3340.1    -0.18939931371913
       703               3340.2    -0.17714239384076
       704               3340.3   -0.165031023523886
       705               3340.4   -0.153061677671025
       706               3340.5   -0.141158289880919
       707               3340.6   -0.129183586805346
       708               3340.7   -0.117003335878973
       709               3340.8   -0.104549639335869
       710               3340.9  -0.0918408564847949
       711                 3341  -0.0789651537625293
       712               3341.1  -0.0660761391946695
       713               3341.2  -0.0534173506277434
       714               3341.3  -0.0413059238070263
       715               3341.4  -0.0300041460722109
       716               3341.5  -0.0195482855794407
       717               3341.6 -0.00971177106558289
       718               3341.7 -0.000174749679280417
       719               3341.8  0.00923804204107167
       720               3341.9   0.0184446178738277
       721                 3342   0.0271679678243475
       722               3342.1   0.0350805578860332
       723               3342.2   0.0419326236137591
       724               3342.3   0.0476202666046019
       725               3342.4   0.0521683779444008
       726               3342.5   0.0556235761880549
       727               3342.6   0.0579211653919352
       728               3342.7     0.05883680410153
       729               3342.8   0.0580742648117443
       730               3342.9   0.0554201859797055
       731                 3343   0.0508338694756235
       732               3343.1   0.0443924606989942
       733               3343.2   0.0361353697150592
       734               3343.3    0.025940957723381
       735               3343.4   0.0135403413137014
       736               3343.5 -0.00134092157331297
       737               3343.6  -0.0188078096082843
       738               3343.7  -0.0386855167535453
       739               3343.8  -0.0605372767842031
       740               3343.9  -0.0838255988634586
       741                 3344   -0.108144076510184
       742               3344.1   -0.133357825177454
       743               3344.2   -0.159524998565104
       744               3344.3   -0.186658790002994
       745               3344.4   -0.214549055642991
       746               3344.5   -0.242798206994493
       747               3344.6   -0.270996077664434
       748               3344.7   -0.298828312935002
       749               3344.8   -0.326023462009241
       750               3344.9   -0.352248086863903
       751                 3345   -0.377120544103815
       752               3345.1   -0.400378583860579
       753               3345.2   -0.422057800437214
       754               3345.3   -0.442495627053737
       755               3345.4   -0.462109151295327
       756               3345.5   -0.481089730588498
       757               3345.6   -0.499243232674769
       758               3345.7   -0.516100074125334
       759               3345.8   -0.531211422096481
       760               3345.9   -0.544412398665203
       761                 3346   -0.555869680887794
       762               3346.1   -0.565903265051594
       763               3346.2   -0.574754121153455
       764               3346.3   -0.582503948931653
       765               3346.4    -0.58918099234072
       766               3346.5   -0.594883891571885
       767               3346.6   -0.599777795633385
       768               3346.7   -0.604022953255773
       769               3346.8   -0.607772926311523
       770               3346.9   -0.611223434804807
       771                 3347   -0.614575346801212
       772               3347.1   -0.617896880657617
       773               3347.2   -0.621043929866462
       774               3347.3   -0.623759984559825
       775               3347.4   -0.625877972973192
       776               3347.5   -0.627442690873131
       777               3347.6   -0.628671553438384
       778               3347.7   -0.629826224909088
       779               3347.8    -0.63109780053259
       780               3347.9   -0.632531500225765
       781                 3348   -0.633988869608774
       782               3348.1   -0.635194889492581
       783               3348.2   -0.635900051979395
       784               3348.3   -0.636056873395265
       785               3348.4   -0.635843019223321
       786               3348.5   -0.635492192442545
       787               3348.6   -0.635079785934654
       788               3348.7   -0.634434410127499
       789               3348.8   -0.633215032998471
       790               3348.9   -0.631082846584554
       791                 3349   -0.627880302650671
       792               3349.1   -0.623739534659941
       793               3349.2   -0.619051297358956
       794               3349.3   -0.614282426376163
       795               3349.4     -0.6097326768926
       796               3349.5    -0.60538985918256
       797               3349.6   -0.601001736892097
       798               3349.7   -0.596329552011465
       799               3349.8   -0.591382690581179
       800               3349.9     -0.5864303593917
       801                 3350   -0.581793657093722
       802               3350.1   -0.577630257164038
       803               3350.2   -0.573890425716711
       804               3350.3    -0.57040738227631
       805               3350.4   -0.566977531731779
       806               3350.5   -0.563395652802535
       807               3350.6   -0.559524788462158
       808               3350.7   -0.555407699629868
       809               3350.8   -0.551290470856164
       810               3350.9    -0.54747183765372
       811                 3351   -0.544091280506466
       812               3351.1   -0.541058653078769
       813               3351.2   -0.538181938721359
       814               3351.3   -0.535348925336457
       815               3351.4   -0.532592608759823
       816               3351.5   -0.530014536116269
       817               3351.6    -0.52767167271307
       818               3351.7   -0.525533191776943
       819               3351.8   -0.523525241188157
       820               3351.9    -0.52160387745356
       821                 3352   -0.519789363244406
       822               3352.1   -0.518149586912412
       823               3352.2   -0.516761938613441
       824               3352.3   -0.515664247123664
       825               3352.4   -0.514795280250022
       826               3352.5   -0.513979810133954
       827               3352.6   -0.513020901358889
       828               3352.7   -0.511834209060089
       829               3352.8   -0.510467659382391
       830               3352.9   -0.508983076169294
       831                 3353   -0.507370133248573
       832               3353.1   -0.505613516086584
       833               3353.2   -0.503797357810137
       834               3353.3   -0.502065767203283
       835               3353.4   -0.500473813516798
       836               3353.5   -0.498941479705515
       837               3353.6   -0.497393414765692
       838               3353.7   -0.495909823289616
       839               3353.8   -0.494691812412748
       840               3353.9   -0.493883169563953
       841                 3354   -0.493460976872138
       842               3354.1   -0.493297140077414
       843               3354.2    -0.49327519498522
       844               3354.3   -0.493312511569246
       845               3354.4   -0.493300753210181
       846               3354.5   -0.493089385389029
       847               3354.6   -0.492557205806019
       848               3354.7   -0.491686979209609
       849               3354.8   -0.490559143403635
       850               3354.9   -0.489278919022617
       851                 3355    -0.48790168889876
       852               3355.1    -0.48639501598499
       853               3355.2   -0.484649182621513
       854               3355.3   -0.482545082066996
       855               3355.4   -0.480063158627369
       856               3355.5    -0.47736863241259
       857               3355.6   -0.474795977639694
       858               3355.7   -0.472709186715292
       859               3355.8   -0.471301972014067
       860               3355.9   -0.470468541142914
       861                 3356   -0.469858881225362
       862               3356.1   -0.469102399070769
       863               3356.2   -0.468027276692873
       864               3356.3     -0.4666908828452
       865               3356.4   -0.465217643522674
       866               3356.5   -0.463631878625534
       867               3356.6   -0.461856047515418
       868               3356.7   -0.459844010626733
       869               3356.8   -0.457679938924128
       870               3356.9   -0.455547997938944
       871                 3357   -0.453634970764484
       872               3357.1   -0.452058566163103
       873               3357.2   -0.450829994287734
       874               3357.3   -0.449833479469415
       875               3357.4   -0.448862839300711
       876               3357.5   -0.447742004674713
       877               3357.6   -0.446442846239818
       878               3357.7   -0.445083159378715
       879               3357.8   -0.443820843710311
       880               3357.9   -0.442772142790905
       881                 3358   -0.442017293269802
       882               3358.1    -0.44163038180125
       883               3358.2   -0.441656311675538
       884               3358.3   -0.442041033368187
       885               3358.4   -0.442586627980028
       886               3358.5   -0.443001174029664
       887               3358.6   -0.443045169968533
       888               3358.7   -0.442674670201457
       889               3358.8    -0.44205285099589
       890               3358.9   -0.441419109177352
       891                 3359   -0.440947279880137
       892               3359.1   -0.440705502444788
       893               3359.2   -0.440683778926216
       894               3359.3    -0.44079621628551
       895               3359.4   -0.440855250227496
       896               3359.5    -0.44059027844047
       897               3359.6   -0.439740163835412
       898               3359.7   -0.438178749781389
       899               3359.8   -0.436014989549565
       900               3359.9   -0.433605508519426
       901                 3360   -0.431424956490547
       902               3360.1   -0.429830127810578
       903               3360.2   -0.428880066690224
       904               3360.3   -0.428358989784923
       905               3360.4   -0.427964417354158
       906               3360.5   -0.427483995133144
       907               3360.6   -0.426849746470189
       908               3360.7   -0.426109328415949
       909               3360.8   -0.425391965653805
       910               3360.9   -0.424874036614695
       911                 3361   -0.424711272280388
       912               3361.1   -0.424949796430068
       913               3361.2   -0.425474483916437
       914               3361.3   -0.426042483886432
       915               3361.4   -0.426401492563926
       916               3361.5   -0.426432023037011
       917               3361.6   -0.426208122537291
       918               3361.7   -0.425904293635038
       919               3361.8   -0.425606808474632
       920               3361.9   -0.425201459375983
       921                 3362   -0.424459921360164
       922               3362.1   -0.423253135911142
       923               3362.2   -0.421686286959895
       924               3362.3   -0.420032311484873
       925               3362.4   -0.418547636418144
       926               3362.5   -0.417350998605259
       927               3362.6   -0.416446359253471
       928               3362.7   -0.415818152661364
       929               3362.8   -0.415485309128404
       930               3362.9   -0.415471480713427
       931                 3363   -0.415735671193863
       932               3363.1   -0.416142937101878
       933               3363.2   -0.416519177880448
       934               3363.3   -0.416748040146048
       935               3363.4   -0.416812563845682
       936               3363.5   -0.416735713305753
       937               3363.6   -0.416490217151778
       938               3363.7   -0.415995580905767
       939               3363.8    -0.41523246143962
       940               3363.9   -0.414365733877309
       941                 3364   -0.413728048249853
       942               3364.1   -0.413635726412604
       943               3364.2   -0.414178099360137
       944               3364.3   -0.415161071291573
       945               3364.4   -0.416250527605396
       946               3364.5   -0.417190756573013
       947               3364.6   -0.417924451327161
       948               3364.7   -0.418535016033877
       949               3364.8   -0.419076564183333
       950               3364.9   -0.419444773159167
       951                 3365   -0.419408288334565
       952               3365.1   -0.418780137836177
       953               3365.2    -0.41757346125567
       954               3365.3   -0.415996332692021
       955               3365.4   -0.414308211500719
       956               3365.5   -0.412702630649811
       957               3365.6   -0.411317766972929
       958               3365.7    -0.41029272661674
       959               3365.8   -0.409739546875076
       960               3365.9   -0.409649323505613
       961                 3366    -0.40987309593941
       962               3366.1   -0.410242798435685
       963               3366.2   -0.410730259421876
       964               3366.3   -0.411484979141516
       965               3366.4    -0.41269497742736
       966               3366.5    -0.41437375011118
       967               3366.6   -0.416253355896497
       968               3366.7   -0.417887112950646
       969               3366.8   -0.418890716750684
       970               3366.9   -0.419135696998315
       971                 3367   -0.418761147822757
       972               3367.1   -0.418026530766598
       973               3367.2   -0.417139175731477
       974               3367.3   -0.416179080975517
       975               3367.4   -0.415148667040074
       976               3367.5   -0.414073874226161
       977               3367.6   -0.413045340310801
       978               3367.7   -0.412155577909168
       979               3367.8    -0.41141070284971
       980               3367.9   -0.410732833745366
       981                 3368   -0.410058990618698
       982               3368.1   -0.409421514557179
       983               3368.2   -0.408924488415965
       984               3368.3   -0.408657981662076
       985               3368.4   -0.408643509277738
       986               3368.5   -0.408840653042795
       987               3368.6   -0.409171666915461
       988               3368.7   -0.409516050973513
       989               3368.8   -0.409683216806802
       990               3368.9   -0.409432445185846
       991                 3369   -0.408592893502285
       992               3369.1   -0.407218894879026
       993               3369.2   -0.405623540725389
       994               3369.3   -0.404213912339044
       995               3369.4    -0.40324230773444
       996               3369.5   -0.402673221161626
       997               3369.6   -0.402262737171755
       998               3369.7   -0.401777851372318
       999               3369.8   -0.401184859352054
      1000               3369.9   -0.400659969151827
      1001                 3370   -0.400418728357088
      1002               3370.1   -0.400526014303503
      1003               3370.2    -0.40086140936353
      1004               3370.3   -0.401245997603447
      1005               3370.4   -0.401586186565844
      1006               3370.5   -0.401917901650997
      1007               3370.6   -0.402352044624024
      1008               3370.7   -0.402977547415115
      1009               3370.8    -0.40377569453332
      1010               3370.9   -0.404600134781652
      1011                 3371   -0.405249644994002
      1012               3371.1   -0.405580423926243
      1013               3371.2   -0.405565338349995
      1014               3371.3   -0.405275970144572
      1015               3371.4   -0.404837971218235
      1016               3371.5   -0.404385452292568
      1017               3371.6   -0.403995830558395
      1018               3371.7   -0.403634104392255
      1019               3371.8   -0.403191069513454
      1020               3371.9   -0.402623419608378
      1021                 3372   -0.402067314243509
      1022               3372.1   -0.401793877333297
      1023               3372.2   -0.402023338698114
      1024               3372.3   -0.402744904665015
      1025               3372.4   -0.403680985536748
      1026               3372.5   -0.404420736253307
      1027               3372.6   -0.404632049669224
      1028               3372.7   -0.404222152240706
      1029               3372.8   -0.403367657831626
      1030               3372.9   -0.402418987639624
      1031                 3373   -0.401734931484707
      1032               3373.1   -0.401515249927837
      1033               3373.2   -0.401707630324994
      1034               3373.3   -0.402060276358395
      1035               3373.4   -0.402316934861768
      1036               3373.5   -0.402421704189752
      1037               3373.6   -0.402552179842691
      1038               3373.7   -0.402933644356761
      1039               3373.8   -0.403599435321317
      1040               3373.9   -0.404328331676956
      1041                 3374   -0.404827321519084
      1042               3374.1    -0.40499736881095
      1043               3374.2   -0.405045954192839
      1044               3374.3   -0.405354369140174
      1045               3374.4   -0.406219785693416
      1046               3374.5   -0.407675308491833
      1047               3374.6   -0.409497420864115
      1048               3374.7   -0.411355544389755
      1049               3374.8   -0.412977723771674
      1050               3374.9   -0.414238321137887
      1051                 3375   -0.415158064678537
      1052               3375.1   -0.415854177867433
      1053               3375.2   -0.416464351411975
      1054               3375.3   -0.417057686249179
      1055               3375.4   -0.417580040580108
      1056               3375.5   -0.417895209806369
      1057               3375.6   -0.417911161442679
      1058               3375.7   -0.417685583624259
      1059               3375.8   -0.417408880029132
      1060               3375.9   -0.417278266331863
      1061                 3376   -0.417383348341565
      1062               3376.1   -0.417703708845292
      1063               3376.2   -0.418192072485721
      1064               3376.3   -0.418827811133668
      1065               3376.4   -0.419580876562147
      1066               3376.5   -0.420355859369289
      1067               3376.6   -0.421025355629736
      1068               3376.7   -0.421558088928976
      1069               3376.8   -0.422119613407003
      1070               3376.9   -0.423018983524458
      1071                 3377   -0.424508208105232
      1072               3377.1   -0.426582635379868
      1073               3377.2   -0.428938569776745
      1074               3377.3   -0.431114979224256
      1075               3377.4   -0.432710605571178
      1076               3377.5   -0.433541830759838
      1077               3377.6   -0.433681565157614
      1078               3377.7   -0.433407535451448
      1079               3377.8   -0.433116565486612
      1080               3377.9   -0.433221108088002
      1081                 3378   -0.434005364879413
      1082               3378.1   -0.435465248482186
      1083               3378.2   -0.437252594271692
      1084               3378.3   -0.438832359621784
      1085               3378.4   -0.439787159182347
      1086               3378.5   -0.440046358406085
      1087               3378.6   -0.439876928989622
      1088               3378.7   -0.439689962433658
      1089               3378.8   -0.439843545638279
      1090               3378.9   -0.440547652807182
      1091                 3379   -0.441837646668837
      1092               3379.1    -0.44355691663565
      1093               3379.2    -0.44537212839619
      1094               3379.3    -0.44688778232836
      1095               3379.4   -0.447843111972074
      1096               3379.5   -0.448252713471679
      1097               3379.6   -0.448355220376839
      1098               3379.7    -0.44839766051834
      1099               3379.8   -0.448447459627047
      1100               3379.9   -0.448400269950317
      1101                 3380   -0.448150252891621
      1102               3380.1   -0.447727978412876
      1103               3380.2   -0.447267264077757
      1104               3380.3   -0.446865074822733
      1105               3380.4   -0.446513110331456
      1106               3380.5   -0.446180921570544
      1107               3380.6   -0.445944455221381
      1108               3380.7   -0.446001092899474
      1109               3380.8   -0.446542075179791
      1110               3380.9   -0.447603303644955
      1111                 3381   -0.449027597789649
      1112               3381.1   -0.450558123380954
      1113               3381.2   -0.451967960226628
      1114               3381.3   -0.453115680559111
      1115               3381.4   -0.453909998968779
      1116               3381.5   -0.454269918419811
      1117               3381.6   -0.454154526822613
      1118               3381.7   -0.453619262613075
      1119               3381.8   -0.452797626907703
      1120               3381.9   -0.451799930551111
      1121                 3382   -0.450635877223174
      1122               3382.1   -0.449246851914855
      1123               3382.2   -0.447613132513416
      1124               3382.3   -0.445829986785386
      1125               3382.4   -0.444079197622634
      1126               3382.5   -0.442510043523749
      1127               3382.6   -0.441129697471636
      1128               3382.7   -0.439822807841697
      1129               3382.8   -0.438515895484066
      1130               3382.9   -0.437339521505292
      1131                 3383   -0.436601520468059
      1132               3383.1   -0.436546976873959
      1133               3383.2   -0.437095363307216
      1134               3383.3   -0.437795744196049
      1135               3383.4   -0.438069993845758
      1136               3383.5   -0.437565879404407
      1137               3383.6   -0.436337566129228
      1138               3383.7   -0.434723004811632
      1139               3383.8   -0.433065393759093
      1140               3383.9   -0.431545219792009
      1141                 3384   -0.430223784084803
      1142               3384.1   -0.429156650627911
      1143               3384.2    -0.42841016503643
      1144               3384.3   -0.427998395776576
      1145               3384.4   -0.427864053360263
      1146               3384.5   -0.427915933034933
      1147               3384.6   -0.428020841445452
      1148               3384.7   -0.427944147571406
      1149               3384.8   -0.427385888591112
      1150               3384.9   -0.426178926360709
      1151                 3385   -0.424470642312303
      1152               3385.1     -0.4226644591158
      1153               3385.2   -0.421154301267707
      1154               3385.3   -0.420112363366184
      1155               3385.4   -0.419500332467566
      1156               3385.5   -0.419210027751897
      1157               3385.6    -0.41914162617718
      1158               3385.7   -0.419174623901727
      1159               3385.8   -0.419140562429733
      1160               3385.9   -0.418872521512512
      1161                 3386   -0.418279335542383
      1162               3386.1   -0.417370256412004
      1163               3386.2   -0.416237088402985
      1164               3386.3   -0.415033924869873
      1165               3386.4   -0.413951448812265
      1166               3386.5   -0.413172929684813
      1167               3386.6   -0.412837443857843
      1168               3386.7   -0.413025888794421
      1169               3386.8   -0.413736478936342
      1170               3386.9   -0.414840070636342
      1171                 3387   -0.416079230698675
      1172               3387.1   -0.417155514806323
      1173               3387.2   -0.417845065713817
      1174               3387.3   -0.418058317915352
      1175               3387.4   -0.417842179496085
      1176               3387.5   -0.417357659287289
      1177               3387.6    -0.41681352902495
      1178               3387.7   -0.416347311301832
      1179               3387.8   -0.415948018919469
      1180               3387.9   -0.415516304886834
      1181                 3388    -0.41499188691669
      1182               3388.1   -0.414386718600267
      1183               3388.2   -0.413707275937758
      1184               3388.3   -0.412911303979654
      1185               3388.4   -0.411971119636666
      1186               3388.5   -0.410938980523446
      1187               3388.6   -0.409914223983721
      1188               3388.7   -0.408968497171555
      1189               3388.8   -0.408137257784766
      1190               3388.9   -0.407473892739053
      1191                 3389   -0.407071536385345
      1192               3389.1   -0.406997629634702
      1193               3389.2   -0.407185879626805
      1194               3389.3   -0.407397344899654
      1195               3389.4   -0.407344726579077
      1196               3389.5   -0.406932958278441
      1197               3389.6   -0.406395145845488
      1198               3389.7   -0.406135982438423
      1199               3389.8   -0.406392996754507
      1200               3389.9   -0.407056319445181
      1201                 3390   -0.407827923746697
      1202               3390.1   -0.408523975205947
      1203               3390.2    -0.40918854176313
      1204               3390.3   -0.409932359232971
      1205               3390.4    -0.41071513568077
      1206               3390.5   -0.411314051863785
      1207               3390.6   -0.411487522037535
      1208               3390.7   -0.411143530725992
      1209               3390.8     -0.4103570589756
      1210               3390.9   -0.409267582680157
      1211                 3391   -0.407996913589038
      1212               3391.1   -0.406657938751851
      1213               3391.2   -0.405392577150136
      1214               3391.3   -0.404351067217056
      1215               3391.4    -0.40361903159585
      1216               3391.5   -0.403176603198866
      1217               3391.6   -0.402937239278789
      1218               3391.7   -0.402821340272581
      1219               3391.8    -0.40278861746688
      1220               3391.9   -0.402809080465125
      1221                 3392   -0.402823333835465
      1222               3392.1   -0.402754032690203
      1223               3392.2   -0.402570269172803
      1224               3392.3   -0.402333820341478
      1225               3392.4   -0.402156509441272
      1226               3392.5   -0.402090880376966
      1227               3392.6   -0.402060894223303
      1228               3392.7   -0.401900574008732
      1229               3392.8   -0.401448894155607
      1230               3392.9   -0.400612821492251
      1231                 3393   -0.399396134285853
      1232               3393.1   -0.397939118477272
      1233               3393.2    -0.39653052096897
      1234               3393.3    -0.39549365024652
      1235               3393.4   -0.394968345481215
      1236               3393.5    -0.39477680957079
      1237               3393.6   -0.394528648416652
      1238               3393.7   -0.393902370076764
      1239               3393.8   -0.392884264251968
      1240               3393.9   -0.391788773397992
      1241                 3394   -0.391044649546713
      1242               3394.1   -0.390891110506337
      1243               3394.2    -0.39121524523052
      1244               3394.3   -0.391681259826543
      1245               3394.4   -0.392042698589516
      1246               3394.5   -0.392330526775793
      1247               3394.6   -0.392743276324527
      1248               3394.7    -0.39340401177871
      1249               3394.8   -0.394266396221553
      1250               3394.9     -0.3952210655794
      1251                 3395    -0.39621963445404
      1252               3395.1   -0.397279162556379
      1253               3395.2   -0.398405392034544
      1254               3395.3   -0.399525675955802
      1255               3395.4   -0.400469511193603
      1256               3395.5   -0.401012220305469
      1257               3395.6   -0.400992029686592
      1258               3395.7   -0.400445461748702
      1259               3395.8   -0.399637879490152
      1260               3395.9   -0.398921895897327
      1261                 3396   -0.398520806704492
      1262               3396.1   -0.398426583271519
      1263               3396.2   -0.398497997498417
      1264               3396.3   -0.398650591843773
      1265               3396.4   -0.398955311206097
      1266               3396.5   -0.399563295858672
      1267               3396.6   -0.400530201300528
      1268               3396.7   -0.401696675142325
      1269               3396.8   -0.402740000524572
      1270               3396.9   -0.403364675404384
      1271                 3397   -0.403464242278083
      1272               3397.1   -0.403114966402309
      1273               3397.2   -0.402443744133751
      1274               3397.3   -0.401536426723157
      1275               3397.4   -0.400468633978906
      1276               3397.5   -0.399373975652249
      1277               3397.6   -0.398436938296082
      1278               3397.7   -0.397813786474201
      1279               3397.8   -0.397561859590779
      1280               3397.9   -0.397623205092236
      1281                 3398   -0.397859157509043
      1282               3398.1   -0.398119623678294
      1283               3398.2   -0.398310329608046
      1284               3398.3   -0.398407506493492
      1285               3398.4   -0.398423166096018
      1286               3398.5   -0.398389802402373
      1287               3398.6   -0.398392106890411
      1288               3398.7   -0.398565167621194
      1289               3398.8    -0.39898126887498
      1290               3398.9   -0.399495087376289
      1291                 3399    -0.39971735741424
      1292               3399.1   -0.399193997993303
      1293               3399.2   -0.397684854598265
      1294               3399.3   -0.395352077064723
      1295               3399.4   -0.392729480619098
      1296               3399.5   -0.390481087190737
      1297               3399.6   -0.389087562124622
      1298               3399.7   -0.388640883891808
      1299               3399.8   -0.388846477357357
      1300               3399.9   -0.389209511107696
      1301                 3400   -0.389310081736593
      1302               3400.1   -0.389034681050001
      1303               3400.2   -0.388616282656836
      1304               3400.3   -0.388430523893205
      1305               3400.4    -0.38870183171706
      1306               3400.5   -0.389374073509058
      1307               3400.6   -0.390232843036861
      1308               3400.7   -0.391109520008519
      1309               3400.8   -0.391961199050013
      1310               3400.9   -0.392816066017895
      1311                 3401   -0.393711037988482
      1312               3401.1   -0.394668778449149
      1313               3401.2   -0.395649011626829
      1314               3401.3   -0.396473073400587
      1315               3401.4   -0.396848128497463
      1316               3401.5   -0.396554984740258
      1317               3401.6   -0.395647053755688
      1318               3401.7   -0.394445704855987
      1319               3401.8   -0.393325205325489
      1320               3401.9   -0.392497407384414
      1321                 3402   -0.391971527267082
      1322               3402.1   -0.391662660894628
      1323               3402.2   -0.391508752992286
      1324               3402.3   -0.391505753073631
      1325               3402.4   -0.391668733720971
      1326               3402.5   -0.391973458719793
      1327               3402.6   -0.392324038699958
      1328               3402.7   -0.392564271471867
      1329               3402.8   -0.392533963834555
      1330               3402.9   -0.392161357722181
      1331                 3403   -0.391548364416538
      1332               3403.1    -0.39096901911138
      1333               3403.2   -0.390738838895409
      1334               3403.3   -0.391025469142573
      1335               3403.4   -0.391745115458005
      1336               3403.5   -0.392631532454502
      1337               3403.6   -0.393419747758128
      1338               3403.7   -0.393991412300316
      1339               3403.8   -0.394375116555754
      1340               3403.9   -0.394637138981339
      1341                 3404   -0.394787346982447
      1342               3404.1   -0.394774779577084
      1343               3404.2   -0.394540528391975
      1344               3404.3     -0.3940650510432
      1345               3404.4   -0.393392280382012
      1346               3404.5   -0.392634812498614
      1347               3404.6   -0.391946049412029
      1348               3404.7   -0.391458601948003
      1349               3404.8   -0.391234485991238
      1350               3404.9   -0.391267182663826
      1351                 3405   -0.391512768780997
      1352               3405.1   -0.391906426789534
      1353               3405.2    -0.39236983117166
      1354               3405.3   -0.392838507066655
      1355               3405.4   -0.393293103522245
      1356               3405.5   -0.393752483180705
      1357               3405.6   -0.394233867914002
      1358               3405.7   -0.394727417418121
      1359               3405.8   -0.395201262283805
      1360               3405.9     -0.3956071641668
      1361                 3406   -0.395875516264317
      1362               3406.1   -0.395938330199701
      1363               3406.2   -0.395807473292984
      1364               3406.3   -0.395650908205425
      1365               3406.4   -0.395754508443195
      1366               3406.5   -0.396331579264303
      1367               3406.6   -0.397306551082207
      1368               3406.7   -0.398282163022431
      1369               3406.8   -0.398776385201875
      1370               3406.9   -0.398570208212988
      1371                 3407   -0.397878696007907
      1372               3407.1   -0.397193890690802
      1373               3407.2   -0.396931139856401
      1374               3407.3   -0.397168581459516
      1375               3407.4   -0.397664203501169
      1376               3407.5    -0.39808505714295
      1377               3407.6    -0.39822234219707
      1378               3407.7   -0.398027505136227
      1379               3407.8   -0.397512457136267
      1380               3407.9   -0.396688112510657
      1381                 3408   -0.395625659716292
      1382               3408.1   -0.394534768978346
      1383               3408.2   -0.393712552890034
      1384               3408.3   -0.393377882486871
      1385               3408.4   -0.393555034853898
      1386               3408.5   -0.394123959768895
      1387               3408.6    -0.39497620276515
      1388               3408.7   -0.396102927578616
      1389               3408.8   -0.397505372683099
      1390               3408.9   -0.399008471549344
      1391                 3409   -0.400197600920226
      1392               3409.1   -0.400608675449474
      1393               3409.2   -0.400032713779839
      1394               3409.3    -0.39865331653971
      1395               3409.4   -0.396909815800343
      1396               3409.5   -0.395252724501674
      1397               3409.6   -0.393997552887027
      1398               3409.7    -0.39330285559471
      1399               3409.8   -0.393183567970785
      1400               3409.9    -0.39352762354532
      1401                 3410   -0.394147802980236
      1402               3410.1   -0.394860582720756
      1403               3410.2    -0.39553465903279
      1404               3410.3   -0.396087689627628
      1405               3410.4   -0.396470524804435
      1406               3410.5   -0.396674679502388
      1407               3410.6    -0.39674954909144
      1408               3410.7   -0.396792742377478
      1409               3410.8   -0.396901993749437
      1410               3410.9   -0.397117459533433
      1411                 3411   -0.397396788051766
      1412               3411.1    -0.39763737159707
      1413               3411.2   -0.397721257444182
      1414               3411.3    -0.39755286927917
      1415               3411.4   -0.397084868989526
      1416               3411.5   -0.396341123407268
      1417               3411.6   -0.395436103665788
      1418               3411.7   -0.394578456876171
      1419               3411.8   -0.394037357576629
      1420               3411.9   -0.394048412803383
      1421                 3412   -0.394675407146637
      1422               3412.1   -0.395717589091509
      1423               3412.2   -0.396766732754526
      1424               3412.3   -0.397414825242989
      1425               3412.4   -0.397478214843946
      1426               3412.5   -0.397078771301205
      1427               3412.6   -0.396535481576691
      1428               3412.7    -0.39616204299514
      1429               3412.8   -0.396114772604334
      1430               3412.9   -0.396369963408894
      1431                 3413   -0.396806017262025
      1432               3413.1   -0.397303123501348
      1433               3413.2    -0.39778406274063
      1434               3413.3   -0.398191925161057
      1435               3413.4   -0.398468978429212
      1436               3413.5   -0.398582614102922
      1437               3413.6   -0.398559892276693
      1438               3413.7   -0.398468972282525
      1439               3413.8   -0.398360421275125
      1440               3413.9   -0.398232650541822
      1441                 3414    -0.39804332669677
      1442               3414.1   -0.397739109169541
      1443               3414.2   -0.397285720169821
      1444               3414.3   -0.396697749764186
      1445               3414.4   -0.396056584934297
      1446               3414.5   -0.395500833258906
      1447               3414.6   -0.395187236741745
      1448               3414.7   -0.395229847939226
      1449               3414.8   -0.395642924402277
      1450               3414.9   -0.396337193525933
      1451                 3415   -0.397189032713438
      1452               3415.1   -0.398112270133383
      1453               3415.2   -0.399035345252529
      1454               3415.3    -0.39979974212812
      1455               3415.4   -0.400119273848125
      1456               3415.5   -0.399698741477675
      1457               3415.6   -0.398441192563997
      1458               3415.7   -0.396570223517634
      1459               3415.8   -0.394555556978973
      1460               3415.9   -0.392883961342055
      1461                 3416   -0.391835759878966
      1462               3416.1   -0.391417571098162
      1463               3416.2   -0.391464624591954
      1464               3416.3   -0.391787082049732
      1465               3416.4   -0.392236336380665
      1466               3416.5   -0.392689286501798
      1467               3416.6   -0.393032192739325
      1468               3416.7   -0.393186970865444
      1469               3416.8   -0.393144412980486
      1470               3416.9   -0.392957736030193
      1471                 3417   -0.392699115271829
      1472               3417.1    -0.39241890419424
      1473               3417.2   -0.392142089094328
      1474               3417.3   -0.391905456006384
      1475               3417.4    -0.39180073016087
      1476               3417.5   -0.391969893832427
      1477               3417.6   -0.392529639542228
      1478               3417.7   -0.393468473295252
      1479               3417.8   -0.394600449509568
      1480               3417.9    -0.39563038650831
      1481                 3418   -0.396302701293461
      1482               3418.1   -0.396530300599829
      1483               3418.2   -0.396401600928454
      1484               3418.3   -0.396063584558156
      1485               3418.4   -0.395595426295783
      1486               3418.5   -0.394993519118246
      1487               3418.6   -0.394263064480083
      1488               3418.7    -0.39349154659836
      1489               3418.8   -0.392810487106942
      1490               3418.9   -0.392298181252772
      1491                 3419   -0.391951414849999
      1492               3419.1   -0.391758531098205
      1493               3419.2   -0.391764991546573
      1494               3419.3   -0.392026676746322
      1495               3419.4   -0.392497412930854
      1496               3419.5    -0.39299941881155
      1497               3419.6   -0.393333555947078
      1498               3419.7   -0.393411850636906
      1499               3419.8    -0.39327959175811
      1500               3419.9   -0.393041705704711
