     index            Field [G]         Intensity []

         1                 3270   -0.391659558056937
         2               3270.1   -0.391373344274149
         3               3270.2   -0.391125088224238
         4               3270.3   -0.390978830344099
         5               3270.4   -0.390969031025127
         6               3270.5   -0.391071479904437
         7               3270.6   -0.391187234762826
         8               3270.7   -0.391156464763422
         9               3270.8   -0.390828829350108
        10               3270.9   -0.390180144915598
        11                 3271   -0.389379655028989
        12               3271.1   -0.388714623763386
        13               3271.2   -0.388423254380186
        14               3271.3   -0.388590464121373
        15               3271.4   -0.389175753882928
        16               3271.5   -0.390095217671984
        17               3271.6   -0.391259636909619
        18               3271.7    -0.39255940200526
        19               3271.8    -0.39385131122442
        20               3271.9   -0.394990431941059
        21                 3272   -0.395893441522874
        22               3272.1   -0.396571856506333
        23               3272.2   -0.397092570735645
        24               3272.3   -0.397501957050127
        25               3272.4   -0.397785794885602
        26               3272.5    -0.39787960946196
        27               3272.6   -0.397690529330585
        28               3272.7   -0.397123265326976
        29               3272.8   -0.396138508919373
        30               3272.9   -0.394822966858488
        31                 3273   -0.393392498404107
        32               3273.1   -0.392099431520329
        33               3273.2   -0.391123198441289
        34               3273.3   -0.390537207505754
        35               3273.4   -0.390337521110883
        36               3273.5   -0.390442909487173
        37               3273.6   -0.390652784676818
        38               3273.7   -0.390674062050923
        39               3273.8   -0.390287245630999
        40               3273.9   -0.389522004872759
        41                 3274   -0.388632797734483
        42               3274.1   -0.387872028492727
        43               3274.2   -0.387310972719346
        44               3274.3   -0.386909019586131
        45               3274.4   -0.386724366113159
        46               3274.5   -0.386984344964116
        47               3274.6   -0.387900969391287
        48               3274.7   -0.389409163234339
        49               3274.8   -0.391091505959735
        50               3274.9   -0.392377695499047
        51                 3275   -0.392877356507646
        52               3275.1   -0.392614071259941
        53               3275.2   -0.392000709468848
        54               3275.3   -0.391562580417113
        55               3275.4   -0.391590101479422
        56               3275.5    -0.39196687848419
        57               3275.6   -0.392287268593184
        58               3275.7    -0.39214901185875
        59               3275.8   -0.391401606660172
        60               3275.9   -0.390217788715463
        61                 3276   -0.388987595081276
        62               3276.1     -0.3881003298865
        63               3276.2   -0.387722418460547
        64               3276.3   -0.387714529212275
        65               3276.4   -0.387764732361301
        66               3276.5   -0.387638228439002
        67               3276.6   -0.387332061765824
        68               3276.7   -0.387015798798219
        69               3276.8   -0.386850800297889
        70               3276.9   -0.386890587138304
        71                 3277   -0.387152424038365
        72               3277.1   -0.387734927300647
        73               3277.2   -0.388793518428245
        74               3277.3   -0.390365632330187
        75               3277.4   -0.392240659213025
        76               3277.5   -0.394034629376811
        77               3277.6   -0.395406215183889
        78               3277.7   -0.396220196673111
        79               3277.8   -0.396553912260917
        80               3277.9   -0.396596540732133
        81                 3278   -0.396535050085595
        82               3278.1   -0.396472243319115
        83               3278.2   -0.396389941752157
        84               3278.3    -0.39617411190546
        85               3278.4   -0.395705027005398
        86               3278.5   -0.394969900772394
        87               3278.6   -0.394120064685336
        88               3278.7   -0.393413066878688
        89               3278.8    -0.39306068735447
        90               3278.9   -0.393096002838559
        91                 3279   -0.393376630788868
        92               3279.1   -0.393718985664958
        93               3279.2   -0.394026713428321
        94               3279.3   -0.394293587546513
        95               3279.4   -0.394513462403455
        96               3279.5   -0.394630530855112
        97               3279.6   -0.394589884884761
        98               3279.7   -0.394404180627798
        99               3279.8   -0.394131916056562
       100               3279.9   -0.393794617732011
       101                 3280   -0.393359891688541
       102               3280.1   -0.392832714362995
       103               3280.2   -0.392330293692473
       104               3280.3   -0.392004801183799
       105               3280.4   -0.391869807406006
       106               3280.5   -0.391740032592005
       107               3280.6   -0.391389279295069
       108               3280.7   -0.390780932368084
       109               3280.8   -0.390139033973171
       110               3280.9   -0.389795958809654
       111                 3281   -0.389954321730191
       112               3281.1   -0.390538990228633
       113               3281.2   -0.391228085368546
       114               3281.3   -0.391647959699555
       115               3281.4   -0.391621681362058
       116               3281.5   -0.391300844071127
       117               3281.6   -0.391065383247831
       118               3281.7   -0.391247286245735
       119               3281.8    -0.39188111013901
       120               3281.9   -0.392665089588788
       121                 3282   -0.393151225867133
       122               3282.1   -0.393026769128246
       123               3282.2   -0.392315193171473
       124               3282.3    -0.39138579614799
       125               3282.4   -0.390755130887789
       126               3282.5   -0.390784108453258
       127               3282.6   -0.391477734428731
       128               3282.7   -0.392547019580965
       129               3282.8   -0.393669191954036
       130               3282.9   -0.394698676353205
       131                 3283   -0.395652079597296
       132               3283.1    -0.39653378330083
       133               3283.2   -0.397211329453245
       134               3283.3   -0.397465210593731
       135               3283.4   -0.397153413768002
       136               3283.5   -0.396339933808618
       137               3283.6   -0.395296133533159
       138               3283.7   -0.394397095816079
       139               3283.8   -0.393986045277881
       140               3283.9   -0.394261478213095
       141                 3284    -0.39522039299723
       142               3284.1   -0.396680760774921
       143               3284.2   -0.398368283952529
       144               3284.3   -0.400005307238498
       145               3284.4   -0.401352661898236
       146               3284.5   -0.402223777389143
       147               3284.6   -0.402523357335242
       148               3284.7    -0.40230950312983
       149               3284.8   -0.401802338097072
       150               3284.9   -0.401273324454378
       151                 3285   -0.400868648533975
       152               3285.1   -0.400520836563198
       153               3285.2   -0.400039328131534
       154               3285.3   -0.399288550551476
       155               3285.4   -0.398278999355314
       156               3285.5   -0.397114732043545
       157               3285.6   -0.395898673918651
       158               3285.7   -0.394702894056561
       159               3285.8   -0.393597174628333
       160               3285.9   -0.392665176093919
       161                 3286   -0.391979029556494
       162               3286.1   -0.391558854714963
       163               3286.2     -0.3913475736789
       164               3286.3   -0.391219964117105
       165               3286.4   -0.391048306473344
       166               3286.5   -0.390819909873273
       167               3286.6   -0.390727363261509
       168               3286.7   -0.391121552436463
       169               3286.8   -0.392308084579639
       170               3286.9    -0.39430677179536
       171                 3287   -0.396740332872731
       172               3287.1   -0.398939731565386
       173               3287.2   -0.400229910057431
       174               3287.3   -0.400259407502615
       175               3287.4   -0.399187032083498
       176               3287.5   -0.397585893961824
       177               3287.6   -0.396102356305122
       178               3287.7   -0.395108696387631
       179               3287.8   -0.394603341811327
       180               3287.9   -0.394381317528525
       181                 3288   -0.394252904830329
       182               3288.1   -0.394106872851686
       183               3288.2   -0.393850717511417
       184               3288.3   -0.393398540266455
       185               3288.4   -0.392762253609184
       186               3288.5   -0.392126930457591
       187               3288.6   -0.391792183905752
       188               3288.7   -0.392008290716604
       189               3288.8   -0.392833983333773
       190               3288.9   -0.394104460441077
       191                 3289   -0.395499919291276
       192               3289.1   -0.396654242703815
       193               3289.2   -0.397263819142217
       194               3289.3   -0.397183969761876
       195               3289.4   -0.396481384943785
       196               3289.5   -0.395392786957584
       197               3289.6   -0.394201266247096
       198               3289.7   -0.393132928696072
       199               3289.8   -0.392354716237587
       200               3289.9    -0.39201671616808
       201                 3290   -0.392220455859863
       202               3290.1    -0.39291744321146
       203               3290.2   -0.393877506215648
       204               3290.3   -0.394801178778789
       205               3290.4   -0.395470925960211
       206               3290.5   -0.395806326881498
       207               3290.6   -0.395832959198357
       208               3290.7   -0.395654592877499
       209               3290.8   -0.395436397989747
       210               3290.9   -0.395344275837642
       211                 3291   -0.395459952457869
       212               3291.1   -0.395762212545954
       213               3291.2   -0.396195452267621
       214               3291.3   -0.396734741069534
       215               3291.4   -0.397365217114234
       216               3291.5   -0.398010858564088
       217               3291.6   -0.398521263342951
       218               3291.7   -0.398763871105355
       219               3291.8   -0.398742830438632
       220               3291.9   -0.398618294410409
       221                 3292   -0.398586709328243
       222               3292.1   -0.398716981840755
       223               3292.2   -0.398891829879962
       224               3292.3   -0.398922143785035
       225               3292.4   -0.398736699212663
       226               3292.5   -0.398450948399474
       227               3292.6   -0.398227243276279
       228               3292.7   -0.398078450518224
       229               3292.8   -0.397849675037917
       230               3292.9   -0.397404555206612
       231                 3293   -0.396797532626008
       232               3293.1   -0.396243078022958
       233               3293.2   -0.395933081911591
       234               3293.3   -0.395896428660281
       235               3293.4    -0.39602163327554
       236               3293.5   -0.396204650255226
       237               3293.6   -0.396474097499073
       238               3293.7   -0.396952938708602
       239               3293.8   -0.397671162042873
       240               3293.9   -0.398430287917832
       241                 3294   -0.398896010755775
       242               3294.1   -0.398841001627439
       243               3294.2   -0.398292553576392
       244               3294.3    -0.39747203702007
       245               3294.4   -0.396639688509802
       246               3294.5   -0.395993626964224
       247               3294.6   -0.395650987227661
       248               3294.7   -0.395661728644691
       249               3294.8   -0.396015626521137
       250               3294.9   -0.396627515264483
       251                 3295   -0.397312816320602
       252               3295.1   -0.397806301669813
       253               3295.2   -0.397875188638695
       254               3295.3   -0.397484627235637
       255               3295.4   -0.396869361517986
       256               3295.5   -0.396403428084438
       257               3295.6   -0.396355041348412
       258               3295.7   -0.396750075515079
       259               3295.8   -0.397445414872721
       260               3295.9   -0.398267285912044
       261                 3296   -0.399032960398026
       262               3296.1   -0.399495335945958
       263               3296.2   -0.399395237651485
       264               3296.3   -0.398652942851828
       265               3296.4   -0.397499749339667
       266               3296.5   -0.396370507373378
       267               3296.6   -0.395621131874022
       268               3296.7   -0.395304579828356
       269               3296.8   -0.395176712290167
       270               3296.9   -0.394910677230699
       271                 3297   -0.394343675037024
       272               3297.1   -0.393563240246965
       273               3297.2   -0.392777435609846
       274               3297.3   -0.392106793251924
       275               3297.4   -0.391503647768768
       276               3297.5   -0.390863366513635
       277               3297.6   -0.390188011627836
       278               3297.7   -0.389624838727994
       279               3297.8   -0.389363381000328
       280               3297.9   -0.389525249038616
       281                 3298   -0.390137650334014
       282               3298.1   -0.391138871625276
       283               3298.2   -0.392348561186291
       284               3298.3   -0.393456340709914
       285               3298.4   -0.394121605867679
       286               3298.5    -0.39415282683407
       287               3298.6   -0.393626189711051
       288               3298.7   -0.392851825850053
       289               3298.8   -0.392213293552738
       290               3298.9   -0.391971051737568
       291                 3299   -0.392137203703313
       292               3299.1   -0.392507917466884
       293               3299.2   -0.392838837245983
       294               3299.3   -0.393017883407649
       295               3299.4   -0.393087830657052
       296               3299.5   -0.393129599456805
       297               3299.6   -0.393151444192418
       298               3299.7   -0.393087392493168
       299               3299.8   -0.392871984113686
       300               3299.9   -0.392495015331398
       301                 3300   -0.391984171547998
       302               3300.1   -0.391342718417501
       303               3300.2   -0.390524146541871
       304               3300.3   -0.389507827285655
       305               3300.4   -0.388424748345869
       306               3300.5   -0.387575257537129
       307               3300.6   -0.387254349009676
       308               3300.7   -0.387522986877766
       309               3300.8   -0.388164646056051
       310               3300.9   -0.388889634972936
       311                 3301   -0.389587399313447
       312               3301.1   -0.390374231298357
       313               3301.2   -0.391391665220041
       314               3301.3    -0.39256013142995
       315               3301.4    -0.39353538514964
       316               3301.5   -0.393915416506731
       317               3301.6   -0.393514435281401
       318               3301.7   -0.392489073702128
       319               3301.8   -0.391258200766309
       320               3301.9   -0.390297869404684
       321                 3302   -0.389914530365922
       322               3302.1   -0.390089548693492
       323               3302.2   -0.390497793025813
       324               3302.3   -0.390733337927118
       325               3302.4   -0.390594032739704
       326               3302.5   -0.390180100720016
       327               3302.6   -0.389726678174232
       328               3302.7   -0.389363201011705
       329               3302.8    -0.38904836521946
       330               3302.9   -0.388708024713564
       331                 3303   -0.388383711854724
       332               3303.1   -0.388222266804574
       333               3303.2   -0.388334309811739
       334               3303.3   -0.388687719474661
       335               3303.4   -0.389155250787755
       336               3303.5   -0.389665634071812
       337               3303.6   -0.390281730317046
       338               3303.7   -0.391085239283728
       339               3303.8    -0.39195988205886
       340               3303.9    -0.39252075951801
       341                 3304   -0.392333347039812
       342               3304.1   -0.391268228980112
       343               3304.2   -0.389661165662004
       344               3304.3   -0.388105955065901
       345               3304.4   -0.387049731544956
       346               3304.5   -0.386535554746403
       347               3304.6   -0.386284221374846
       348               3304.7    -0.38600172776857
       349               3304.8   -0.385629071955415
       350               3304.9   -0.385338831801315
       351                 3305   -0.385319630689927
       352               3305.1   -0.385561534781785
       353               3305.2   -0.385824882360041
       354               3305.3   -0.385794938920324
       355               3305.4   -0.385276769959828
       356               3305.5   -0.384288819155914
       357               3305.6   -0.383023843003572
       358               3305.7   -0.381736104454365
       359               3305.8    -0.38062657370193
       360               3305.9   -0.379776227789278
       361                 3306   -0.379159763712967
       362               3306.1   -0.378728258419427
       363               3306.2   -0.378479625180182
       364               3306.3   -0.378436966274103
       365               3306.4   -0.378568314848286
       366               3306.5   -0.378769258379821
       367               3306.6   -0.378957986665354
       368               3306.7    -0.37918602895537
       369               3306.8   -0.379635765591467
       370               3306.9   -0.380489319393774
       371                 3307   -0.381776613188691
       372               3307.1   -0.383327230916477
       373               3307.2   -0.384863497880878
       374               3307.3   -0.386160074220046
       375               3307.4   -0.387145900711607
       376               3307.5     -0.3878761491591
       377               3307.6   -0.388412078871379
       378               3307.7    -0.38872210027378
       379               3307.8   -0.388691893696472
       380               3307.9   -0.388227315697063
       381                 3308   -0.387352064537768
       382               3308.1   -0.386223838549092
       383               3308.2   -0.385079734252365
       384               3308.3   -0.384164014904481
       385               3308.4   -0.383660243908924
       386               3308.5    -0.38362508752256
       387               3308.6   -0.383950765199931
       388               3308.7   -0.384404781250891
       389               3308.8   -0.384745231716415
       390               3308.9   -0.384836696576313
       391                 3309   -0.384690459835706
       392               3309.1   -0.384422728364778
       393               3309.2    -0.38418024918591
       394               3309.3   -0.384083213798248
       395               3309.4    -0.38420722469094
       396               3309.5   -0.384588798069032
       397               3309.6   -0.385211435573851
       398               3309.7   -0.385961183242141
       399               3309.8   -0.386618482048317
       400               3309.9   -0.386953518640102
       401                 3310   -0.386866668033995
       402               3310.1   -0.386429636788547
       403               3310.2   -0.385792128489881
       404               3310.3   -0.385087864211603
       405               3310.4   -0.384445553471365
       406               3310.5    -0.38401881505459
       407               3310.6   -0.383898207427112
       408               3310.7   -0.383960924023011
       409               3310.8   -0.383868537815908
       410               3310.9   -0.383291495078515
       411                 3311   -0.382174723685591
       412               3311.1   -0.380794647245244
       413               3311.2   -0.379561246277775
       414               3311.3   -0.378748032494761
       415               3311.4   -0.378361623075811
       416               3311.5     -0.3782075097365
       417               3311.6    -0.37805096441805
       418               3311.7   -0.377740682533751
       419               3311.8   -0.377231784847103
       420               3311.9   -0.376523599812342
       421                 3312   -0.375577853213294
       422               3312.1   -0.374300591374391
       423               3312.2    -0.37262674649761
       424               3312.3   -0.370638307552174
       425               3312.4   -0.368580194025154
       426               3312.5   -0.366726513028734
       427               3312.6   -0.365225075729351
       428               3312.7   -0.364086368887774
       429               3312.8   -0.363307582083935
       430               3312.9    -0.36295578284977
       431                 3313   -0.363109272010356
       432               3313.1   -0.363763920308502
       433               3313.2   -0.364846270185866
       434               3313.3   -0.366292402716015
       435               3313.4   -0.368038094574755
       436               3313.5   -0.369902680190825
       437               3313.6   -0.371535755579232
       438               3313.7   -0.372554095903175
       439               3313.8   -0.372774158664687
       440               3313.9   -0.372327675447704
       441                 3314   -0.371557765248169
       442               3314.1   -0.370780751914899
       443               3314.2   -0.370086129332599
       444               3314.3    -0.36930694989346
       445               3314.4   -0.368179712564044
       446               3314.5   -0.366578245220887
       447               3314.6   -0.364634226340605
       448               3314.7   -0.362640936272287
       449               3314.8   -0.360831336239727
       450               3314.9   -0.359228305365701
       451                 3315   -0.357669658559192
       452               3315.1    -0.35594463835399
       453               3315.2   -0.353928634895435
       454               3315.3   -0.351658145403668
       455               3315.4   -0.349322275710691
       456               3315.5   -0.347155868619153
       457               3315.6   -0.345282369830802
       458               3315.7   -0.343625802589297
       459               3315.8   -0.341964829846086
       460               3315.9   -0.340071225791043
       461                 3316   -0.337828368867975
       462               3316.1   -0.335291302782723
       463               3316.2   -0.332688394572764
       464               3316.3    -0.33033564661299
       465               3316.4   -0.328458726110188
       466               3316.5   -0.327021854281084
       467               3316.6   -0.325703374757492
       468               3316.7   -0.324057900801997
       469               3316.8   -0.321765566434365
       470               3316.9   -0.318807522962758
       471                 3317   -0.315450067593331
       472               3317.1   -0.312048459323814
       473               3317.2   -0.308825003407487
       474               3317.3   -0.305798892981691
       475               3317.4   -0.302891921944913
       476               3317.5   -0.300055206194024
       477               3317.6   -0.297264864597237
       478               3317.7    -0.29441695154754
       479               3317.8   -0.291288656675454
       480               3317.9    -0.28765577030194
       481                 3318   -0.283468964134411
       482               3318.1   -0.278924403761548
       483               3318.2   -0.274371762369284
       484               3318.3   -0.270132438623388
       485               3318.4   -0.266338150914421
       486               3318.5   -0.262874533674733
       487               3318.6   -0.259465314726875
       488               3318.7   -0.255850753036335
       489               3318.8   -0.251940631019911
       490               3318.9   -0.247844127470267
       491                 3319   -0.243784439329965
       492               3319.1   -0.239978610418605
       493               3319.2   -0.236550508782033
       494               3319.3   -0.233506385875763
       495               3319.4   -0.230772241621074
       496               3319.5   -0.228248609382505
       497               3319.6   -0.225819134634704
       498               3319.7   -0.223317957477382
       499               3319.8   -0.220545045882118
       500               3319.9   -0.217378232740837
       501                 3320   -0.213898485786169
       502               3320.1   -0.210401976283438
       503               3320.2    -0.20727514362907
       504               3320.3   -0.204820857399559
       505               3320.4   -0.203133228355309
       506               3320.5   -0.202067696920565
       507               3320.6   -0.201317315105661
       508               3320.7   -0.200571560582722
       509               3320.8   -0.199671911972429
       510               3320.9   -0.198657198978335
       511                 3321   -0.197681257583925
       512               3321.1   -0.196896410008233
       513               3321.2    -0.19638946926878
       514               3321.3   -0.196175995076022
       515               3321.4   -0.196241504942778
       516               3321.5   -0.196633632345936
       517               3321.6   -0.197544133170056
       518               3321.7   -0.199260483810088
       519               3321.8   -0.201977123594816
       520               3321.9   -0.205634874114036
       521                 3322   -0.209944400729181
       522               3322.1   -0.214546449115649
       523               3322.2    -0.21913936114041
       524               3322.3   -0.223500761299202
       525               3322.4    -0.22748174931045
       526               3322.5   -0.231055741255987
       527               3322.6   -0.234378036310998
       528               3322.7   -0.237741824662502
       529               3322.8   -0.241412394399615
       530               3322.9   -0.245476630057161
       531                 3323   -0.249856960797134
       532               3323.1   -0.254467158802872
       533               3323.2   -0.259325531796562
       534               3323.3   -0.264491106125743
       535               3323.4   -0.269904612429427
       536               3323.5   -0.275342723378361
       537               3323.6   -0.280571436673393
       538               3323.7    -0.28555283859796
       539               3323.8   -0.290488822382892
       540               3323.9    -0.29564624497566
       541                 3324   -0.301113787432548
       542               3324.1   -0.306694575338215
       543               3324.2   -0.312020264007724
       544               3324.3   -0.316793172404129
       545               3324.4   -0.320957220116772
       546               3324.5   -0.324655090887271
       547               3324.6   -0.328020157573097
       548               3324.7   -0.331011214526574
       549               3324.8   -0.333457056838506
       550               3324.9   -0.335258167453021
       551                 3325    -0.33652243976618
       552               3325.1   -0.337488775184238
       553               3325.2   -0.338335539943719
       554               3325.3   -0.339092636887055
       555               3325.4   -0.339736094667171
       556               3325.5   -0.340327615781206
       557               3325.6   -0.341027396517159
       558               3325.7    -0.34196393598858
       559               3325.8   -0.343086086134374
       560               3325.9   -0.344123315707286
       561                 3326   -0.344690748089694
       562               3326.1   -0.344482485397034
       563               3326.2    -0.34343816217768
       564               3326.3   -0.341779026680287
       565               3326.4   -0.339902120639011
       566               3326.5   -0.338215134157979
       567               3326.6   -0.337002315781088
       568               3326.7     -0.3363575911416
       569               3326.8   -0.336181519415868
       570               3326.9   -0.336229012777056
       571                 3327   -0.336193738925413
       572               3327.1   -0.335815977326967
       573               3327.2   -0.334987703426565
       574               3327.3   -0.333799105374199
       575               3327.4    -0.33247870503866
       576               3327.5   -0.331255315883355
       577               3327.6    -0.33023909234699
       578               3327.7   -0.329398048448221
       579               3327.8    -0.32862232726083
       580               3327.9   -0.327805133906061
       581                 3328    -0.32687353889596
       582               3328.1   -0.325768550214106
       583               3328.2   -0.324438586975578
       584               3328.3   -0.322887804076674
       585               3328.4   -0.321227532143332
       586               3328.5   -0.319650112649749
       587               3328.6   -0.318332914333512
       588               3328.7   -0.317360429054994
       589               3328.8   -0.316715781273832
       590               3328.9   -0.316310713141877
       591                 3329   -0.316011377553671
       592               3329.1   -0.315664853585616
       593               3329.2   -0.315152323920987
       594               3329.3   -0.314461325912875
       595               3329.4   -0.313724774448975
       596               3329.5   -0.313174780989902
       597               3329.6    -0.31302398040579
       598               3329.7   -0.313363289440078
       599               3329.8   -0.314164581623503
       600               3329.9   -0.315387464472013
       601                 3330   -0.317098165408794
       602               3330.1   -0.319491927063602
       603               3330.2   -0.322774229269609
       604               3330.3   -0.326969932481425
       605               3330.4    -0.33181879367111
       606               3330.5   -0.336873472354831
       607               3330.6   -0.341743733066643
       608               3330.7   -0.346299745360604
       609               3330.8   -0.350696983697464
       610               3330.9   -0.355241216336144
       611                 3331   -0.360212520617673
       612               3331.1   -0.365760351980713
       613               3331.2   -0.371908685322538
       614               3331.3   -0.378616694573136
       615               3331.4   -0.385796517933551
       616               3331.5   -0.393265891392745
       617               3331.6   -0.400741076206877
       618               3331.7   -0.407969268624015
       619               3331.8   -0.414922864521268
       620               3331.9   -0.421850211527187
       621                 3332   -0.429095175509552
       622               3332.1   -0.436844611597014
       623               3332.2   -0.445037500074896
       624               3332.3   -0.453479507432335
       625               3332.4   -0.461997502244975
       626               3332.5   -0.470491653512394
       627               3332.6   -0.478916458879212
       628               3332.7   -0.487284205523295
       629               3332.8   -0.495689929945303
       630               3332.9   -0.504292252033369
       631                 3333   -0.513235731952046
       632               3333.1   -0.522561935150658
       633               3333.2   -0.532156329574293
       634               3333.3    -0.54176063486552
       635               3333.4   -0.551061489912428
       636               3333.5   -0.559814309945706
       637               3333.6    -0.56791701364825
       638               3333.7   -0.575387723980176
       639               3333.8   -0.582287149298723
       640               3333.9   -0.588655535698668
       641                 3334   -0.594494335482988
       642               3334.1   -0.599784388857411
       643               3334.2   -0.604521312222188
       644               3334.3   -0.608741395070357
       645               3334.4   -0.612509746030729
       646               3334.5   -0.615865775628633
       647               3334.6   -0.618756304095259
       648               3334.7   -0.621004913744799
       649               3334.8    -0.62235658252083
       650               3334.9   -0.622596017554991
       651                 3335   -0.621676043460507
       652               3335.1   -0.619760984896178
       653               3335.2   -0.617144007621106
       654               3335.3   -0.614102043050982
       655               3335.4   -0.610795791127122
       656               3335.5   -0.607258027980934
       657               3335.6   -0.603429058274406
       658               3335.7   -0.599194259907328
       659               3335.8    -0.59442550309687
       660               3335.9   -0.589031615187357
       661                 3336   -0.582988066133567
       662               3336.1   -0.576321819110008
       663               3336.2   -0.569073100397706
       664               3336.3   -0.561270066298319
       665               3336.4   -0.552924699381112
       666               3336.5   -0.544037863182559
       667               3336.6   -0.534602620020457
       668               3336.7   -0.524602617127409
       669               3336.8   -0.514016102534896
       670               3336.9   -0.502843166269015
       671                 3337   -0.491148512391998
       672               3337.1   -0.479078317163605
       673               3337.2   -0.466822654514271
       674               3337.3   -0.454546190133589
       675               3337.4   -0.442334267744401
       676               3337.5   -0.430178523778629
       677               3337.6   -0.417996344302883
       678               3337.7   -0.405669884109389
       679               3337.8   -0.393094988091561
       680               3337.9   -0.380236385289113
       681                 3338   -0.367182093845943
       682               3338.1   -0.354167729575419
       683               3338.2   -0.341524699327571
       684               3338.3   -0.329540220399071
       685               3338.4   -0.318292261891733
       686               3338.5    -0.30756683131998
       687               3338.6   -0.296931894208166
       688               3338.7   -0.285949875847262
       689               3338.8   -0.274406429784199
       690               3338.9   -0.262390150947681
       691                 3339   -0.250153578465221
       692               3339.1   -0.237875567817024
       693               3339.2   -0.225534285962225
       694               3339.3   -0.212975695994737
       695               3339.4    -0.20006917939827
       696               3339.5   -0.186793579530311
       697               3339.6   -0.173205396070982
       698               3339.7   -0.159356182384016
       699               3339.8   -0.145247215231978
       700               3339.9   -0.130850765815923
       701                 3340   -0.116159241336399
       702               3340.1   -0.101209730976534
       703               3340.2  -0.0860702101961584
       704               3340.3  -0.0708013995630555
       705               3340.4  -0.0554035736094374
       706               3340.5  -0.0397727183662772
       707               3340.6  -0.0237263857634246
       708               3340.7 -0.00712379625068032
       709               3340.8   0.0100159466866637
       710               3340.9   0.0275397702542951
       711                 3341   0.0453295915699051
       712               3341.1   0.0634314171762622
       713               3341.2   0.0819900737000919
       714               3341.3    0.101059135937124
       715               3341.4    0.120488650316833
       716               3341.5    0.139973221437622
       717               3341.6     0.15915918591471
       718               3341.7     0.17770880474887
       719               3341.8    0.195344306422148
       720               3341.9    0.211916021031665
       721                 3342    0.227437747236384
       722               3342.1    0.242002091366809
       723               3342.2    0.255602564844173
       724               3342.3    0.268001698465357
       725               3342.4     0.27875765936657
       726               3342.5    0.287385608953717
       727               3342.6    0.293514389567382
       728               3342.7     0.29690936057848
       729               3342.8    0.297364193678336
       730               3342.9    0.294589605831763
       731                 3343    0.288211817107171
       732               3343.1    0.277863047955892
       733               3343.2    0.263260520730726
       734               3343.3    0.244216442665517
       735               3343.4    0.220613932636112
       736               3343.5    0.192406143041615
       737               3343.6    0.159653101585833
       738               3343.7    0.122578343660704
       739               3343.8   0.0816192455864227
       740               3343.9   0.0374280564092617
       741                 3344 -0.00922238930845037
       742               3344.1  -0.0576095531712975
       743               3344.2   -0.107196879624971
       744               3344.3   -0.157622452878881
       745               3344.4   -0.208554155068177
       746               3344.5   -0.259546892110279
       747               3344.6   -0.310021080828314
       748               3344.7   -0.359356006099765
       749               3344.8   -0.407003175452485
       750               3344.9    -0.45254995906812
       751                 3345   -0.495736880922117
       752               3345.1   -0.536455849415922
       753               3345.2   -0.574724370708724
       754               3345.3   -0.610610626952161
       755               3345.4    -0.64411955316774
       756               3345.5   -0.675107568284487
       757               3345.6   -0.703303226862504
       758               3345.7   -0.728440244276246
       759               3345.8   -0.750409739933277
       760               3345.9   -0.769314457279329
       761                 3346   -0.785401123455373
       762               3346.1   -0.798961551293001
       763               3346.2   -0.810293392063093
       764               3346.3   -0.819701714837274
       765               3346.4   -0.827456722151752
       766               3346.5   -0.833704344222478
       767               3346.6   -0.838443844627506
       768               3346.7    -0.84164133398945
       769               3346.8   -0.843363422037844
       770               3346.9   -0.843761104906143
       771                 3347   -0.842929262155923
       772               3347.1    -0.84084790268487
       773               3347.2   -0.837502968051695
       774               3347.3   -0.833029411571979
       775               3347.4   -0.827674587016586
       776               3347.5   -0.821605747899324
       777               3347.6   -0.814785225230684
       778               3347.7   -0.807067789420304
       779               3347.8   -0.798426237091865
       780               3347.9   -0.789062996531923
       781                 3348     -0.7792767560474
       782               3348.1   -0.769210537865217
       783               3348.2   -0.758737847801599
       784               3348.3   -0.747596942245673
       785               3348.4   -0.735621709596699
       786               3348.5     -0.7228429563344
       787               3348.6   -0.709413997900406
       788               3348.7   -0.695507543823118
       789               3348.8   -0.681315326915248
       790               3348.9   -0.667114779305568
       791                 3349   -0.653261807999748
       792               3349.1   -0.640040032721654
       793               3349.2   -0.627468450274086
       794               3349.3   -0.615255420129616
       795               3349.4   -0.602969368922224
       796               3349.5   -0.590282654315932
       797               3349.6    -0.57708380168606
       798               3349.7   -0.563422461771732
       799               3349.8   -0.549428064131142
       800               3349.9   -0.535305547809978
       801                 3350   -0.521351962618579
       802               3350.1   -0.507902518354076
       803               3350.2   -0.495230412926471
       804               3350.3   -0.483495629052255
       805               3350.4   -0.472768654667588
       806               3350.5   -0.463065024285384
       807               3350.6   -0.454334445143141
       808               3350.7   -0.446419625692749
       809               3350.8   -0.439044390969592
       810               3350.9   -0.431878573721148
       811                 3351   -0.424671874185899
       812               3351.1   -0.417380005466167
       813               3351.2   -0.410187517593274
       814               3351.3   -0.403405392433375
       815               3351.4   -0.397323001568333
       816               3351.5   -0.392114346558586
       817               3351.6   -0.387831268308572
       818               3351.7   -0.384450289471652
       819               3351.8   -0.381927532828278
       820               3351.9   -0.380235930133782
       821                 3352   -0.379376447880121
       822               3352.1   -0.379358379439324
       823               3352.2   -0.380147541507396
       824               3352.3   -0.381614460513609
       825               3352.4   -0.383554832138952
       826               3352.5   -0.385812277972534
       827               3352.6   -0.388401279442853
       828               3352.7   -0.391474498380561
       829               3352.8   -0.395131432947804
       830               3352.9   -0.399263742172621
       831                 3353   -0.403603395260983
       832               3353.1    -0.40790148418184
       833               3353.2   -0.412030902339631
       834               3353.3   -0.415943015798261
       835               3353.4   -0.419607224419753
       836               3353.5   -0.423047017375997
       837               3353.6   -0.426403270344833
       838               3353.7   -0.429887958832082
       839               3353.8   -0.433642088924726
       840               3353.9   -0.437657123075781
       841                 3354   -0.441840211376009
       842               3354.1   -0.446112847475214
       843               3354.2   -0.450410136639274
       844               3354.3   -0.454616915980278
       845               3354.4   -0.458568652596449
       846               3354.5   -0.462123108929659
       847               3354.6   -0.465188224397424
       848               3354.7   -0.467681935809774
       849               3354.8   -0.469543904233912
       850               3354.9   -0.470848603276201
       851                 3355   -0.471871390465586
       852               3355.1   -0.472961370068784
       853               3355.2   -0.474311509737084
       854               3355.3   -0.475855663515798
       855               3355.4   -0.477369543023503
       856               3355.5   -0.478628863607444
       857               3355.6   -0.479471599088154
       858               3355.7   -0.479780361833487
       859               3355.8   -0.479490565345244
       860               3355.9   -0.478651376781552
       861                 3356   -0.477465930748193
       862               3356.1   -0.476244107829095
       863               3356.2   -0.475281592356327
       864               3356.3   -0.474739960644943
       865               3356.4   -0.474604110386652
       866               3356.5    -0.47473896069665
       867               3356.6    -0.47498690044518
       868               3356.7   -0.475211480857247
       869               3356.8   -0.475259285327389
       870               3356.9   -0.474924952534731
       871                 3357   -0.474021207080296
       872               3357.1   -0.472530929583548
       873               3357.2   -0.470696047798796
       874               3357.3   -0.468937054246978
       875               3357.4   -0.467653454417948
       876               3357.5    -0.46704685058514
       877               3357.6    -0.46705869155475
       878               3357.7   -0.467419203808621
       879               3357.8   -0.467762885240841
       880               3357.9   -0.467768589005485
       881                 3358   -0.467276005632047
       882               3358.1   -0.466320869875173
       883               3358.2   -0.465064683746739
       884               3358.3   -0.463667388596419
       885               3358.4    -0.46219311461182
       886               3358.5   -0.460607283982113
       887               3358.6   -0.458857964218029
       888               3358.7   -0.456984444832775
       889               3358.8   -0.455167690340517
       890               3358.9   -0.453654750069283
       891                 3359   -0.452589251429537
       892               3359.1   -0.451892591024312
       893               3359.2    -0.45131807404913
       894               3359.3     -0.4506370371186
       895               3359.4   -0.449792701789409
       896               3359.5   -0.448902721087427
       897               3359.6    -0.44813018077093
       898               3359.7   -0.447536334878803
       899               3359.8   -0.447030190583117
       900               3359.9   -0.446456657616308
       901                 3360   -0.445749731626651
       902               3360.1   -0.445005808924014
       903               3360.2   -0.444391919241862
       904               3360.3    -0.44395199944464
       905               3360.4    -0.44346902251105
       906               3360.5    -0.44250892809923
       907               3360.6   -0.440654298490027
       908               3360.7   -0.437800103815328
       909               3360.8    -0.43430491258486
       910               3360.9   -0.430855051699466
       911                 3361   -0.428107721757033
       912               3361.1   -0.426369106856763
       913               3361.2   -0.425539878406591
       914               3361.3   -0.425326767938883
       915               3361.4   -0.425498365496586
       916               3361.5   -0.425960523937953
       917               3361.6   -0.426626109368027
       918               3361.7   -0.427263802155777
       919               3361.8   -0.427536997897517
       920               3361.9   -0.427240556063271
       921                 3362   -0.426495858461005
       922               3362.1   -0.425667234583063
       923               3362.2   -0.425060047892615
       924               3362.3   -0.424706233214271
       925               3362.4   -0.424421308662967
       926               3362.5   -0.423997825140078
       927               3362.6   -0.423306005409313
       928               3362.7   -0.422276219203975
       929               3362.8   -0.420902512784565
       930               3362.9   -0.419310621052808
       931                 3363    -0.41776827380663
       932               3363.1   -0.416554954261292
       933               3363.2   -0.415798906127399
       934               3363.3   -0.415447009299115
       935               3363.4   -0.415371335088235
       936               3363.5   -0.415462541155155
       937               3363.6   -0.415614938876827
       938               3363.7   -0.415670731202717
       939               3363.8   -0.415435949428736
       940               3363.9   -0.414775021209753
       941                 3364   -0.413696223389449
       942               3364.1   -0.412360105712714
       943               3364.2   -0.411014431087185
       944               3364.3   -0.409892350449394
       945               3364.4   -0.409108740974373
       946               3364.5   -0.408594572415616
       947               3364.6   -0.408114651932793
       948               3364.7   -0.407383509059671
       949               3364.8   -0.406226262525842
       950               3364.9   -0.404679898168464
       951                 3365   -0.402958714254738
       952               3365.1   -0.401313388545721
       953               3365.2   -0.399902903180902
       954               3365.3   -0.398773703865096
       955               3365.4   -0.397921047900109
       956               3365.5   -0.397330776363375
       957               3365.6   -0.396957312693278
       958               3365.7   -0.396702305758703
       959               3365.8   -0.396462130915363
       960               3365.9   -0.396204940910506
       961                 3366   -0.395978893237222
       962               3366.1   -0.395832805413497
       963               3366.2    -0.39573698994959
       964               3366.3    -0.39558518556223
       965               3366.4    -0.39526392969012
       966               3366.5   -0.394717431676178
       967               3366.6   -0.393963878874749
       968               3366.7   -0.393081095073098
       969               3366.8   -0.392202139765421
       970               3366.9   -0.391517955790093
       971                 3367   -0.391232187104298
       972               3367.1   -0.391447467683691
       973               3367.2   -0.392067643655547
       974               3367.3   -0.392826590375982
       975               3367.4   -0.393434298872596
       976               3367.5   -0.393714562408164
       977               3367.6   -0.393647812763778
       978               3367.7   -0.393347508276016
       979               3367.8   -0.393018746927013
       980               3367.9   -0.392887186510466
       981                 3368   -0.393089761978843
       982               3368.1   -0.393596858197628
       983               3368.2   -0.394249120839323
       984               3368.3   -0.394892321044188
       985               3368.4   -0.395500593078217
       986               3368.5   -0.396191980588106
       987               3368.6    -0.39712310907901
       988               3368.7   -0.398327016428609
       989               3368.8   -0.399604156437132
       990               3368.9   -0.400569023503366
       991                 3369   -0.400859496906447
       992               3369.1   -0.400376357495537
       993               3369.2   -0.399373488658632
       994               3369.3   -0.398334658665414
       995               3369.4   -0.397734069952311
       996               3369.5   -0.397825854585238
       997               3369.6   -0.398545732381674
       998               3369.7   -0.399545785298972
       999               3369.8   -0.400348657000055
      1000               3369.9   -0.400560064553421
      1001                 3370   -0.400040291889233
      1002               3370.1   -0.398959040017841
      1003               3370.2   -0.397720640799402
      1004               3370.3   -0.396794179807519
      1005               3370.4   -0.396518656231336
      1006               3370.5   -0.396981507184885
      1007               3370.6   -0.398034758563828
      1008               3370.7    -0.39940665856993
      1009               3370.8   -0.400800811542356
      1010               3370.9   -0.401936081420299
      1011                 3371   -0.402580720559566
      1012               3371.1   -0.402633495794056
      1013               3371.2   -0.402211246903527
      1014               3371.3    -0.40164280383014
      1015               3371.4   -0.401319741352834
      1016               3371.5   -0.401475962464382
      1017               3371.6   -0.402054627123625
      1018               3371.7   -0.402778342304096
      1019               3371.8   -0.403376422161668
      1020               3371.9   -0.403783357809142
      1021                 3372   -0.404151267297146
      1022               3372.1   -0.404693926949858
      1023               3372.2   -0.405521532543325
      1024               3372.3   -0.406598450993681
      1025               3372.4   -0.407818637869661
      1026               3372.5   -0.409106251065093
      1027               3372.6    -0.41047185194788
      1028               3372.7   -0.412007079689996
      1029               3372.8   -0.413821047953324
      1030               3372.9    -0.41594324339959
      1031                 3373   -0.418254899023689
      1032               3373.1   -0.420504902837061
      1033               3373.2   -0.422402426469965
      1034               3373.3   -0.423731506960595
      1035               3373.4   -0.424442841327166
      1036               3373.5   -0.424697234724161
      1037               3373.6   -0.424836234281647
      1038               3373.7   -0.425274764348839
      1039               3373.8   -0.426352935406757
      1040               3373.9   -0.428201801596492
      1041                 3374   -0.430667620420816
      1042               3374.1   -0.433343629486382
      1043               3374.2   -0.435749241594972
      1044               3374.3   -0.437597448305687
      1045               3374.4   -0.438961288676822
      1046               3374.5   -0.440181744140582
      1047               3374.6   -0.441587461858582
      1048               3374.7   -0.443271097849312
      1049               3374.8    -0.44507492712852
      1050               3374.9   -0.446717905199796
      1051                 3375   -0.447929206223924
      1052               3375.1   -0.448553098429933
      1053               3375.2   -0.448635922163638
      1054               3375.3   -0.448432661240331
      1055               3375.4   -0.448262344397703
      1056               3375.5   -0.448292197427236
      1057               3375.6   -0.448448576390529
      1058               3375.7   -0.448543343115865
      1059               3375.8   -0.448481466120178
      1060               3375.9   -0.448351482088562
      1061                 3376   -0.448350885981897
      1062               3376.1    -0.44865858327814
      1063               3376.2   -0.449368412338211
      1064               3376.3   -0.450493173135267
      1065               3376.4   -0.451981855329167
      1066               3376.5   -0.453715272866988
      1067               3376.6   -0.455499713906908
      1068               3376.7   -0.457095604527767
      1069               3376.8   -0.458286204311543
      1070               3376.9   -0.458950101237232
      1071                 3377   -0.459093904188775
      1072               3377.1   -0.458828549775691
      1073               3377.2   -0.458302762221538
      1074               3377.3   -0.457626345277257
      1075               3377.4   -0.456827905144536
      1076               3377.5   -0.455877889523042
      1077               3377.6   -0.454754403197098
      1078               3377.7   -0.453487289418194
      1079               3377.8   -0.452146632987168
      1080               3377.9   -0.450806345200313
      1081                 3378    -0.44952207937474
      1082               3378.1   -0.448321250982846
      1083               3378.2   -0.447193794608777
      1084               3378.3   -0.446103408609988
      1085               3378.4   -0.445036880200491
      1086               3378.5   -0.444057626787221
      1087               3378.6   -0.443301396714055
      1088               3378.7     -0.4428945673918
      1089               3378.8   -0.442848811286269
      1090               3378.9   -0.443016981071533
      1091                 3379   -0.443150292135831
      1092               3379.1   -0.443014166181244
      1093               3379.2   -0.442479878734807
      1094               3379.3   -0.441546564879702
      1095               3379.4   -0.440309879772735
      1096               3379.5   -0.438916688572314
      1097               3379.6   -0.437533286547658
      1098               3379.7   -0.436333737003949
      1099               3379.8   -0.435485881611718
      1100               3379.9   -0.435099060599382
      1101                 3380   -0.435144334967114
      1102               3380.1   -0.435426930409728
      1103               3380.2    -0.43567254940378
      1104               3380.3   -0.435677431481278
      1105               3380.4   -0.435401867507052
      1106               3380.5   -0.434942242292796
      1107               3380.6   -0.434419140194308
      1108               3380.7   -0.433866392311113
      1109               3380.8   -0.433197266591889
      1110               3380.9   -0.432286015118296
      1111                 3381   -0.431121930402489
      1112               3381.1    -0.42990222019649
      1113               3381.2   -0.428945498085572
      1114               3381.3   -0.428466473404799
      1115               3381.4   -0.428399323549254
      1116               3381.5   -0.428417561048943
      1117               3381.6   -0.428117385088489
      1118               3381.7    -0.42721658519542
      1119               3381.8    -0.42566382701152
      1120               3381.9   -0.423645966905443
      1121                 3382   -0.421514328391407
      1122               3382.1   -0.419651523803913
      1123               3382.2   -0.418327549117456
      1124               3382.3    -0.41761907590743
      1125               3382.4   -0.417433095051999
      1126               3382.5   -0.417603462898791
      1127               3382.6   -0.417982573660423
      1128               3382.7   -0.418466017569768
      1129               3382.8   -0.418954160514744
      1130               3382.9   -0.419319091519901
      1131                 3383   -0.419435023201939
      1132               3383.1    -0.41924065237567
      1133               3383.2   -0.418748380845262
      1134               3383.3   -0.417986912890175
      1135               3383.4   -0.416964835529145
      1136               3383.5   -0.415715448751928
      1137               3383.6   -0.414357353483479
      1138               3383.7   -0.413068145541817
      1139               3383.8   -0.411982379635336
      1140               3383.9   -0.411129908725432
      1141                 3384   -0.410477524077289
      1142               3384.1   -0.410001804159252
      1143               3384.2   -0.409693683026277
      1144               3384.3   -0.409505083384492
      1145               3384.4    -0.40933011522522
      1146               3384.5   -0.409059371629528
      1147               3384.6   -0.408650236118062
      1148               3384.7   -0.408145708597952
      1149               3384.8    -0.40762978753401
      1150               3384.9   -0.407150209494763
      1151                 3385   -0.406662030494626
      1152               3385.1    -0.40605219480529
      1153               3385.2   -0.405251483733129
      1154               3385.3   -0.404340594868294
      1155               3385.4   -0.403532171388034
      1156               3385.5   -0.403022838682183
      1157               3385.6   -0.402846909580358
      1158               3385.7   -0.402871994219559
      1159               3385.8   -0.402941815469914
      1160               3385.9   -0.403025882875887
      1161                 3386   -0.403227010496908
      1162               3386.1   -0.403645334469721
      1163               3386.2   -0.404251612310909
      1164               3386.3   -0.404908990743923
      1165               3386.4   -0.405512156094817
      1166               3386.5   -0.406081806786181
      1167               3386.6   -0.406707852305288
      1168               3386.7   -0.407404515079296
      1169               3386.8   -0.408028935521837
      1170               3386.9   -0.408335834445808
      1171                 3387   -0.408108176121435
      1172               3387.1   -0.407267841168967
      1173               3387.2   -0.405923627165503
      1174               3387.3   -0.404348480232103
      1175               3387.4   -0.402877239186364
      1176               3387.5   -0.401750175962351
      1177               3387.6   -0.400992227900419
      1178               3387.7   -0.400425655321482
      1179               3387.8   -0.399828873441701
      1180               3387.9   -0.399136974485566
      1181                 3388   -0.398526194352458
      1182               3388.1   -0.398300718464598
      1183               3388.2   -0.398665609961538
      1184               3388.3   -0.399567900792295
      1185               3388.4   -0.400712589000633
      1186               3388.5   -0.401706743966108
      1187               3388.6   -0.402220205122591
      1188               3388.7   -0.402092387111847
      1189               3388.8   -0.401364793916077
      1190               3388.9    -0.40024263959969
      1191                 3389   -0.399013121533545
      1192               3389.1   -0.397963217267388
      1193               3389.2   -0.397321397418814
      1194               3389.3   -0.397216802236742
      1195               3389.4   -0.397643141118873
      1196               3389.5   -0.398435457834974
      1197               3389.6   -0.399292129987448
      1198               3389.7   -0.399870172279406
      1199               3389.8   -0.399930386663299
      1200               3389.9   -0.399448204194006
      1201                 3390   -0.398613622359976
      1202               3390.1   -0.397727463244882
      1203               3390.2     -0.3970687495217
      1204               3390.3   -0.396796144959057
      1205               3390.4   -0.396903743020739
      1206               3390.5   -0.397238024869768
      1207               3390.6   -0.397579622828786
      1208               3390.7   -0.397765530868225
      1209               3390.8   -0.397790265818978
      1210               3390.9   -0.397813981614506
      1211                 3391   -0.398046222494201
      1212               3391.1     -0.3985676156297
      1213               3391.2   -0.399233164631001
      1214               3391.3   -0.399759389525962
      1215               3391.4   -0.399928464990314
      1216               3391.5   -0.399716819534624
      1217               3391.6   -0.399236277404567
      1218               3391.7   -0.398587538307147
      1219               3391.8   -0.397813394747887
      1220               3391.9   -0.396988108335538
      1221                 3392   -0.396286574604785
      1222               3392.1   -0.395899167745944
      1223               3392.2   -0.395860572623851
      1224               3392.3   -0.395976068975577
      1225               3392.4   -0.395929974863459
      1226               3392.5   -0.395491227909399
      1227               3392.6    -0.39466494559621
      1228               3392.7   -0.393691603098486
      1229               3392.8   -0.392894254899487
      1230               3392.9   -0.392470974279203
      1231                 3393   -0.392379445455512
      1232               3393.1   -0.392397086180696
      1233               3393.2    -0.39228277861364
      1234               3393.3   -0.391881470192216
      1235               3393.4   -0.391119581614004
      1236               3393.5   -0.389997991971707
      1237               3393.6    -0.38866521210031
      1238               3393.7   -0.387472565067919
      1239               3393.8   -0.386852685774586
      1240               3393.9    -0.38704692007975
      1241                 3394   -0.387913535586811
      1242               3394.1   -0.389008813332554
      1243               3394.2   -0.389883893464162
      1244               3394.3    -0.39035258625674
      1245               3394.4   -0.390530988367537
      1246               3394.5   -0.390653027059156
      1247               3394.6   -0.390837788453217
      1248               3394.7   -0.391000338597906
      1249               3394.8   -0.390963461694737
      1250               3394.9   -0.390656132931852
      1251                 3395   -0.390216500463513
      1252               3395.1   -0.389907110958519
      1253               3395.2   -0.389914981188221
      1254               3395.3   -0.390208996036206
      1255               3395.4   -0.390583210501569
      1256               3395.5    -0.39085482841865
      1257               3395.6   -0.391032704604406
      1258               3395.7   -0.391279778428692
      1259               3395.8    -0.39169481570598
      1260               3395.9   -0.392145935486816
      1261                 3396   -0.392351180006975
      1262               3396.1   -0.392131116127363
      1263               3396.2   -0.391566811011993
      1264               3396.3   -0.390914526159325
      1265               3396.4   -0.390397130422028
      1266               3396.5   -0.390084271168052
      1267               3396.6   -0.389929184665294
      1268               3396.7   -0.389875243564307
      1269               3396.8   -0.389933720323259
      1270               3396.9   -0.390195509482202
      1271                 3397    -0.39077438843625
      1272               3397.1   -0.391701851133334
      1273               3397.2   -0.392836924068494
      1274               3397.3   -0.393877663291057
      1275               3397.4   -0.394508432805844
      1276               3397.5   -0.394605043656924
      1277               3397.6   -0.394338837908138
      1278               3397.7   -0.394069399790468
      1279               3397.8   -0.394093927517098
      1280               3397.9    -0.39446684817142
      1281                 3398   -0.395031909546346
      1282               3398.1    -0.39557928717066
      1283               3398.2   -0.395936493831888
      1284               3398.3   -0.395951067044252
      1285               3398.4   -0.395494693144377
      1286               3398.5   -0.394562316071035
      1287               3398.6   -0.393358527260392
      1288               3398.7   -0.392238016118996
      1289               3398.8   -0.391529977041008
      1290               3398.9   -0.391396285986484
      1291                 3399   -0.391809442966502
      1292               3399.1   -0.392602483643585
      1293               3399.2   -0.393509388374576
      1294               3399.3   -0.394193219731702
      1295               3399.4   -0.394325248233171
      1296               3399.5   -0.393736640179851
      1297               3399.6   -0.392559144297533
      1298               3399.7   -0.391227485867793
      1299               3399.8   -0.390291237128061
      1300               3399.9   -0.390117295770287
      1301                 3400   -0.390660795470306
      1302               3400.1   -0.391477185330004
      1303               3400.2   -0.392008333448742
      1304               3400.3   -0.391956016453791
      1305               3400.4   -0.391449153602298
      1306               3400.5   -0.390876299175418
      1307               3400.6   -0.390564491015564
      1308               3400.7   -0.390607165983276
      1309               3400.8   -0.390945842370764
      1310               3400.9    -0.39153548776478
      1311                 3401   -0.392380888908846
      1312               3401.1    -0.39343241849863
      1313               3401.2   -0.394512630138721
      1314               3401.3   -0.395399076122054
      1315               3401.4   -0.395986614676658
      1316               3401.5   -0.396348836642724
      1317               3401.6   -0.396634201066172
      1318               3401.7   -0.396913779793902
      1319               3401.8   -0.397128146046653
      1320               3401.9   -0.397152103925562
      1321                 3402   -0.396879977812359
      1322               3402.1   -0.396252517441776
      1323               3402.2   -0.395246505960769
      1324               3402.3   -0.393892379218705
      1325               3402.4   -0.392321848584319
      1326               3402.5   -0.390773702343566
      1327               3402.6    -0.38951488225364
      1328               3402.7   -0.388729550701852
      1329               3402.8   -0.388459060981235
      1330               3402.9   -0.388613205147561
      1331                 3403   -0.389019629054283
      1332               3403.1   -0.389487492809949
      1333               3403.2   -0.389877001959563
      1334               3403.3   -0.390152422797885
      1335               3403.4    -0.39038974965137
      1336               3403.5   -0.390729118773874
      1337               3403.6   -0.391286043054834
      1338               3403.7   -0.392066823254892
      1339               3403.8   -0.392958479162415
      1340               3403.9   -0.393815398722125
      1341                 3404   -0.394554087057577
      1342               3404.1   -0.395143788068226
      1343               3404.2   -0.395513556179391
      1344               3404.3   -0.395518541805156
      1345               3404.4   -0.395044790929864
      1346               3404.5   -0.394160515943595
      1347               3404.6   -0.393152937361677
      1348               3404.7   -0.392390469927178
      1349               3404.8    -0.39210691044227
      1350               3404.9   -0.392274884828007
      1351                 3405   -0.392662058170948
      1352               3405.1   -0.393010258589119
      1353               3405.2   -0.393188620285496
      1354               3405.3   -0.393224039859414
      1355               3405.4   -0.393228584444535
      1356               3405.5    -0.39330552732343
      1357               3405.6   -0.393497577140326
      1358               3405.7   -0.393783494457158
      1359               3405.8   -0.394082173326255
      1360               3405.9   -0.394240133956275
      1361                 3406   -0.394049364436706
      1362               3406.1   -0.393350629663205
      1363               3406.2   -0.392167513582838
      1364               3406.3   -0.390733695148573
      1365               3406.4    -0.38936379589828
      1366               3406.5   -0.388279846377095
      1367               3406.6    -0.38754291973587
      1368               3406.7   -0.387124843633007
      1369               3406.8   -0.387021447435204
      1370               3406.9   -0.387277585770754
      1371                 3407   -0.387893543066813
      1372               3407.1   -0.388725909984987
      1373               3407.2   -0.389517263179485
      1374               3407.3   -0.390034511158316
      1375               3407.4   -0.390157822976293
      1376               3407.5   -0.389843767518003
      1377               3407.6   -0.389077581929759
      1378               3407.7   -0.387941331846612
      1379               3407.8   -0.386728266912895
      1380               3407.9   -0.385913288202477
      1381                 3408   -0.385924371374368
      1382               3408.1   -0.386883915714455
      1383               3408.2   -0.388538557360522
      1384               3408.3   -0.390427117476606
      1385               3408.4   -0.392131358404986
      1386               3408.5    -0.39341387112543
      1387               3408.6   -0.394197165809492
      1388               3408.7   -0.394494129653743
      1389               3408.8   -0.394379940428102
      1390               3408.9   -0.393970172984006
      1391                 3409   -0.393356836361271
      1392               3409.1   -0.392558684919029
      1393               3409.2   -0.391555269003963
      1394               3409.3   -0.390358795304273
      1395               3409.4   -0.389038285999487
      1396               3409.5   -0.387707080242826
      1397               3409.6   -0.386525376173499
      1398               3409.7   -0.385684725987036
      1399               3409.8   -0.385317976031041
      1400               3409.9   -0.385393624898254
      1401                 3410   -0.385712927433527
      1402               3410.1   -0.386017491543278
      1403               3410.2   -0.386107807378909
      1404               3410.3    -0.38591373973827
      1405               3410.4   -0.385529584967783
      1406               3410.5   -0.385204394581393
      1407               3410.6   -0.385247848686308
      1408               3410.7   -0.385866833135829
      1409               3410.8   -0.387017434405783
      1410               3410.9   -0.388363055592565
      1411                 3411   -0.389394959061087
      1412               3411.1   -0.389700205125243
      1413               3411.2   -0.389230896878276
      1414               3411.3   -0.388347084153393
      1415               3411.4   -0.387546277777899
      1416               3411.5   -0.387092095454048
      1417               3411.6   -0.386884174343459
      1418               3411.7   -0.386674662306517
      1419               3411.8   -0.386374593431051
      1420               3411.9   -0.386124022611437
      1421                 3412   -0.386092281302696
      1422               3412.1   -0.386270088953843
      1423               3412.2   -0.386489004790171
      1424               3412.3   -0.386631461453225
      1425               3412.4   -0.386798141028797
      1426               3412.5   -0.387264461870362
      1427               3412.6   -0.388276658580872
      1428               3412.7   -0.389869764507297
      1429               3412.8   -0.391828500816618
      1430               3412.9   -0.393773278647635
      1431                 3413   -0.395295168604837
      1432               3413.1   -0.396093550703347
      1433               3413.2    -0.39609257593898
      1434               3413.3   -0.395490608147346
      1435               3413.4    -0.39468454450885
      1436               3413.5   -0.394066936732125
      1437               3413.6   -0.393803284311416
      1438               3413.7   -0.393753917727466
      1439               3413.8   -0.393609802425074
      1440               3413.9   -0.393129448877553
      1441                 3414   -0.392290929826587
      1442               3414.1   -0.391280198596214
      1443               3414.2   -0.390377716248211
      1444               3414.3     -0.3898383939353
      1445               3414.4   -0.389814254708425
      1446               3414.5    -0.39032721049344
      1447               3414.6   -0.391272232883519
      1448               3414.7   -0.392420030398751
      1449               3414.8   -0.393426393814814
      1450               3414.9    -0.39391428449185
      1451                 3415   -0.393663671544992
      1452               3415.1   -0.392797848987308
      1453               3415.2   -0.391763546335422
      1454               3415.3   -0.391042293624579
      1455               3415.4    -0.39080492151371
      1456               3415.5   -0.390815920380956
      1457               3415.6    -0.39066961148524
      1458               3415.7   -0.390131053976341
      1459               3415.8   -0.389289720070603
      1460               3415.9   -0.388446228853972
      1461                 3416   -0.387883205054504
      1462               3416.1   -0.387708837823395
      1463               3416.2   -0.387848652298901
      1464               3416.3   -0.388151485325655
      1465               3416.4   -0.388522555141171
      1466               3416.5   -0.388980641523221
      1467               3416.6   -0.389588788332137
      1468               3416.7    -0.39033623007222
      1469               3416.8   -0.391119380427731
      1470               3416.9   -0.391854537473413
      1471                 3417   -0.392570113412055
      1472               3417.1    -0.39332832692357
      1473               3417.2   -0.394050788272942
      1474               3417.3   -0.394486126489391
      1475               3417.4   -0.394417981818256
      1476               3417.5   -0.393914741919165
      1477               3417.6   -0.393339388163487
      1478               3417.7   -0.393081638837994
      1479               3417.8   -0.393258336575604
      1480               3417.9   -0.393641536044673
      1481                 3418   -0.393842989065922
      1482               3418.1   -0.393578460071875
      1483               3418.2   -0.392828942094885
      1484               3418.3   -0.391837551707342
      1485               3418.4   -0.390976618381193
      1486               3418.5     -0.3905546705952
      1487               3418.6   -0.390659917486397
      1488               3418.7   -0.391137318095151
      1489               3418.8   -0.391712523592569
      1490               3418.9   -0.392164331730399
      1491                 3419   -0.392429510525128
      1492               3419.1   -0.392601245738874
      1493               3419.2   -0.392850276244331
      1494               3419.3   -0.393313912808103
      1495               3419.4   -0.394005982034769
      1496               3419.5   -0.394809006621501
      1497               3419.6   -0.395564024784969
      1498               3419.7   -0.396180240654679
      1499               3419.8   -0.396668252031317
      1500               3419.9   -0.397094512294318
