     index            Field [G]         Intensity []

         1                 3270   -0.379327905153435
         2               3270.1   -0.378265953610658
         3               3270.2   -0.377084382760841
         4               3270.3   -0.375913444240748
         5               3270.4   -0.374923001368087
         6               3270.5   -0.374248277923919
         7               3270.6    -0.37391395414866
         8               3270.7   -0.373830074724037
         9               3270.8   -0.373881231692878
        10               3270.9   -0.374042553656681
        11                 3271   -0.374417826512345
        12               3271.1   -0.375155540918128
        13               3271.2   -0.376318499184202
        14               3271.3   -0.377824038661701
        15               3271.4   -0.379480597284525
        16               3271.5   -0.381062941765149
        17               3271.6   -0.382397484447035
        18               3271.7   -0.383458414920432
        19               3271.8   -0.384405400656266
        20               3271.9   -0.385463882962892
        21                 3272   -0.386701729326257
        22               3272.1   -0.387922877121542
        23               3272.2   -0.388810271435117
        24               3272.3   -0.389181194015443
        25               3272.4   -0.389112848030977
        26               3272.5   -0.388865152413921
        27               3272.6   -0.388720074426575
        28               3272.7   -0.388867798678668
        29               3272.8   -0.389379710317424
        30               3272.9   -0.390248442733615
        31                 3273   -0.391439779749499
        32               3273.1   -0.392884863800953
        33               3273.2   -0.394411695053144
        34               3273.3   -0.395727315840253
        35               3273.4    -0.39653932694623
        36               3273.5   -0.396733870255661
        37               3273.6   -0.396439243464401
        38               3273.7   -0.395927093194051
        39               3273.8   -0.395458612599958
        40               3273.9   -0.395184790112969
        41                 3274   -0.395126312164956
        42               3274.1   -0.395225275429368
        43               3274.2   -0.395447128081843
        44               3274.3   -0.395853621373685
        45               3274.4   -0.396550046359192
        46               3274.5   -0.397524132194697
        47               3274.6   -0.398535773197222
        48               3274.7   -0.399202211509717
        49               3274.8   -0.399246493445908
        50               3274.9   -0.398714250970441
        51                 3275   -0.397964086747285
        52               3275.1   -0.397407205032703
        53               3275.2   -0.397195556486244
        54               3275.3   -0.397136230772887
        55               3275.4   -0.396915535997906
        56               3275.5   -0.396409164245259
        57               3275.6   -0.395780533585698
        58               3275.7   -0.395315767119171
        59               3275.8   -0.395197802883407
        60               3275.9   -0.395406527013106
        61                 3276    -0.39575884141407
        62               3276.1   -0.396021962685544
        63               3276.2   -0.396052798278821
        64               3276.3   -0.395896737910738
        65               3276.4    -0.39574400602935
        66               3276.5   -0.395733392436206
        67               3276.6   -0.395773318216364
        68               3276.7   -0.395582645090575
        69               3276.8   -0.394941878356809
        70               3276.9   -0.393913128242421
        71                 3277   -0.392811593171598
        72               3277.1   -0.391970840233716
        73               3277.2   -0.391543966048385
        74               3277.3   -0.391506864744243
        75               3277.4   -0.391788378221435
        76               3277.5   -0.392339483449659
        77               3277.6   -0.393084303354439
        78               3277.7   -0.393870351522559
        79               3277.8   -0.394522149419276
        80               3277.9   -0.394945741843691
        81                 3278   -0.395160056773113
        82               3278.1   -0.395227292657789
        83               3278.2   -0.395170072762918
        84               3278.3   -0.394953011688982
        85               3278.4   -0.394516939352765
        86               3278.5    -0.39382128133992
        87               3278.6   -0.392891970662168
        88               3278.7   -0.391883290746532
        89               3278.8   -0.391099624507911
        90               3278.9   -0.390889042846426
        91                 3279   -0.391413087429709
        92               3279.1   -0.392451948333023
        93               3279.2   -0.393445912592358
        94               3279.3   -0.393813404779624
        95               3279.4   -0.393341565601433
        96               3279.5    -0.39234758065811
        97               3279.6   -0.391472045800177
        98               3279.7   -0.391260561503908
        99               3279.8    -0.39185466314696
       100               3279.9   -0.392998030711143
       101                 3280   -0.394282447520016
       102               3280.1   -0.395385655832263
       103               3280.2   -0.396139964382996
       104               3280.3   -0.396481566534037
       105               3280.4   -0.396422105758705
       106               3280.5   -0.396087695855169
       107               3280.6   -0.395735349333194
       108               3280.7   -0.395650645887642
       109               3280.8   -0.395963130877794
       110               3280.9   -0.396537798920537
       111                 3281   -0.397062206531737
       112               3281.1   -0.397273163140773
       113               3281.2   -0.397136791918459
       114               3281.3   -0.396841733158005
       115               3281.4   -0.396628125906159
       116               3281.5   -0.396597661869072
       117               3281.6   -0.396643884727364
       118               3281.7   -0.396538248347671
       119               3281.8   -0.396096951380417
       120               3281.9   -0.395308558973982
       121                 3282   -0.394339995341333
       122               3282.1   -0.393427083595479
       123               3282.2   -0.392735740048849
       124               3282.3     -0.3922906870127
       125               3282.4   -0.391998592594026
       126               3282.5   -0.391711884306898
       127               3282.6   -0.391276796558285
       128               3282.7    -0.39057435341467
       129               3282.8    -0.38958763637009
       130               3282.9    -0.38846373799584
       131                 3283   -0.387484411937606
       132               3283.1   -0.386924921372138
       133               3283.2   -0.386906048081243
       134               3283.3   -0.387364652974809
       135               3283.4   -0.388147162811773
       136               3283.5   -0.389118823578744
       137               3283.6   -0.390205901965089
       138               3283.7   -0.391384549094946
       139               3283.8   -0.392662689962455
       140               3283.9   -0.394055659654141
       141                 3284    -0.39552892123791
       142               3284.1    -0.39692821494723
       143               3284.2   -0.397979327835725
       144               3284.3   -0.398410777323911
       145               3284.4   -0.398126715070593
       146               3284.5   -0.397277802093584
       147               3284.6   -0.396164533670369
       148               3284.7   -0.395066086621854
       149               3284.8   -0.394129247282188
       150               3284.9   -0.393362752555556
       151                 3285   -0.392702874082115
       152               3285.1    -0.39210141871135
       153               3285.2   -0.391583670689911
       154               3285.3   -0.391230870350183
       155               3285.4   -0.391101612048243
       156               3285.5   -0.391170574259751
       157               3285.6   -0.391342055225916
       158               3285.7   -0.391512001319667
       159               3285.8   -0.391611519964401
       160               3285.9   -0.391604503249459
       161                 3286   -0.391468653371358
       162               3286.1   -0.391197858094312
       163               3286.2   -0.390825078183481
       164               3286.3   -0.390427890322843
       165               3286.4   -0.390090871005489
       166               3286.5   -0.389853348068191
       167               3286.6   -0.389697492374808
       168               3286.7   -0.389581847514592
       169               3286.8   -0.389462745583322
       170               3286.9   -0.389271830293343
       171                 3287   -0.388904076237018
       172               3287.1    -0.38827995952519
       173               3287.2   -0.387443456446693
       174               3287.3   -0.386582877119017
       175               3287.4   -0.385930220811403
       176               3287.5   -0.385630833541874
       177               3287.6   -0.385705890127304
       178               3287.7   -0.386112035887737
       179               3287.8   -0.386786782251132
       180               3287.9   -0.387610408303641
       181                 3288   -0.388360354651865
       182               3288.1   -0.388780954015596
       183               3288.2   -0.388762934795016
       184               3288.3   -0.388474080556615
       185               3288.4   -0.388291779976195
       186               3288.5   -0.388565248484575
       187               3288.6    -0.38939940512382
       188               3288.7   -0.390625548793321
       189               3288.8   -0.391931367015442
       190               3288.9   -0.392989153701193
       191                 3289    -0.39350292019595
       192               3289.1   -0.393256165212272
       193               3289.2   -0.392231210518024
       194               3289.3   -0.390701708014363
       195               3289.4   -0.389147004812155
       196               3289.5   -0.388012768909766
       197               3289.6   -0.387512044545395
       198               3289.7   -0.387599999008028
       199               3289.8   -0.388072583300712
       200               3289.9   -0.388674467860462
       201                 3290   -0.389176464514062
       202               3290.1   -0.389440065686503
       203               3290.2    -0.38946155232766
       204               3290.3   -0.389358887903582
       205               3290.4   -0.389294715230641
       206               3290.5   -0.389384201250104
       207               3290.6   -0.389647438345287
       208               3290.7   -0.390017603781315
       209               3290.8   -0.390371656317549
       210               3290.9   -0.390567830523382
       211                 3291   -0.390509609050324
       212               3291.1   -0.390225980102028
       213               3291.2    -0.38989268059551
       214               3291.3   -0.389738358671747
       215               3291.4   -0.389894643438113
       216               3291.5   -0.390315489034217
       217               3291.6   -0.390817871743439
       218               3291.7   -0.391186202724251
       219               3291.8   -0.391270312136829
       220               3291.9   -0.391056328215682
       221                 3292     -0.3906920434162
       222               3292.1   -0.390423995534942
       223               3292.2    -0.39044990994452
       224               3292.3   -0.390783618792003
       225               3292.4   -0.391243391494349
       226               3292.5   -0.391573553976129
       227               3292.6   -0.391599287805682
       228               3292.7    -0.39130264442398
       229               3292.8   -0.390790033118616
       230               3292.9   -0.390206556841791
       231                 3293    -0.38966362992361
       232               3293.1   -0.389200340993987
       233               3293.2   -0.388775297050228
       234               3293.3   -0.388304924424529
       235               3293.4    -0.38775522658508
       236               3293.5   -0.387224033792403
       237               3293.6    -0.38691417039655
       238               3293.7   -0.386985916299565
       239               3293.8   -0.387412661278123
       240               3293.9   -0.387979319656953
       241                 3294   -0.388427966325461
       242               3294.1   -0.388618579686604
       243               3294.2   -0.388572745418182
       244               3294.3   -0.388385686650394
       245               3294.4   -0.388109411044129
       246               3294.5   -0.387729858359103
       247               3294.6   -0.387260542414287
       248               3294.7   -0.386834742654203
       249               3294.8   -0.386655266737496
       250               3294.9   -0.386817560425919
       251                 3295    -0.38718940169859
       252               3295.1   -0.387488361832317
       253               3295.2    -0.38748749549161
       254               3295.3   -0.387161992511959
       255               3295.4   -0.386680549429952
       256               3295.5   -0.386284417285275
       257               3295.6   -0.386133797342929
       258               3295.7   -0.386194667283729
       259               3295.8   -0.386259179198427
       260               3295.9    -0.38613915484502
       261                 3296   -0.385888535369546
       262               3296.1   -0.385804887861599
       263               3296.2   -0.386147729835844
       264               3296.3   -0.386831512880867
       265               3296.4   -0.387414985435716
       266               3296.5   -0.387419337487548
       267               3296.6   -0.386691014583771
       268               3296.7   -0.385511098177835
       269               3296.8   -0.384408218586043
       270               3296.9   -0.383863173227084
       271                 3297   -0.384101571965082
       272               3297.1   -0.385033297631709
       273               3297.2   -0.386312283129276
       274               3297.3   -0.387495001929085
       275               3297.4   -0.388245539813709
       276               3297.5   -0.388458900518691
       277               3297.6   -0.388211614275894
       278               3297.7   -0.387618231535147
       279               3297.8   -0.386753368810119
       280               3297.9   -0.385680772246086
       281                 3298    -0.38449766390528
       282               3298.1   -0.383325605883301
       283               3298.2   -0.382270559319749
       284               3298.3   -0.381393432438689
       285               3298.4   -0.380705140723723
       286               3298.5   -0.380196066346573
       287               3298.6   -0.379892488959878
       288               3298.7   -0.379877836165451
       289               3298.8    -0.38021306098206
       290               3298.9   -0.380795776984609
       291                 3299   -0.381307727597197
       292               3299.1   -0.381362352900872
       293               3299.2   -0.380777881170143
       294               3299.3   -0.379749932601445
       295               3299.4   -0.378759748714508
       296               3299.5   -0.378283468513368
       297               3299.6   -0.378528955888397
       298               3299.7    -0.37937496825616
       299               3299.8   -0.380512592120927
       300               3299.9   -0.381657345546381
       301                 3300   -0.382683385633185
       302               3300.1   -0.383610819612713
       303               3300.2   -0.384493793093372
       304               3300.3   -0.385324253267599
       305               3300.4   -0.386029323600376
       306               3300.5   -0.386541533273854
       307               3300.6   -0.386859792045921
       308               3300.7   -0.387043143817588
       309               3300.8    -0.38714787333261
       310               3300.9   -0.387166832342149
       311                 3301   -0.387032304986945
       312               3301.1   -0.386696893132525
       313               3301.2   -0.386223541618016
       314               3301.3   -0.385775722039277
       315               3301.4   -0.385488686285474
       316               3301.5    -0.38534556690882
       317               3301.6   -0.385187338331918
       318               3301.7   -0.384836833552459
       319               3301.8   -0.384214148959267
       320               3301.9   -0.383372426716899
       321                 3302   -0.382471518872889
       322               3302.1   -0.381721199489173
       323               3302.2    -0.38131203169163
       324               3302.3   -0.381364818013532
       325               3302.4   -0.381921769013871
       326               3302.5   -0.382952437074842
       327               3302.6   -0.384335438187545
       328               3302.7   -0.385839817571657
       329               3302.8    -0.38717022373233
       330               3302.9   -0.388083567050155
       331                 3303    -0.38850693685872
       332               3303.1   -0.388579932990219
       333               3303.2   -0.388586995142434
       334               3303.3   -0.388792475234215
       335               3303.4   -0.389256515543344
       336               3303.5   -0.389763079050875
       337               3303.6    -0.38993660860989
       338               3303.7   -0.389470634182099
       339               3303.8   -0.388302343564136
       340               3303.9   -0.386638781563259
       341                 3304   -0.384867183630858
       342               3304.1   -0.383421611690709
       343               3304.2    -0.38264495565323
       344               3304.3   -0.382677523530625
       345               3304.4   -0.383422871039734
       346               3304.5   -0.384612251948176
       347               3304.6   -0.385914567308847
       348               3304.7   -0.387015218152242
       349               3304.8   -0.387651378938091
       350               3304.9   -0.387652320135823
       351                 3305   -0.387001587023415
       352               3305.1   -0.385861866330164
       353               3305.2   -0.384508772877848
       354               3305.3   -0.383215081792625
       355               3305.4   -0.382175024606743
       356               3305.5   -0.381490930282938
       357               3305.6   -0.381174553836786
       358               3305.7   -0.381142176847601
       359               3305.8   -0.381235734970167
       360               3305.9    -0.38128960688759
       361                 3306   -0.381216578893606
       362               3306.1   -0.381068610832261
       363               3306.2   -0.381035663601813
       364               3306.3   -0.381367617189205
       365               3306.4   -0.382243036835215
       366               3306.5   -0.383641264787367
       367               3306.6   -0.385283500075816
       368               3306.7   -0.386704829533504
       369               3306.8   -0.387471429336723
       370               3306.9   -0.387425721996745
       371                 3307   -0.386745844519313
       372               3307.1   -0.385742503730034
       373               3307.2   -0.384602557557473
       374               3307.3   -0.383351378304006
       375               3307.4   -0.382024116741764
       376               3307.5   -0.380786345516899
       377               3307.6   -0.379857114333739
       378               3307.7   -0.379358674681053
       379               3307.8   -0.379264280635692
       380               3307.9   -0.379445361672029
       381                 3308   -0.379722709407701
       382               3308.1   -0.379897614018961
       383               3308.2   -0.379807475287422
       384               3308.3   -0.379402463066621
       385               3308.4   -0.378769552176842
       386               3308.5   -0.378063666219434
       387               3308.6   -0.377409785047398
       388               3308.7   -0.376870681964973
       389               3308.8   -0.376485368251781
       390               3308.9   -0.376300359992837
       391                 3309   -0.376353210637133
       392               3309.1   -0.376648986684858
       393               3309.2   -0.377161996373588
       394               3309.3   -0.377831830588398
       395               3309.4   -0.378534125118635
       396               3309.5   -0.379081732914728
       397               3309.6   -0.379314148564003
       398               3309.7   -0.379222844789901
       399               3309.8   -0.378971449549463
       400               3309.9   -0.378743685586785
       401                 3310   -0.378547151166182
       402               3310.1   -0.378197437026368
       403               3310.2   -0.377546184805749
       404               3310.3   -0.376735423537607
       405               3310.4   -0.376183713752406
       406               3310.5   -0.376263043725155
       407               3310.6   -0.376954963822309
       408               3310.7   -0.377822854954241
       409               3310.8   -0.378343904196614
       410               3310.9   -0.378305008722327
       411                 3311   -0.377912711929871
       412               3311.1   -0.377536624537617
       413               3311.2   -0.377337286320714
       414               3311.3   -0.377123774413535
       415               3311.4   -0.376561276916184
       416               3311.5   -0.375513235012063
       417               3311.6   -0.374186834045682
       418               3311.7   -0.372968007228496
       419               3311.8   -0.372133563262265
       420               3311.9   -0.371700393050106
       421                 3312   -0.371498661899206
       422               3312.1   -0.371356093703455
       423               3312.2   -0.371217942133483
       424               3312.3   -0.371117405901058
       425               3312.4   -0.371069375858011
       426               3312.5   -0.371035284841671
       427               3312.6   -0.371003399021352
       428               3312.7   -0.371060951913205
       429               3312.8   -0.371325178754451
       430               3312.9   -0.371784010273542
       431                 3313   -0.372239000775143
       432               3313.1   -0.372437833336607
       433               3313.2   -0.372254871544098
       434               3313.3   -0.371728886636447
       435               3313.4    -0.37095529520762
       436               3313.5    -0.36999404598895
       437               3313.6   -0.368895537014901
       438               3313.7   -0.367778107435142
       439               3313.8   -0.366830597016869
       440               3313.9   -0.366209143192131
       441                 3314   -0.365919698003116
       442               3314.1   -0.365795719090245
       443               3314.2    -0.36559190170035
       444               3314.3   -0.365123662566029
       445               3314.4   -0.364364097719745
       446               3314.5   -0.363446437593896
       447               3314.6   -0.362570329813145
       448               3314.7    -0.36186438374593
       449               3314.8    -0.36129110537397
       450               3314.9   -0.360655065101829
       451                 3315   -0.359705205300917
       452               3315.1   -0.358268483078012
       453               3315.2   -0.356346274734554
       454               3315.3   -0.354132876053346
       455               3315.4   -0.351953335912911
       456               3315.5    -0.35014617765989
       457               3315.6   -0.348927691421546
       458               3315.7   -0.348286469490412
       459               3315.8   -0.347976087397493
       460               3315.9   -0.347648033835543
       461                 3316   -0.347056799429833
       462               3316.1   -0.346169513330273
       463               3316.2   -0.345078558770298
       464               3316.3   -0.343818894487807
       465               3316.4   -0.342292714896549
       466               3316.5   -0.340365206653778
       467               3316.6    -0.33799494526998
       468               3316.7   -0.335255793400209
       469               3316.8     -0.3322727394497
       470               3316.9   -0.329188884903018
       471                 3317   -0.326191830248664
       472               3317.1   -0.323503124744423
       473               3317.2   -0.321260238399107
       474               3317.3   -0.319377975461832
       475               3317.4   -0.317558677165607
       476               3317.5   -0.315484786215641
       477               3317.6   -0.313012620935202
       478               3317.7   -0.310180047694593
       479               3317.8   -0.307073660914209
       480               3317.9   -0.303754760576462
       481                 3318    -0.30030451996967
       482               3318.1   -0.296844357586101
       483               3318.2   -0.293437778598085
       484               3318.3   -0.289998626813213
       485               3318.4   -0.286368167213764
       486               3318.5   -0.282507825710398
       487               3318.6   -0.278585952447135
       488               3318.7     -0.2748432439301
       489               3318.8   -0.271366336234398
       490               3318.9   -0.267997103411825
       491                 3319   -0.264465600807813
       492               3319.1   -0.260618786797227
       493               3319.2    -0.25653742603082
       494               3319.3   -0.252450198238344
       495               3319.4    -0.24854116119594
       496               3319.5   -0.244826679570918
       497               3319.6   -0.241190647283193
       498               3319.7   -0.237516585494053
       499               3319.8   -0.233790566289881
       500               3319.9   -0.230104793188349
       501                 3320   -0.226579657313176
       502               3320.1   -0.223266232567823
       503               3320.2   -0.220096421016791
       504               3320.3   -0.216924403958869
       505               3320.4   -0.213635258985403
       506               3320.5   -0.210228989893468
       507               3320.6    -0.20681499551015
       508               3320.7   -0.203557092790128
       509               3320.8   -0.200646105257255
       510               3320.9   -0.198291448147505
       511                 3321   -0.196658100950924
       512               3321.1   -0.195746804659605
       513               3321.2   -0.195321632283189
       514               3321.3   -0.194974468602063
       515               3321.4   -0.194300355388427
       516               3321.5   -0.193073281594426
       517               3321.6   -0.191317756324199
       518               3321.7   -0.189242620902039
       519               3321.8   -0.187102041019033
       520               3321.9    -0.18510700082439
       521                 3322    -0.18344902375325
       522               3322.1   -0.182354393602716
       523               3322.2   -0.182037223406516
       524               3322.3    -0.18255614247854
       525               3322.4   -0.183742679446439
       526               3322.5    -0.18532638561028
       527               3322.6   -0.187154554832906
       528               3322.7   -0.189279762259687
       529               3322.8   -0.191839328188774
       530               3322.9   -0.194881062697283
       531                 3323   -0.198304325037148
       532               3323.1    -0.20191375343182
       533               3323.2   -0.205496002938949
       534               3323.3   -0.208896781739645
       535               3323.4   -0.212108872535691
       536               3323.5   -0.215314295626893
       537               3323.6   -0.218808140564236
       538               3323.7   -0.222833162390841
       539               3323.8   -0.227440885720718
       540               3323.9   -0.232470256537014
       541                 3324   -0.237649462736227
       542               3324.1   -0.242752983392341
       543               3324.2   -0.247714975480771
       544               3324.3   -0.252632744941329
       545               3324.4   -0.257672571766667
       546               3324.5   -0.262944007721366
       547               3324.6   -0.268405620687166
       548               3324.7   -0.273846957210122
       549               3324.8   -0.278973872745948
       550               3324.9   -0.283563309001463
       551                 3325    -0.28757000805814
       552               3325.1   -0.291084222883492
       553               3325.2   -0.294191708622378
       554               3325.3   -0.296902631006538
       555               3325.4    -0.29922658404391
       556               3325.5   -0.301278888945677
       557               3325.6   -0.303261032126343
       558               3325.7   -0.305312756185467
       559               3325.8   -0.307378905950249
       560               3325.9   -0.309215016497911
       561                 3326    -0.31053247216952
       562               3326.1   -0.311184408968734
       563               3326.2   -0.311268519837623
       564               3326.3   -0.311074144400369
       565               3326.4   -0.310909153423438
       566               3326.5   -0.310936948122485
       567               3326.6   -0.311146463981668
       568               3326.7   -0.311460305468237
       569               3326.8   -0.311861830677144
       570               3326.9   -0.312408373925682
       571                 3327   -0.313106385281951
       572               3327.1    -0.31376152198006
       573               3327.2   -0.313973742263628
       574               3327.3   -0.313357642288647
       575               3327.4   -0.311856382187351
       576               3327.5   -0.309862529002596
       577               3327.6   -0.307978962788608
       578               3327.7   -0.306596536047171
       579               3327.8   -0.305664010304849
       580               3327.9    -0.30483053610456
       581                 3328   -0.303773989702763
       582               3328.1   -0.302403872760292
       583               3328.2   -0.300828739995672
       584               3328.3    -0.29921884166009
       585               3328.4   -0.297726095020599
       586               3328.5   -0.296487881926317
       587               3328.6   -0.295634226518314
       588               3328.7   -0.295242502547126
       589               3328.8   -0.295275467091297
       590               3328.9   -0.295575720024724
       591                 3329   -0.295937617650341
       592               3329.1   -0.296208498684912
       593               3329.2   -0.296355832440716
       594               3329.3   -0.296466505077146
       595               3329.4   -0.296680945177377
       596               3329.5   -0.297105039335211
       597               3329.6   -0.297775059322157
       598               3329.7   -0.298717528519145
       599               3329.8   -0.300040751601681
       600               3329.9     -0.3019363956265
       601                 3330   -0.304561287932651
       602               3330.1   -0.307920969865278
       603               3330.2   -0.311892110039213
       604               3330.3    -0.31636606754801
       605               3330.4   -0.321358086676351
       606               3330.5   -0.326973165208344
       607               3330.6   -0.333284745490702
       608               3330.7    -0.34026507388472
       609               3330.8    -0.34782571846804
       610               3330.9   -0.355898390129372
       611                 3331   -0.364459310248041
       612               3331.1   -0.373487859341008
       613               3331.2   -0.382932544402685
       614               3331.3   -0.392734787576052
       615               3331.4   -0.402874593184654
       616               3331.5   -0.413372099428329
       617               3331.6   -0.424240036402407
       618               3331.7   -0.435443781769535
       619               3331.8   -0.446909651973146
       620               3331.9   -0.458563926387041
       621                 3332   -0.470359428043563
       622               3332.1   -0.482263828385795
       623               3332.2   -0.494218178194496
       624               3332.3   -0.506110734418812
       625               3332.4   -0.517812778091106
       626               3332.5   -0.529255645114049
       627               3332.6   -0.540461311902812
       628               3332.7   -0.551482827956585
       629               3332.8   -0.562324156275692
       630               3332.9   -0.572930327913792
       631                 3333   -0.583236011298067
       632               3333.1   -0.593186684867611
       633               3333.2   -0.602708158437207
       634               3333.3   -0.611698950002506
       635               3333.4   -0.620097805808382
       636               3333.5   -0.627954235992966
       637               3333.6   -0.635388817035084
       638               3333.7    -0.64245954238184
       639               3333.8   -0.649088499786211
       640               3333.9   -0.655145241096947
       641                 3334   -0.660581404608163
       642               3334.1   -0.665432719181017
       643               3334.2   -0.669674458974111
       644               3334.3   -0.673121590416056
       645               3334.4   -0.675522740208485
       646               3334.5   -0.676754174115919
       647               3334.6   -0.676900756239506
       648               3334.7   -0.676160159355631
       649               3334.8    -0.67470044860512
       650               3334.9   -0.672597405380632
       651                 3335   -0.669844790677563
       652               3335.1   -0.666381671567029
       653               3335.2   -0.662138213231625
       654               3335.3   -0.657110953381409
       655               3335.4   -0.651401680417898
       656               3335.5   -0.645143374742676
       657               3335.6    -0.63836719859324
       658               3335.7   -0.630965807713711
       659               3335.8   -0.622811961336684
       660               3335.9   -0.613909094768223
       661                 3336   -0.604416614750521
       662               3336.1   -0.594532829527888
       663               3336.2   -0.584356769819705
       664               3336.3   -0.573859341443253
       665               3336.4   -0.562989606993496
       666               3336.5   -0.551813193636011
       667               3336.6   -0.540537673115868
       668               3336.7   -0.529385751063629
       669               3336.8   -0.518444352668328
       670               3336.9   -0.507655662290979
       671                 3337   -0.496953279999855
       672               3337.1   -0.486363436642902
       673               3337.2   -0.475929051694374
       674               3337.3   -0.465546135471017
       675               3337.4   -0.454928109902337
       676               3337.5    -0.44376129847894
       677               3337.6   -0.431889924195786
       678               3337.7   -0.419362304679253
       679               3337.8    -0.40635010536832
       680               3337.9   -0.393058177683717
       681                 3338    -0.37968290895909
       682               3338.1   -0.366398171694629
       683               3338.2   -0.353346756152664
       684               3338.3   -0.340631885195971
       685               3338.4   -0.328296395873259
       686               3338.5   -0.316289307765179
       687               3338.6   -0.304452971155424
       688               3338.7   -0.292560142283425
       689               3338.8   -0.280388014947908
       690               3338.9   -0.267795196542895
       691                 3339   -0.254774314727162
       692               3339.1   -0.241445780090495
       693               3339.2   -0.227961702308291
       694               3339.3   -0.214365224046336
       695               3339.4   -0.200540293401688
       696               3339.5   -0.186337170753861
       697               3339.6   -0.171769897696372
       698               3339.7   -0.157070470571237
       699               3339.8   -0.142510122604048
       700               3339.9   -0.128142843931439
       701                 3340   -0.113726480587248
       702               3340.1   -0.098912694136082
       703               3340.2  -0.0835257231701079
       704               3340.3  -0.0676601429407215
       705               3340.4  -0.0515217873285584
       706               3340.5  -0.0351906743693315
       707               3340.6  -0.0185255404923956
       708               3340.7  -0.0012614993415987
       709               3340.8   0.0168120156667737
       710               3340.9   0.0357381988426516
       711                 3341   0.0554151063664255
       712               3341.1   0.0757096009978023
       713               3341.2   0.0965449198463281
       714               3341.3    0.117884709130179
       715               3341.4    0.139663269529599
       716               3341.5    0.161772408235203
       717               3341.6    0.184123055889595
       718               3341.7    0.206678065394253
       719               3341.8     0.22937854674446
       720               3341.9    0.252031275198226
       721                 3342    0.274287755202227
       722               3342.1    0.295739791872934
       723               3342.2    0.316024509297386
       724               3342.3    0.334837793976227
       725               3342.4    0.351874795758301
       726               3342.5    0.366792325721721
       727               3342.6    0.379237225603091
       728               3342.7    0.388886521789628
       729               3342.8     0.39542694489047
       730               3342.9    0.398480236365591
       731                 3343    0.397556214876236
       732               3343.1    0.392098410511724
       733               3343.2    0.381594945935412
       734               3343.3    0.365663144706092
       735               3343.4    0.344058926605701
       736               3343.5     0.31666282613432
       737               3343.6    0.283516553534162
       738               3343.7    0.244886245303698
       739               3343.8     0.20124689707039
       740               3343.9    0.153149022224725
       741                 3344    0.101070542308994
       742               3344.1   0.0453874277193824
       743               3344.2  -0.0135222541902579
       744               3344.3  -0.0751402586907157
       745               3344.4     -0.1387317033097
       746               3344.5   -0.203365494802478
       747               3344.6   -0.268030004127815
       748               3344.7   -0.331803369473283
       749               3344.8   -0.393985963197359
       750               3344.9   -0.454113845427471
       751                 3345    -0.51186128001848
       752               3345.1   -0.566911570929842
       753               3345.2   -0.618878752336157
       754               3345.3    -0.66732801193062
       755               3345.4   -0.711874539826916
       756               3345.5   -0.752266402056874
       757               3345.6   -0.788383459416511
       758               3345.7   -0.820207393110777
       759               3345.8   -0.847849581339081
       760               3345.9   -0.871598570708673
       761                 3346   -0.891874218731135
       762               3346.1   -0.909086395162286
       763               3346.2   -0.923521013037366
       764               3346.3   -0.935330048819923
       765               3346.4   -0.944573065036625
       766               3346.5   -0.951233749214996
       767               3346.6   -0.955225721046853
       768               3346.7   -0.956461756767535
       769               3346.8   -0.954996395989403
       770               3346.9   -0.951135988192819
       771                 3347   -0.945397126433018
       772               3347.1   -0.938325682507691
       773               3347.2   -0.930321676660197
       774               3347.3   -0.921597706940245
       775               3347.4   -0.912259968979218
       776               3347.5   -0.902398852358238
       777               3347.6   -0.892101049621122
       778               3347.7   -0.881394552241495
       779               3347.8   -0.870205514260569
       780               3347.9   -0.858388337391058
       781                 3348   -0.845814643555326
       782               3348.1   -0.832446837037572
       783               3348.2   -0.818338873285881
       784               3348.3    -0.80358543819268
       785               3348.4   -0.788288382013339
       786               3348.5   -0.772566498219482
       787               3348.6   -0.756567110510534
       788               3348.7   -0.740444611075392
       789               3348.8   -0.724332193358955
       790               3348.9   -0.708345943126589
       791                 3349   -0.692605000862181
       792               3349.1   -0.677214691109234
       793               3349.2    -0.66220074488967
       794               3349.3   -0.647455176251882
       795               3349.4   -0.632767571390043
       796               3349.5   -0.617939464212825
       797               3349.6   -0.602887893436915
       798               3349.7   -0.587647878990764
       799               3349.8   -0.572291555590909
       800               3349.9   -0.556866913321216
       801                 3350   -0.541419024380268
       802               3350.1   -0.526053699106409
       803               3350.2   -0.510965755042316
       804               3350.3   -0.496401475919691
       805               3350.4   -0.482583443466119
       806               3350.5   -0.469647108754845
       807               3350.6   -0.457620523220836
       808               3350.7   -0.446436330856964
       809               3350.8   -0.435941552640488
       810               3350.9    -0.42590794609228
       811                 3351   -0.416098903796125
       812               3351.1   -0.406414908123953
       813               3351.2   -0.397019163018762
       814               3351.3   -0.388289087658284
       815               3351.4   -0.380564079158133
       816               3351.5   -0.373868012653287
       817               3351.6   -0.367849569002335
       818               3351.7   -0.362011148393276
       819               3351.8   -0.356050021513179
       820               3351.9   -0.350055688364779
       821                 3352   -0.344450347819147
       822               3352.1   -0.339757979218249
       823               3352.2   -0.336367559373673
       824               3352.3   -0.334404791211191
       825               3352.4   -0.333739691145261
       826               3352.5   -0.334101027549159
       827               3352.6    -0.33523833156048
       828               3352.7   -0.337046938204635
       829               3352.8   -0.339575304982712
       830               3352.9   -0.342910620248237
       831                 3353   -0.347046727924924
       832               3353.1   -0.351849882856791
       833               3353.2   -0.357122176298356
       834               3353.3   -0.362669630223848
       835               3353.4   -0.368329639121858
       836               3353.5   -0.374001622923654
       837               3353.6   -0.379704455415908
       838               3353.7   -0.385592594758161
       839               3353.8   -0.391854169187299
       840               3353.9   -0.398522689204287
       841                 3354   -0.405341440768908
       842               3354.1   -0.411812880268611
       843               3354.2   -0.417440830390169
       844               3354.3   -0.422024224842036
       845               3354.4   -0.425805518727136
       846               3354.5   -0.429362207496307
       847               3354.6   -0.433294848969596
       848               3354.7   -0.437900350565447
       849               3354.8   -0.443037048632398
       850               3354.9   -0.448257855965506
       851                 3355   -0.453090723674795
       852               3355.1   -0.457256816581538
       853               3355.2   -0.460718931161367
       854               3355.3   -0.463611233885014
       855               3355.4   -0.466143535899492
       856               3355.5   -0.468519672962276
       857               3355.6   -0.470883669123566
       858               3355.7   -0.473309508959434
       859               3355.8   -0.475811353614911
       860               3355.9   -0.478322708933801
       861                 3356   -0.480661080462741
       862               3356.1   -0.482570249425862
       863               3356.2   -0.483865758048145
       864               3356.3   -0.484563354096807
       865               3356.4   -0.484854874501911
       866               3356.5   -0.484952618253491
       867               3356.6   -0.484962745514646
       868               3356.7   -0.484906782815065
       869               3356.8   -0.484841156431342
       870               3356.9   -0.484917913559557
       871                 3357   -0.485295310625271
       872               3357.1   -0.485965530007586
       873               3357.2   -0.486657401587814
       874               3357.3   -0.486923166226228
       875               3357.4   -0.486379709876093
       876               3357.5   -0.484945957748229
       877               3357.6   -0.482898855749134
       878               3357.7   -0.480699663093941
       879               3357.8   -0.478725261777269
       880               3357.9   -0.477105564583096
       881                 3358   -0.475757584736849
       882               3358.1   -0.474540373786793
       883               3358.2   -0.473388042519083
       884               3358.3   -0.472337610675235
       885               3358.4   -0.471468541133319
       886               3358.5    -0.47082781429591
       887               3358.6   -0.470401748087903
       888               3358.7    -0.47013570089576
       889               3358.8   -0.469954137620445
       890               3358.9   -0.469748878329848
       891                 3359   -0.469361631034191
       892               3359.1   -0.468609713015734
       893               3359.2   -0.467360449886909
       894               3359.3   -0.465606378644916
       895               3359.4   -0.463490182145293
       896               3359.5    -0.46126520883606
       897               3359.6   -0.459206526930374
       898               3359.7   -0.457497074634289
       899               3359.8   -0.456134263294628
       900               3359.9   -0.454932970475012
       901                 3360   -0.453670645965949
       902               3360.1   -0.452292446755241
       903               3360.2   -0.450986358849242
       904               3360.3    -0.45001981849395
       905               3360.4   -0.449464466255085
       906               3360.5   -0.449065598999164
       907               3360.6   -0.448381449627177
       908               3360.7   -0.447078695556649
       909               3360.8   -0.445166854351709
       910               3360.9   -0.443026649227634
       911                 3361   -0.441222339849745
       912               3361.1   -0.440204044498545
       913               3361.2   -0.440067550619926
       914               3361.3   -0.440506941847588
       915               3361.4   -0.440980069866401
       916               3361.5    -0.44098898387065
       917               3361.6   -0.440320254797966
       918               3361.7   -0.439107482906805
       919               3361.8   -0.437678758442162
       920               3361.9    -0.43630447963549
       921                 3362   -0.435043216474934
       922               3362.1   -0.433794580605429
       923               3362.2   -0.432482196454439
       924               3362.3   -0.431189288296138
       925               3362.4   -0.430137606355967
       926               3362.5   -0.429547671560179
       927               3362.6    -0.42949876022553
       928               3362.7   -0.429871035990035
       929               3362.8   -0.430378481853509
       930               3362.9   -0.430675429032865
       931                 3363   -0.430514859487353
       932               3363.1   -0.429887014229222
       933               3363.2   -0.429024287511477
       934               3363.3   -0.428239022151449
       935               3363.4   -0.427721648933968
       936               3363.5   -0.427466735938394
       937               3363.6   -0.427345921946963
       938               3363.7   -0.427201861747695
       939               3363.8   -0.426877830844519
       940               3363.9    -0.42623294661567
       941                 3364   -0.425211188101556
       942               3364.1    -0.42391784534807
       943               3364.2   -0.422594909539759
       944               3364.3   -0.421479589415565
       945               3364.4   -0.420657903675137
       946               3364.5   -0.420027202377578
       947               3364.6   -0.419371782733038
       948               3364.7   -0.418478787606334
       949               3364.8   -0.417237146080635
       950               3364.9   -0.415691202474015
       951                 3365   -0.414016854612394
       952               3365.1   -0.412418754836919
       953               3365.2   -0.411026635781229
       954               3365.3   -0.409879181573579
       955               3365.4   -0.408981573653498
       956               3365.5   -0.408349177868877
       957               3365.6   -0.408001788716449
       958               3365.7   -0.407945015339382
       959               3365.8   -0.408159087691319
       960               3365.9   -0.408575340279089
       961                 3366   -0.409049373531159
       962               3366.1   -0.409387832921353
       963               3366.2   -0.409452757355267
       964               3366.3   -0.409270629044851
       965               3366.4   -0.409034030937306
       966               3366.5   -0.408970725350112
       967               3366.6   -0.409183915679857
       968               3366.7   -0.409591755942567
       969               3366.8   -0.409992019140362
       970               3366.9   -0.410177094633178
       971                 3367   -0.410018462953322
       972               3367.1   -0.409487346434062
       973               3367.2   -0.408620558356361
       974               3367.3   -0.407476525530648
       975               3367.4   -0.406133223043488
       976               3367.5   -0.404717531905748
       977               3367.6   -0.403388326318045
       978               3367.7   -0.402241913887435
       979               3367.8    -0.40123265684714
       980               3367.9   -0.400220424224941
       981                 3368    -0.39911432160581
       982               3368.1   -0.397964639117624
       983               3368.2   -0.396925020354395
       984               3368.3   -0.396157880202677
       985               3368.4   -0.395780706044675
       986               3368.5   -0.395853346009055
       987               3368.6   -0.396356524043306
       988               3368.7   -0.397162113952392
       989               3368.8   -0.398044760299118
       990               3368.9   -0.398764923111555
       991                 3369   -0.399189558249011
       992               3369.1   -0.399361769976907
       993               3369.2   -0.399450365776982
       994               3369.3   -0.399619221741557
       995               3369.4   -0.399936472956866
       996               3369.5   -0.400379845309753
       997               3369.6   -0.400878359987706
       998               3369.7    -0.40133241348098
       999               3369.8   -0.401642920907612
      1000               3369.9   -0.401787515246928
      1001                 3370   -0.401891523129497
      1002               3370.1   -0.402203040883484
      1003               3370.2   -0.402963609647224
      1004               3370.3    -0.40426853356685
      1005               3370.4   -0.406021368447004
      1006               3370.5   -0.408009638295332
      1007               3370.6   -0.410042172014534
      1008               3370.7   -0.412052103368344
      1009               3370.8   -0.414098687622889
      1010               3370.9   -0.416276222242442
      1011                 3371   -0.418602923703659
      1012               3371.1   -0.420963173176249
      1013               3371.2   -0.423131803721508
      1014               3371.3   -0.424874163507843
      1015               3371.4   -0.426086650281868
      1016               3371.5   -0.426896972985552
      1017               3371.6   -0.427636095067263
      1018               3371.7   -0.428676877598121
      1019               3371.8   -0.430237247724833
      1020               3371.9   -0.432264897077131
      1021                 3372   -0.434461682458344
      1022               3372.1   -0.436431780037527
      1023               3372.2   -0.437872264883983
      1024               3372.3   -0.438695522646915
      1025               3372.4   -0.439029071555227
      1026               3372.5   -0.439143133405254
      1027               3372.6   -0.439381581098537
      1028               3372.7   -0.440088623879392
      1029               3372.8   -0.441477266283129
      1030               3372.9     -0.4434788886384
      1031                 3373   -0.445720497845877
      1032               3373.1   -0.447710266163167
      1033               3373.2   -0.449113931291275
      1034               3373.3   -0.449909333417393
      1035               3373.4   -0.450323311846785
      1036               3373.5    -0.45063698386511
      1037               3373.6   -0.451012680288629
      1038               3373.7   -0.451443156702634
      1039               3373.8   -0.451836042804126
      1040               3373.9   -0.452161127122817
      1041                 3374   -0.452535207887299
      1042               3374.1   -0.453163831489244
      1043               3374.2   -0.454189518773985
      1044               3374.3   -0.455577728095245
      1045               3374.4   -0.457119334259359
      1046               3374.5   -0.458526654779313
      1047               3374.6   -0.459561127250345
      1048               3374.7   -0.460139137612123
      1049               3374.8   -0.460364309001022
      1050               3374.9   -0.460458908305998
      1051                 3375    -0.46063774265894
      1052               3375.1   -0.461010081939731
      1053               3375.2   -0.461554194505789
      1054               3375.3   -0.462153021588757
      1055               3375.4   -0.462670442654361
      1056               3375.5   -0.463037221685911
      1057               3375.6   -0.463278818865009
      1058               3375.7   -0.463440591162872
      1059               3375.8   -0.463477921380854
      1060               3375.9   -0.463240374408675
      1061                 3376   -0.462584268128446
      1062               3376.1   -0.461505923682974
      1063               3376.2   -0.460167636800517
      1064               3376.3    -0.45879066377546
      1065               3376.4   -0.457493828673429
      1066               3376.5   -0.456199224676988
      1067               3376.6   -0.454702383268876
      1068               3376.7   -0.452888605740997
      1069               3376.8   -0.450913434213633
      1070               3376.9   -0.449141871516978
      1071                 3377   -0.447865447142848
      1072               3377.1   -0.447068390180037
      1073               3377.2   -0.446474703327126
      1074               3377.3   -0.445811589098613
      1075               3377.4   -0.445026079646597
      1076               3377.5    -0.44428422298213
      1077               3377.6   -0.443802907035061
      1078               3377.7   -0.443679156351437
      1079               3377.8   -0.443837258546431
      1080               3377.9   -0.444098075003751
      1081                 3378    -0.44429205319052
      1082               3378.1   -0.444336018251985
      1083               3378.2    -0.44424003734709
      1084               3378.3   -0.444049174211165
      1085               3378.4   -0.443754541799418
      1086               3378.5    -0.44324114517398
      1087               3378.6   -0.442336354464056
      1088               3378.7   -0.440947905376117
      1089               3378.8   -0.439188104153758
      1090               3378.9   -0.437367799167259
      1091                 3379   -0.435839505647467
      1092               3379.1   -0.434799071143179
      1093               3379.2   -0.434197011659106
      1094               3379.3   -0.433812058861684
      1095               3379.4    -0.43339977753161
      1096               3379.5   -0.432801380331046
      1097               3379.6   -0.431985523288388
      1098               3379.7   -0.431048045561534
      1099               3379.8   -0.430149518750257
      1100               3379.9   -0.429362897406244
      1101                 3380    -0.42852558413803
      1102               3380.1   -0.427280547947073
      1103               3380.2   -0.425346703910992
      1104               3380.3   -0.422793207201812
      1105               3380.4   -0.420049438024856
      1106               3380.5    -0.41765004365341
      1107               3380.6   -0.415965191079967
      1108               3380.7   -0.415112497258978
      1109               3380.8    -0.41502158959576
      1110               3380.9   -0.415520285547684
      1111                 3381   -0.416376495682945
      1112               3381.1   -0.417311711976079
      1113               3381.2   -0.418028288823583
      1114               3381.3   -0.418277240761385
      1115               3381.4   -0.417939921784863
      1116               3381.5   -0.417053955540536
      1117               3381.6   -0.415761083330007
      1118               3381.7   -0.414244045996286
      1119               3381.8   -0.412710300302766
      1120               3381.9   -0.411383862921516
      1121                 3382   -0.410445773163833
      1122               3382.1   -0.409953116058111
      1123               3382.2   -0.409819226244835
      1124               3382.3   -0.409880556791231
      1125               3382.4     -0.4100019679489
      1126               3382.5   -0.410156294401796
      1127               3382.6   -0.410429001242408
      1128               3382.7   -0.410929457013038
      1129               3382.8    -0.41165687401154
      1130               3382.9   -0.412426968491925
      1131                 3383   -0.412931605584233
      1132               3383.1   -0.412897745134662
      1133               3383.2   -0.412249232219785
      1134               3383.3   -0.411194936631968
      1135               3383.4   -0.410193450908068
      1136               3383.5   -0.409758534449705
      1137               3383.6    -0.41016037134987
      1138               3383.7   -0.411225603872109
      1139               3383.8   -0.412430975397189
      1140               3383.9   -0.413233332585184
      1141                 3384   -0.413349331285632
      1142               3384.1   -0.412782550426915
      1143               3384.2   -0.411679243374207
      1144               3384.3   -0.410215643824204
      1145               3384.4   -0.408580888922888
      1146               3384.5   -0.406971315334059
      1147               3384.6   -0.405545454188345
      1148               3384.7   -0.404389436076222
      1149               3384.8   -0.403533024976014
      1150               3384.9   -0.402981355888152
      1151                 3385   -0.402726346992186
      1152               3385.1   -0.402754126618832
      1153               3385.2   -0.403061575699728
      1154               3385.3   -0.403654637970769
      1155               3385.4    -0.40451261745284
      1156               3385.5   -0.405548567707669
      1157               3385.6   -0.406603474106621
      1158               3385.7   -0.407487752889721
      1159               3385.8   -0.408063203965292
      1160               3385.9   -0.408328628001406
      1161                 3386   -0.408438520626988
      1162               3386.1   -0.408607073910304
      1163               3386.2   -0.408942215033233
      1164               3386.3   -0.409333304890051
      1165               3386.4   -0.409493515157351
      1166               3386.5   -0.409134985549663
      1167               3386.6   -0.408135968082507
      1168               3386.7    -0.40657456067689
      1169               3386.8   -0.404649256610434
      1170               3386.9   -0.402603050660485
      1171                 3387   -0.400698042266941
      1172               3387.1   -0.399182245344643
      1173               3387.2   -0.398215529168155
      1174               3387.3   -0.397812345471657
      1175               3387.4   -0.397859107658281
      1176               3387.5   -0.398187593561736
      1177               3387.6   -0.398647735852491
      1178               3387.7    -0.39914319524129
      1179               3387.8   -0.399621245742289
      1180               3387.9   -0.400035977387206
      1181                 3388    -0.40033370335991
      1182               3388.1   -0.400500648042115
      1183               3388.2   -0.400639852980794
      1184               3388.3   -0.400973056123085
      1185               3388.4    -0.40170146658335
      1186               3388.5   -0.402809977507577
      1187               3388.6   -0.404007761192366
      1188               3388.7   -0.404909455499934
      1189               3388.8   -0.405330322665069
      1190               3388.9   -0.405435136238091
      1191                 3389   -0.405598841385783
      1192               3389.1   -0.406094554521649
      1193               3389.2   -0.406868790421339
      1194               3389.3   -0.407571871882609
      1195               3389.4   -0.407791133559094
      1196               3389.5    -0.40728910411585
      1197               3389.6   -0.406087226469986
      1198               3389.7   -0.404397677612828
      1199               3389.8   -0.402526097268497
      1200               3389.9   -0.400829242583603
      1201                 3390   -0.399678994220021
      1202               3390.1   -0.399346203171767
      1203               3390.2    -0.39983973343535
      1204               3390.3    -0.40085245222007
      1205               3390.4   -0.401904962038725
      1206               3390.5   -0.402599341384554
      1207               3390.6   -0.402799246634003
      1208               3390.7   -0.402626415717693
      1209               3390.8   -0.402313882378603
      1210               3390.9   -0.402044459070603
      1211                 3391   -0.401876174498863
      1212               3391.1   -0.401766442803616
      1213               3391.2   -0.401640227237367
      1214               3391.3   -0.401444740650319
      1215               3391.4   -0.401171825175949
      1216               3391.5   -0.400861370729256
      1217               3391.6   -0.400595837372891
      1218               3391.7   -0.400472573416322
      1219               3391.8   -0.400539929473857
      1220               3391.9   -0.400721295134596
      1221                 3392   -0.400794869279208
      1222               3392.1   -0.400492630018859
      1223               3392.2   -0.399697801268108
      1224               3392.3   -0.398598702206527
      1225               3392.4   -0.397630215543177
      1226               3392.5   -0.397192622016474
      1227               3392.6   -0.397359982057416
      1228               3392.7   -0.397828735416897
      1229               3392.8   -0.398144998513944
      1230               3392.9   -0.398005653180443
      1231                 3393   -0.397395744210304
      1232               3393.1   -0.396500798704872
      1233               3393.2   -0.395522051380961
      1234               3393.3   -0.394562467503805
      1235               3393.4   -0.393639449021542
      1236               3393.5   -0.392746438212037
      1237               3393.6   -0.391867255544247
      1238               3393.7   -0.390946105027521
      1239               3393.8    -0.38989542440281
      1240               3393.9   -0.388679118747444
      1241                 3394   -0.387401466956552
      1242               3394.1   -0.386298634393806
      1243               3394.2   -0.385610314273629
      1244               3394.3   -0.385420644120749
      1245               3394.4   -0.385598394324514
      1246               3394.5   -0.385898479297509
      1247               3394.6    -0.38615491329987
      1248               3394.7   -0.386409068441687
      1249               3394.8   -0.386868282832513
      1250               3394.9   -0.387737944611303
      1251                 3395   -0.389063593357998
      1252               3395.1   -0.390680223904963
      1253               3395.2   -0.392274856338772
      1254               3395.3   -0.393517476432639
      1255               3395.4   -0.394192549196041
      1256               3395.5   -0.394254789333153
      1257               3395.6   -0.393789049165468
      1258               3395.7    -0.39295215621103
      1259               3395.8   -0.391975924607316
      1260               3395.9   -0.391183674690368
      1261                 3396   -0.390903767784776
      1262               3396.1   -0.391290655176431
      1263               3396.2   -0.392226776416412
      1264               3396.3   -0.393427856937689
      1265               3396.4   -0.394649607117641
      1266               3396.5   -0.395784553018414
      1267               3396.6   -0.396779750437545
      1268               3396.7   -0.397515542715842
      1269               3396.8   -0.397818540026002
      1270               3396.9   -0.397615874612074
      1271                 3397   -0.397062464327182
      1272               3397.1   -0.396480659055728
      1273               3397.2   -0.396139089891288
      1274               3397.3   -0.396066611095434
      1275               3397.4   -0.396074371267626
      1276               3397.5   -0.395974448983202
      1277               3397.6   -0.395806730774864
      1278               3397.7   -0.395864069002418
      1279               3397.8   -0.396470659222233
      1280               3397.9   -0.397693861722238
      1281                 3398    -0.39923943055543
      1282               3398.1   -0.400611192996304
      1283               3398.2   -0.401384126162158
      1284               3398.3   -0.401383689779869
      1285               3398.4   -0.400702365037272
      1286               3398.5   -0.399620070649371
      1287               3398.6   -0.398492372446035
      1288               3398.7   -0.397611576955006
      1289               3398.8   -0.397066572886494
      1290               3398.9   -0.396695334333466
      1291                 3399   -0.396201752796049
      1292               3399.1   -0.395381519535931
      1293               3399.2   -0.394302654287599
      1294               3399.3   -0.393308220464138
      1295               3399.4   -0.392822996597887
      1296               3399.5   -0.393080035241469
      1297               3399.6   -0.393958120026956
      1298               3399.7   -0.395055249804898
      1299               3399.8   -0.395936167667622
      1300               3399.9   -0.396357424223262
      1301                 3400   -0.396331506745591
      1302               3400.1   -0.396054826315494
      1303               3400.2   -0.395797373436637
      1304               3400.3    -0.39579731200386
      1305               3400.4   -0.396159114560883
      1306               3400.5    -0.39679708809399
      1307               3400.6   -0.397498076013495
      1308               3400.7    -0.39808910280482
      1309               3400.8   -0.398563768235363
      1310               3400.9   -0.399027932111606
      1311                 3401   -0.399505992120923
      1312               3401.1   -0.399816796953715
      1313               3401.2   -0.399685028887402
      1314               3401.3   -0.399021363896228
      1315               3401.4   -0.398112581813169
      1316               3401.5     -0.3975185173442
      1317               3401.6     -0.3977362157371
      1318               3401.7   -0.398896053631278
      1319               3401.8   -0.400698744951988
      1320               3401.9   -0.402582834649888
      1321                 3402    -0.40397591793216
      1322               3402.1   -0.404505153515066
      1323               3402.2   -0.404104131862975
      1324               3402.3   -0.402986132143247
      1325               3402.4   -0.401510137262946
      1326               3402.5    -0.40003696068706
      1327               3402.6   -0.398859474826985
      1328               3402.7    -0.39819399839389
      1329               3402.8   -0.398164383839999
      1330               3402.9   -0.398749282462164
      1331                 3403   -0.399727921784408
      1332               3403.1   -0.400694404884423
      1333               3403.2   -0.401196785834622
      1334               3403.3    -0.40096718864153
      1335               3403.4   -0.400087489204639
      1336               3403.5   -0.398935131938242
      1337               3403.6   -0.397935715214313
      1338               3403.7   -0.397330232101521
      1339               3403.8   -0.397129151933568
      1340               3403.9   -0.397222421256964
      1341                 3404   -0.397493402859706
      1342               3404.1   -0.397853008138351
      1343               3404.2    -0.39822333046387
      1344               3404.3   -0.398518121838473
      1345               3404.4   -0.398637185755111
      1346               3404.5   -0.398494009555136
      1347               3404.6   -0.398088810668261
      1348               3404.7   -0.397571848824274
      1349               3404.8   -0.397193046786226
      1350               3404.9   -0.397113209777157
      1351                 3405   -0.397218704947171
      1352               3405.1   -0.397145050044678
      1353               3405.2   -0.396547020539012
      1354               3405.3   -0.395391341532267
      1355               3405.4   -0.393996532551149
      1356               3405.5   -0.392792262983211
      1357               3405.6    -0.39203655415704
      1358               3405.7   -0.391719480724522
      1359               3405.8   -0.391663019068348
      1360               3405.9   -0.391674989444525
      1361                 3406   -0.391639229323558
      1362               3406.1   -0.391519614120458
      1363               3406.2   -0.391316644057636
      1364               3406.3   -0.391023079372104
      1365               3406.4   -0.390602802840548
      1366               3406.5   -0.390003636976818
      1367               3406.6    -0.38921892654539
      1368               3406.7   -0.388379344663415
      1369               3406.8   -0.387777970095398
      1370               3406.9    -0.38773517519266
      1371                 3407   -0.388369038901164
      1372               3407.1   -0.389478744339466
      1373               3407.2   -0.390663538755508
      1374               3407.3   -0.391575104270999
      1375               3407.4   -0.392105737707826
      1376               3407.5    -0.39241527737414
      1377               3407.6   -0.392823905880186
      1378               3407.7    -0.39363453609203
      1379               3407.8   -0.394954047183548
      1380               3407.9   -0.396601735762057
      1381                 3408   -0.398172483258778
      1382               3408.1   -0.399232410691897
      1383               3408.2    -0.39953433139005
      1384               3408.3   -0.399126795839382
      1385               3408.4   -0.398297838354297
      1386               3408.5   -0.397392353123111
      1387               3408.6   -0.396614802628589
      1388               3408.7   -0.395938004652611
      1389               3408.8   -0.395174969201679
      1390               3408.9   -0.394164873272854
      1391                 3409   -0.392941265025016
      1392               3409.1   -0.391757201610515
      1393               3409.2   -0.390946557888554
      1394               3409.3   -0.390721828822748
      1395               3409.4   -0.391044981487823
      1396               3409.5    -0.39164619945248
      1397               3409.6   -0.392175649773657
      1398               3409.7   -0.392405803188949
      1399               3409.8   -0.392364647182008
      1400               3409.9   -0.392304844203205
      1401                 3410   -0.392524639797325
      1402               3410.1   -0.393171852936133
      1403               3410.2   -0.394160004732551
      1404               3410.3   -0.395215855894247
      1405               3410.4   -0.395992121848263
      1406               3410.5   -0.396185493294891
      1407               3410.6   -0.395639400131846
      1408               3410.7   -0.394416461937536
      1409               3410.8   -0.392807246539122
      1410               3410.9      -0.391245159187
      1411                 3411   -0.390138738549852
      1412               3411.1   -0.389690489588521
      1413               3411.2    -0.38980445408396
      1414               3411.3   -0.390152201452541
      1415               3411.4   -0.390366215163241
      1416               3411.5   -0.390233363257565
      1417               3411.6    -0.38976486202984
      1418               3411.7    -0.38912034452045
      1419               3411.8   -0.388457715695806
      1420               3411.9   -0.387804868353463
      1421                 3412   -0.387035160015735
      1422               3412.1    -0.38598565271936
      1423               3412.2   -0.384651115441822
      1424               3412.3   -0.383278898303171
      1425               3412.4   -0.382235865426652
      1426               3412.5   -0.381737020590087
      1427               3412.6   -0.381694845707203
      1428               3412.7   -0.381850935280317
      1429               3412.8   -0.382062018911494
      1430               3412.9   -0.382443814752313
      1431                 3413   -0.383222954188645
      1432               3413.1   -0.384452074174942
      1433               3413.2   -0.385877704252527
      1434               3413.3   -0.387086904605287
      1435               3413.4   -0.387785774324233
      1436               3413.5   -0.387959340055066
      1437               3413.6   -0.387810565285841
      1438               3413.7    -0.38759354624598
      1439               3413.8   -0.387503587257126
      1440               3413.9   -0.387651927555928
      1441                 3414   -0.388048776162392
      1442               3414.1   -0.388576989137246
      1443               3414.2   -0.389032724371907
      1444               3414.3   -0.389262901658639
      1445               3414.4   -0.389290717185567
      1446               3414.5   -0.389294833821614
      1447               3414.6   -0.389457010311555
      1448               3414.7     -0.3898354668393
      1449               3414.8   -0.390376386368266
      1450               3414.9   -0.391008386116166
      1451                 3415   -0.391688272703764
      1452               3415.1   -0.392357046129799
      1453               3415.2   -0.392888468107054
      1454               3415.3   -0.393122017960553
      1455               3415.4   -0.392973076690614
      1456               3415.5   -0.392518345280288
      1457               3415.6    -0.39196034236968
      1458               3415.7   -0.391488799926383
      1459               3415.8   -0.391172396500316
      1460               3415.9   -0.390985351158694
      1461                 3416   -0.390907898978344
      1462               3416.1   -0.390951336687976
      1463               3416.2   -0.391084801911207
      1464               3416.3   -0.391205470840407
      1465               3416.4   -0.391242766514049
      1466               3416.5    -0.39128042375742
      1467               3416.6   -0.391515726273476
      1468               3416.7   -0.392057720594501
      1469               3416.8   -0.392768011973834
      1470               3416.9    -0.39332207222615
      1471                 3417   -0.393446386345453
      1472               3417.1   -0.393110349903373
      1473               3417.2   -0.392501005668181
      1474               3417.3   -0.391825737917418
      1475               3417.4   -0.391149795679458
      1476               3417.5   -0.390422799438508
      1477               3417.6    -0.38964393679323
      1478               3417.7   -0.388971763236217
      1479               3417.8   -0.388645348612257
      1480               3417.9   -0.388784974815745
      1481                 3418    -0.38927698557172
      1482               3418.1   -0.389875157409573
      1483               3418.2   -0.390435170203907
      1484               3418.3    -0.39105355911167
      1485               3418.4   -0.391960984958743
      1486               3418.5    -0.39325765803667
      1487               3418.6   -0.394742986945754
      1488               3418.7   -0.396006668254487
      1489               3418.8   -0.396696519392241
      1490               3418.9   -0.396723970526812
      1491                 3419   -0.396253865045081
      1492               3419.1   -0.395523578972146
      1493               3419.2   -0.394649611644308
      1494               3419.3   -0.393563669327904
      1495               3419.4   -0.392129729531845
      1496               3419.5   -0.390353618632431
      1497               3419.6   -0.388483016674484
      1498               3419.7   -0.386883219622402
      1499               3419.8   -0.385821754925377
      1500               3419.9   -0.385366470283752
