     index            Field [G]         Intensity []

         1                 3270     -0.3908451970757
         2               3270.1   -0.391751380883057
         3               3270.2   -0.392848384321738
         4               3270.3   -0.394033922339665
         5               3270.4   -0.395129220700969
         6               3270.5   -0.395976823557716
         7               3270.6    -0.39657512500913
         8               3270.7   -0.397116417523291
         9               3270.8   -0.397875785708479
        10               3270.9   -0.399041916453867
        11                 3271    -0.40059635616967
        12               3271.1   -0.402280534694969
        13               3271.2   -0.403666446320256
        14               3271.3   -0.404340051325542
        15               3271.4   -0.404132919605176
        16               3271.5   -0.403245880710085
        17               3271.6   -0.402142098016901
        18               3271.7    -0.40126869168054
        19               3271.8   -0.400819116248773
        20               3271.9   -0.400700281494687
        21                 3272     -0.4006742207621
        22               3272.1    -0.40051925794827
        23               3272.2   -0.400108297959925
        24               3272.3   -0.399424689452255
        25               3272.4   -0.398570480600516
        26               3272.5   -0.397757232048436
        27               3272.6   -0.397231950921884
        28               3272.7   -0.397152969122448
        29               3272.8   -0.397505189481657
        30               3272.9   -0.398117172552941
        31                 3273      -0.398750842136
        32               3273.1    -0.39920210792579
        33               3273.2   -0.399387048339523
        34               3273.3   -0.399393761294308
        35               3273.4   -0.399446207342442
        36               3273.5   -0.399762194490933
        37               3273.6   -0.400402187937631
        38               3273.7   -0.401242022303915
        39               3273.8   -0.402080448556901
        40               3273.9   -0.402759265196574
        41                 3274   -0.403195697965443
        42               3274.1   -0.403351725951528
        43               3274.2   -0.403219657191655
        44               3274.3   -0.402843449314972
        45               3274.4   -0.402336134659155
        46               3274.5   -0.401871191689103
        47               3274.6   -0.401654965008224
        48               3274.7     -0.4018674231584
        49               3274.8   -0.402555615717667
        50               3274.9   -0.403535623258778
        51                 3275   -0.404410014095625
        52               3275.1   -0.404734228682366
        53               3275.2   -0.404237114026474
        54               3275.3   -0.402958077825039
        55               3275.4    -0.40122303332749
        56               3275.5   -0.399473961103638
        57               3275.6   -0.398054682973839
        58               3275.7   -0.397096884443827
        59               3275.8   -0.396571851155075
        60               3275.9   -0.396410250954322
        61                 3276   -0.396536701055825
        62               3276.1   -0.396809903669289
        63               3276.2   -0.397006798930563
        64               3276.3   -0.396924026040005
        65               3276.4   -0.396498200256875
        66               3276.5   -0.395825997398304
        67               3276.6   -0.395093557919965
        68               3276.7   -0.394487921887338
        69               3276.8   -0.394114663381975
        70               3276.9   -0.393931646075757
        71                 3277   -0.393757323869623
        72               3277.1   -0.393390641841554
        73               3277.2   -0.392762183543913
        74               3277.3   -0.391979198818515
        75               3277.4    -0.39122940380034
        76               3277.5   -0.390650469006677
        77               3277.6   -0.390280861103916
        78               3277.7   -0.390095769316065
        79               3277.8   -0.390057135231222
        80               3277.9   -0.390136030941641
        81                 3278   -0.390317317467223
        82               3278.1   -0.390602888648924
        83               3278.2   -0.391011217268901
        84               3278.3   -0.391558747164156
        85               3278.4   -0.392216006769773
        86               3278.5    -0.39286922673816
        87               3278.6   -0.393349571353608
        88               3278.7   -0.393542671854454
        89               3278.8   -0.393486416538318
        90               3278.9   -0.393347877091159
        91                 3279   -0.393294963424601
        92               3279.1   -0.393396502698408
        93               3279.2   -0.393640711054216
        94               3279.3   -0.394017517749047
        95               3279.4   -0.394552800787292
        96               3279.5   -0.395264560767202
        97               3279.6   -0.396105145587188
        98               3279.7   -0.396956723803764
        99               3279.8   -0.397690555858689
       100               3279.9    -0.39824907649201
       101                 3280   -0.398686411956461
       102               3280.1   -0.399123789542313
       103               3280.2   -0.399641319841823
       104               3280.3   -0.400184344689736
       105               3280.4    -0.40056145243758
       106               3280.5   -0.400556961302792
       107               3280.6   -0.400097681163569
       108               3280.7    -0.39934590668624
       109               3280.8   -0.398618475690496
       110               3280.9   -0.398173223810278
       111                 3281   -0.398033814069409
       112               3281.1   -0.398002832410874
       113               3281.2   -0.397855704479213
       114               3281.3   -0.397553161398082
       115               3281.4   -0.397286700065893
       116               3281.5   -0.397312400395496
       117               3281.6   -0.397727326431326
       118               3281.7   -0.398403182108067
       119               3281.8   -0.399128721439625
       120               3281.9   -0.399796120292735
       121                 3282   -0.400444802043816
       122               3282.1   -0.401154645287884
       123               3282.2   -0.401922761257898
       124               3282.3   -0.402621817971158
       125               3282.4   -0.403039381507829
       126               3282.5   -0.402973775145331
       127               3282.6   -0.402359525796189
       128               3282.7   -0.401338779687251
       129               3282.8   -0.400184620138758
       130               3282.9    -0.39911866477897
       131                 3283   -0.398202655890418
       132               3283.1   -0.397406516610727
       133               3283.2   -0.396741859974684
       134               3283.3   -0.396294950820454
       135               3283.4   -0.396158065244714
       136               3283.5   -0.396375238616619
       137               3283.6    -0.39693122492261
       138               3283.7   -0.397722283537079
       139               3283.8   -0.398534068805708
       140               3283.9   -0.399133873131699
       141                 3284   -0.399446504776439
       142               3284.1   -0.399607844739172
       143               3284.2   -0.399792605063391
       144               3284.3   -0.399995368152587
       145               3284.4   -0.400013039216921
       146               3284.5   -0.399640156577171
       147               3284.6   -0.398867296268858
       148               3284.7   -0.397913355861826
       149               3284.8   -0.397106131038289
       150               3284.9   -0.396721733012851
       151                 3285   -0.396865902441576
       152               3285.1   -0.397436832033231
       153               3285.2   -0.398188529698723
       154               3285.3     -0.3988652070709
       155               3285.4   -0.399310445958073
       156               3285.5     -0.3994665411518
       157               3285.6   -0.399290546803201
       158               3285.7   -0.398700351961838
       159               3285.8   -0.397622333899087
       160               3285.9    -0.39609865403909
       161                 3286    -0.39435016931374
       162               3286.1   -0.392718255604855
       163               3286.2   -0.391491741755173
       164               3286.3     -0.3907268893198
       165               3286.4   -0.390218490091616
       166               3286.5    -0.38968318279095
       167               3286.6   -0.389012029530933
       168               3286.7   -0.388358041386125
       169               3286.8   -0.387980234485041
       170               3286.9   -0.388004349620953
       171                 3287   -0.388317708219306
       172               3287.1    -0.38865890789719
       173               3287.2   -0.388791602563661
       174               3287.3   -0.388629904776697
       175               3287.4   -0.388273370329085
       176               3287.5   -0.387967373181875
       177               3287.6   -0.387989369450115
       178               3287.7   -0.388476877282913
       179               3287.8   -0.389300026010377
       180               3287.9   -0.390103568610533
       181                 3288   -0.390506295177763
       182               3288.1   -0.390297346880316
       183               3288.2   -0.389497313231276
       184               3288.3   -0.388300522062987
       185               3288.4   -0.386985016891808
       186               3288.5   -0.385827597167434
       187               3288.6   -0.385020589019742
       188               3288.7   -0.384613589968644
       189               3288.8   -0.384517932777219
       190               3288.9   -0.384565517638561
       191                 3289   -0.384575228634071
       192               3289.1   -0.384404187769638
       193               3289.2   -0.383993115954765
       194               3289.3   -0.383396846984322
       195               3289.4   -0.382765138633782
       196               3289.5   -0.382267308527595
       197               3289.6   -0.382008351324475
       198               3289.7   -0.381991835545185
       199               3289.8   -0.382138103367282
       200               3289.9   -0.382327129881631
       201                 3290   -0.382448084484319
       202               3290.1   -0.382464429986377
       203               3290.2    -0.38247731721574
       204               3290.3   -0.382715661111936
       205               3290.4   -0.383407823286431
       206               3290.5   -0.384613475787066
       207               3290.6   -0.386164482586682
       208               3290.7   -0.387764878299071
       209               3290.8   -0.389142780226824
       210               3290.9   -0.390128718294462
       211                 3291   -0.390658598585199
       212               3291.1   -0.390777042744983
       213               3291.2   -0.390650209425406
       214               3291.3    -0.39051494535876
       215               3291.4   -0.390544351751843
       216               3291.5   -0.390738778960318
       217               3291.6   -0.390963925590929
       218               3291.7   -0.391107480180483
       219               3291.8   -0.391191403250378
       220               3291.9   -0.391327492702473
       221                 3292   -0.391575328326427
       222               3292.1   -0.391850893413708
       223               3292.2   -0.391960272893791
       224               3292.3    -0.39170830795825
       225               3292.4   -0.390992738324111
       226               3292.5   -0.389846797898487
       227               3292.6   -0.388444390783353
       228               3292.7   -0.387070503287552
       229               3292.8   -0.386030330634539
       230               3292.9   -0.385505359534267
       231                 3293   -0.385445664466936
       232               3293.1   -0.385600306231021
       233               3293.2   -0.385686765949043
       234               3293.3   -0.385583708572361
       235               3293.4   -0.385409159288887
       236               3293.5   -0.385427494272522
       237               3293.6   -0.385852342268333
       238               3293.7    -0.38669453395153
       239               3293.8   -0.387767552965611
       240               3293.9   -0.388820478960421
       241                 3294   -0.389658577579479
       242               3294.1   -0.390159373959498
       243               3294.2   -0.390239242620825
       244               3294.3   -0.389881186182832
       245               3294.4   -0.389219393136336
       246               3294.5   -0.388546266492327
       247               3294.6   -0.388156093385997
       248               3294.7     -0.3881264580443
       249               3294.8   -0.388236892951618
       250               3294.9   -0.388117110654009
       251                 3295   -0.387520183517854
       252               3295.1   -0.386512008757678
       253               3295.2   -0.385436612832395
       254               3295.3   -0.384700954241845
       255               3295.4   -0.384562182088078
       256               3295.5   -0.385054712646635
       257               3295.6   -0.386029465847145
       258               3295.7   -0.387211152183732
       259               3295.8    -0.38826617595531
       260               3295.9   -0.388924771108572
       261                 3296   -0.389113867305195
       262               3296.1   -0.388989045092902
       263               3296.2   -0.388834229630098
       264               3296.3   -0.388908632438683
       265               3296.4   -0.389320079341687
       266               3296.5   -0.389953913371488
       267               3296.6   -0.390494365639559
       268               3296.7   -0.390583645453667
       269               3296.8   -0.390068888483989
       270               3296.9   -0.389157309645088
       271                 3297   -0.388318604869095
       272               3297.1   -0.387979435671283
       273               3297.2   -0.388255229243445
       274               3297.3   -0.388942983930979
       275               3297.4   -0.389758598050467
       276               3297.5   -0.390573696384701
       277               3297.6   -0.391422522781737
       278               3297.7   -0.392304543191651
       279               3297.8   -0.393037788706686
       280               3297.9   -0.393360455634405
       281                 3298   -0.393187257314292
       282               3298.1   -0.392735349877142
       283               3298.2    -0.39236432483383
       284               3298.3   -0.392276446878435
       285               3298.4   -0.392367318165995
       286               3298.5   -0.392361939714484
       287               3298.6   -0.392085974762773
       288               3298.7   -0.391598857342522
       289               3298.8   -0.391079196535458
       290               3298.9   -0.390621251976125
       291                 3299   -0.390168206224637
       292               3299.1   -0.389612303988518
       293               3299.2   -0.388903079899466
       294               3299.3   -0.388055270765808
       295               3299.4   -0.387119410586269
       296               3299.5   -0.386208097080515
       297               3299.6   -0.385542611396993
       298               3299.7   -0.385410519909113
       299               3299.8   -0.386014479944556
       300               3299.9   -0.387323379031041
       301                 3300   -0.389049177968785
       302               3300.1   -0.390764696879851
       303               3300.2   -0.392075795421436
       304               3300.3   -0.392751330779176
       305               3300.4   -0.392762050287645
       306               3300.5   -0.392228088093166
       307               3300.6   -0.391323586381772
       308               3300.7   -0.390220611281224
       309               3300.8   -0.389109111160437
       310               3300.9   -0.388224513851948
       311                 3301   -0.387789927705606
       312               3301.1   -0.387892260174792
       313               3301.2   -0.388413571252649
       314               3301.3   -0.389086051104849
       315               3301.4   -0.389610757210651
       316               3301.5   -0.389754032274747
       317               3301.6   -0.389411712125398
       318               3301.7   -0.388657784883191
       319               3301.8   -0.387738608987691
       320               3301.9   -0.386968289439542
       321                 3302   -0.386572986717746
       322               3302.1    -0.38659668899205
       323               3302.2   -0.386930994818943
       324               3302.3   -0.387432831953615
       325               3302.4   -0.388035346698012
       326               3302.5   -0.388763722822341
       327               3302.6   -0.389644761969394
       328               3302.7   -0.390606610430991
       329               3302.8   -0.391484596460281
       330               3302.9    -0.39213059969737
       331                 3303   -0.392506088897898
       332               3303.1   -0.392674226436625
       333               3303.2    -0.39273200205984
       334               3303.3   -0.392766889613738
       335               3303.4   -0.392855414833627
       336               3303.5   -0.393061031466486
       337               3303.6   -0.393406023224555
       338               3303.7   -0.393840592944594
       339               3303.8   -0.394245876381458
       340               3303.9    -0.39447861522952
       341                 3304   -0.394430245220579
       342               3304.1   -0.394064105283994
       343               3304.2   -0.393414258739842
       344               3304.3    -0.39256187822358
       345               3304.4   -0.391623878827251
       346               3304.5   -0.390764298435075
       347               3304.6   -0.390185264062003
       348               3304.7   -0.390049048464942
       349               3304.8   -0.390367389761336
       350               3304.9   -0.390972008846342
       351                 3305    -0.39162185058448
       352               3305.1   -0.392152325044971
       353               3305.2   -0.392522754668759
       354               3305.3     -0.3927470624438
       355               3305.4   -0.392833389722578
       356               3305.5   -0.392818645707805
       357               3305.6   -0.392817791134643
       358               3305.7   -0.392955772246025
       359               3305.8    -0.39320718054197
       360               3305.9   -0.393331531347517
       361                 3306   -0.393025850086514
       362               3306.1   -0.392182935622241
       363               3306.2   -0.391021595005748
       364               3306.3   -0.389974984238963
       365               3306.4   -0.389435297323227
       366               3306.5   -0.389548377580457
       367               3306.6    -0.39018056085727
       368               3306.7    -0.39103914331668
       369               3306.8   -0.391835349456414
       370               3306.9   -0.392387626471962
       371                 3307   -0.392639268596532
       372               3307.1    -0.39262564711135
       373               3307.2    -0.39242821471015
       374               3307.3   -0.392127951351843
       375               3307.4   -0.391765852767198
       376               3307.5   -0.391326199896871
       377               3307.6   -0.390755710175831
       378               3307.7   -0.390018320948221
       379               3307.8   -0.389159043238397
       380               3307.9   -0.388315786272133
       381                 3308    -0.38763361000403
       382               3308.1   -0.387137544853885
       383               3308.2   -0.386704168378928
       384               3308.3   -0.386196884159397
       385               3308.4   -0.385641652247192
       386               3308.5   -0.385241615834457
       387               3308.6   -0.385185049179696
       388               3308.7    -0.38543485875132
       389               3308.8   -0.385722827769087
       390               3308.9    -0.38575295901473
       391                 3309    -0.38540557720702
       392               3309.1   -0.384774189178409
       393               3309.2   -0.384069829684174
       394               3309.3   -0.383519128378115
       395               3309.4   -0.383301297466229
       396               3309.5   -0.383497204571005
       397               3309.6   -0.384057561438898
       398               3309.7    -0.38482909329651
       399               3309.8   -0.385629430792786
       400               3309.9   -0.386315876192298
       401                 3310   -0.386817299050855
       402               3310.1   -0.387131960916206
       403               3310.2   -0.387292168787117
       404               3310.3   -0.387309669612693
       405               3310.4   -0.387154215901499
       406               3310.5   -0.386802287683163
       407               3310.6   -0.386308023015184
       408               3310.7   -0.385803847863432
       409               3310.8    -0.38540930418687
       410               3310.9   -0.385135480645858
       411                 3311   -0.384887435381793
       412               3311.1   -0.384564772124676
       413               3311.2   -0.384155237390771
       414               3311.3   -0.383731013883594
       415               3311.4   -0.383372574502531
       416               3311.5   -0.383113859399981
       417               3311.6   -0.382948497965128
       418               3311.7   -0.382856821516871
       419               3311.8   -0.382816676960668
       420               3311.9   -0.382805534232178
       421                 3312   -0.382798740977426
       422               3312.1   -0.382747832280529
       423               3312.2    -0.38255325637257
       424               3312.3   -0.382084810282407
       425               3312.4   -0.381262700216027
       426               3312.5   -0.380128529356775
       427               3312.6   -0.378831046627097
       428               3312.7   -0.377541345631167
       429               3312.8   -0.376374414232359
       430               3312.9   -0.375359070625224
       431                 3313   -0.374447422857648
       432               3313.1   -0.373560787008533
       433               3313.2   -0.372669133848503
       434               3313.3   -0.371845097909487
       435               3313.4   -0.371219356128822
       436               3313.5   -0.370867490914366
       437               3313.6   -0.370754505079349
       438               3313.7   -0.370801768884681
       439               3313.8   -0.370993055779517
       440               3313.9   -0.371392833780031
       441                 3314   -0.372055106270418
       442               3314.1   -0.372918338006657
       443               3314.2   -0.373785792353205
       444               3314.3   -0.374402549292389
       445               3314.4   -0.374570494094041
       446               3314.5   -0.374236937353981
       447               3314.6   -0.373507008778126
       448               3314.7   -0.372554380172133
       449               3314.8   -0.371481335891877
       450               3314.9   -0.370255202339512
       451                 3315   -0.368792689121186
       452               3315.1   -0.367101945845252
       453               3315.2   -0.365326379683853
       454               3315.3   -0.363649573522792
       455               3315.4   -0.362161102920369
       456               3315.5   -0.360794875480087
       457               3315.6   -0.359370047701543
       458               3315.7   -0.357694758495056
       459               3315.8   -0.355667681746342
       460               3315.9   -0.353325332288275
       461                 3316   -0.350826294217789
       462               3316.1   -0.348396986525005
       463               3316.2   -0.346256436403259
       464               3316.3   -0.344531835730235
       465               3316.4   -0.343207122365883
       466               3316.5    -0.34215318992856
       467               3316.6   -0.341222061085311
       468               3316.7   -0.340324981667806
       469               3316.8   -0.339441916385784
       470               3316.9   -0.338581154668829
       471                 3317   -0.337733035258492
       472               3317.1   -0.336846453655619
       473               3317.2   -0.335844369398216
       474               3317.3   -0.334669294715738
       475               3317.4   -0.333304681521486
       476               3317.5   -0.331725775534359
       477               3317.6    -0.32982780727981
       478               3317.7   -0.327445160121966
       479               3317.8   -0.324491992732117
       480               3317.9   -0.321100379520668
       481                 3318   -0.317601618629088
       482               3318.1   -0.314339857920233
       483               3318.2   -0.311467864622823
       484               3318.3   -0.308886742385495
       485               3318.4   -0.306353919689124
       486               3318.5   -0.303641674549421
       487               3318.6   -0.300620222157801
       488               3318.7   -0.297253662868517
       489               3318.8   -0.293585462950587
       490               3318.9   -0.289748926977367
       491                 3319    -0.28594352647532
       492               3319.1   -0.282325171409113
       493               3319.2   -0.278881086860448
       494               3319.3    -0.27542548293612
       495               3319.4   -0.271736211782784
       496               3319.5   -0.267690595380645
       497               3319.6   -0.263277139729195
       498               3319.7   -0.258530488361871
       499               3319.8   -0.253513000512578
       500               3319.9   -0.248361122276982
       501                 3320   -0.243303196380666
       502               3320.1    -0.23858183141966
       503               3320.2   -0.234320102984504
       504               3320.3   -0.230435827101412
       505               3320.4   -0.226686247229813
       506               3320.5   -0.222833562506161
       507               3320.6   -0.218817258132044
       508               3320.7   -0.214795077407626
       509               3320.8   -0.211017899080421
       510               3320.9   -0.207647662421065
       511                 3321   -0.204661459505656
       512               3321.1   -0.201880970986095
       513               3321.2   -0.199060151818927
       514               3321.3   -0.195968710817321
       515               3321.4   -0.192468991645933
       516               3321.5   -0.188586479021846
       517               3321.6    -0.18453123542593
       518               3321.7   -0.180637083467529
       519               3321.8    -0.17725087586706
       520               3321.9   -0.174627411590443
       521                 3322   -0.172844687546356
       522               3322.1   -0.171744336952355
       523               3322.2   -0.170952063695563
       524               3322.3   -0.170031769835435
       525               3322.4   -0.168713546639359
       526               3322.5   -0.167030103841621
       527               3322.6   -0.165247800639893
       528               3322.7   -0.163657933353021
       529               3322.8   -0.162416507555589
       530               3322.9   -0.161556822329583
       531                 3323   -0.161121059174517
       532               3323.1   -0.161253269861851
       533               3323.2   -0.162156424439123
       534               3323.3   -0.163953176657591
       535               3323.4    -0.16657020475708
       536               3323.5   -0.169741859850074
       537               3323.6   -0.173134206330643
       538               3323.7   -0.176492905946546
       539               3323.8   -0.179698438365777
       540               3323.9   -0.182705362231061
       541                 3324   -0.185465965303046
       542               3324.1    -0.18795114875867
       543               3324.2   -0.190256477457739
       544               3324.3   -0.192659953067587
       545               3324.4   -0.195524658215157
       546               3324.5   -0.199093632203448
       547               3324.6   -0.203345442118876
       548               3324.7   -0.208033499071201
       549               3324.8   -0.212858202345614
       550               3324.9   -0.217605512225429
       551                 3325   -0.222156747875518
       552               3325.1   -0.226433041360737
       553               3325.2   -0.230382071701486
       554               3325.3   -0.234012324926872
       555               3325.4   -0.237394343898869
       556               3325.5   -0.240592418981885
       557               3325.6    -0.24358778227865
       558               3325.7   -0.246274256259133
       559               3325.8   -0.248532241415377
       560               3325.9   -0.250309553166974
       561                 3326   -0.251642865969574
       562               3326.1   -0.252626309846363
       563               3326.2   -0.253377547138949
       564               3326.3   -0.254016730065559
       565               3326.4   -0.254631713090864
       566               3326.5   -0.255230474775181
       567               3326.6   -0.255732114923422
       568               3326.7   -0.256032836690488
       569               3326.8   -0.256113828942762
       570               3326.9    -0.25610888973887
       571                 3327   -0.256259443847874
       572               3327.1   -0.256754767044404
       573               3327.2   -0.257558745436177
       574               3327.3   -0.258371952603308
       575               3327.4   -0.258785339006018
       576               3327.5   -0.258515868741095
       577               3327.6   -0.257552326345174
       578               3327.7   -0.256136335642567
       579               3327.8   -0.254622757765094
       580               3327.9     -0.2532962985055
       581                 3328   -0.252224302044739
       582               3328.1   -0.251251157757383
       583               3328.2   -0.250193412499778
       584               3328.3   -0.249116525767662
       585               3328.4   -0.248432483410417
       586               3328.5    -0.24867310340759
       587               3328.6   -0.250104959445855
       588               3328.7   -0.252524068184686
       589               3328.8   -0.255392612500792
       590               3328.9   -0.258149962776837
       591                 3329   -0.260419710201612
       592               3329.1   -0.262034707710523
       593               3329.2   -0.263019850381081
       594               3329.3   -0.263632806133885
       595               3329.4   -0.264373130390234
       596               3329.5   -0.265835767855506
       597               3329.6   -0.268462446108236
       598               3329.7   -0.272384692473438
       599               3329.8   -0.277471307997005
       600               3329.9   -0.283501332785932
       601                 3330   -0.290301618210267
       602               3330.1   -0.297773987230977
       603               3330.2   -0.305860643816907
       604               3330.3   -0.314524142969819
       605               3330.4    -0.32375742746939
       606               3330.5   -0.333594594203449
       607               3330.6   -0.344113293032891
       608               3330.7   -0.355443433362685
       609               3330.8   -0.367762666841456
       610               3330.9   -0.381220617728884
       611                 3331   -0.395793160688305
       612               3331.1   -0.411192880921221
       613               3331.2   -0.426972570680408
       614               3331.3   -0.442777190102859
       615               3331.4   -0.458520687823333
       616               3331.5   -0.474331451086703
       617               3331.6   -0.490365024451542
       618               3331.7    -0.50670808759532
       619               3331.8    -0.52343737750927
       620               3331.9   -0.540669983445734
       621                 3332   -0.558453072917312
       622               3332.1   -0.576582744620621
       623               3332.2   -0.594593669730226
       624               3332.3   -0.611998448733884
       625               3332.4   -0.628554492102433
       626               3332.5   -0.644278973101184
       627               3332.6   -0.659214717208513
       628               3332.7   -0.673228287735456
       629               3332.8   -0.686053044889831
       630               3332.9   -0.697489686884239
       631                 3333   -0.707538866116067
       632               3333.1    -0.71638629723069
       633               3333.2   -0.724326962125909
       634               3333.3    -0.73168975988197
       635               3333.4   -0.738726391331752
       636               3333.5   -0.745459808209768
       637               3333.6   -0.751605117088086
       638               3333.7   -0.756673724680756
       639               3333.8   -0.760209874105098
       640               3333.9   -0.761987605604534
       641                 3334   -0.762064063526622
       642               3334.1   -0.760724834044027
       643               3334.2   -0.758384670254019
       644               3334.3   -0.755453811775883
       645               3334.4   -0.752191644619643
       646               3334.5   -0.748627166130161
       647               3334.6    -0.74459663219674
       648               3334.7   -0.739850229805533
       649               3334.8   -0.734157361278904
       650               3334.9   -0.727401937201374
       651                 3335   -0.719663151189104
       652               3335.1   -0.711207744731421
       653               3335.2   -0.702341497362467
       654               3335.3   -0.693223324844499
       655               3335.4    -0.68382080145433
       656               3335.5   -0.674034176679853
       657               3335.6   -0.663829114198157
       658               3335.7   -0.653254392147661
       659               3335.8   -0.642398288968687
       660               3335.9   -0.631374843424476
       661                 3336   -0.620306602083773
       662               3336.1   -0.609234415481474
       663               3336.2   -0.598021242407819
       664               3336.3   -0.586395690316519
       665               3336.4    -0.57413669580187
       666               3336.5   -0.561215832516406
       667               3336.6    -0.54775935010427
       668               3336.7   -0.533920114709864
       669               3336.8   -0.519845149048085
       670               3336.9   -0.505752396144616
       671                 3337   -0.491938072179568
       672               3337.1   -0.478610905945165
       673               3337.2   -0.465706476495923
       674               3337.3   -0.452918602779695
       675               3337.4   -0.439956561746439
       676               3337.5    -0.42677609914749
       677               3337.6   -0.413568271334065
       678               3337.7   -0.400563950204959
       679               3337.8    -0.38787215666214
       680               3337.9   -0.375460333834465
       681                 3338    -0.36321241569024
       682               3338.1   -0.350984474406961
       683               3338.2   -0.338655910203669
       684               3338.3   -0.326187998745963
       685               3338.4   -0.313657628824261
       686               3338.5   -0.301224698873416
       687               3338.6   -0.289026393291319
       688               3338.7   -0.277041817775886
       689               3338.8   -0.265025107861702
       690               3338.9   -0.252598676074744
       691                 3339   -0.239467563172872
       692               3339.1   -0.225575242454203
       693               3339.2   -0.211064938655598
       694               3339.3   -0.196107253534565
       695               3339.4   -0.180767219509407
       696               3339.5    -0.16500985547015
       697               3339.6    -0.14881128192253
       698               3339.7    -0.13227174333125
       699               3339.8    -0.11562396045515
       700               3339.9  -0.0991001705355701
       701                 3340  -0.0827517821078764
       702               3340.1  -0.0663812726714253
       703               3340.2  -0.0496436130809579
       704               3340.3   -0.032215485293794
       705               3340.4  -0.0139039179666896
       706               3340.5  0.00533687683560271
       707               3340.6   0.0254468629884691
       708               3340.7   0.0463321150241762
       709               3340.8   0.0679306115146751
       710               3340.9   0.0902164879717853
       711                 3341    0.113145518109139
       712               3341.1    0.136632831689072
       713               3341.2    0.160626457168699
       714               3341.3    0.185210141741259
       715               3341.4    0.210611873344707
       716               3341.5    0.237083591223426
       717               3341.6    0.264735877105822
       718               3341.7    0.293437886342566
       719               3341.8    0.322833635669795
       720               3341.9    0.352449807916045
       721                 3342     0.38181643860252
       722               3342.1    0.410509241886185
       723               3342.2    0.438081109902855
       724               3342.3    0.463963543419707
       725               3342.4    0.487472621659019
       726               3342.5    0.507957666054187
       727               3342.6    0.524969359282785
       728               3342.7    0.538277864735637
       729               3342.8    0.547692647286074
       730               3342.9    0.552805636638135
       731                 3343    0.552857061887897
       732               3343.1     0.54685095558448
       733               3343.2    0.533864832516112
       734               3343.3    0.513340335431564
       735               3343.4    0.485157458206823
       736               3343.5    0.449481110050357
       737               3343.6    0.406544850903764
       738               3343.7    0.356547143229456
       739               3343.8    0.299708839579517
       740               3343.9    0.236409992464854
       741                 3344    0.167277158963766
       742               3344.1   0.0931393302559294
       743               3344.2   0.0148802477849241
       744               3344.3  -0.0666810956283117
       745               3344.4   -0.150752260395173
       746               3344.5   -0.236392705563768
       747               3344.6   -0.322393441966751
       748               3344.7   -0.407377684034881
       749               3344.8   -0.490061206631106
       750               3344.9   -0.569441319619288
       751                 3345   -0.644775076197839
       752               3345.1   -0.715434396453251
       753               3345.2   -0.780820287653791
       754               3345.3    -0.84040935757683
       755               3345.4   -0.893852642790646
       756               3345.5   -0.941014043345758
       757               3345.6   -0.981923622013727
       758               3345.7    -1.01670405380044
       759               3345.8     -1.0455258951747
       760               3345.9    -1.06860524635251
       761                 3346    -1.08623797228014
       762               3346.1    -1.09884889770636
       763               3346.2    -1.10700397062121
       764               3346.3    -1.11134144179873
       765               3346.4    -1.11244970633171
       766               3346.5    -1.11077564134431
       767               3346.6    -1.10661447626017
       768               3346.7    -1.10015773223931
       769               3346.8    -1.09155485468773
       770               3346.9    -1.08097621614577
       771                 3347    -1.06866840309256
       772               3347.1    -1.05495451198221
       773               3347.2    -1.04014590258471
       774               3347.3    -1.02443369537798
       775               3347.4    -1.00788673847557
       776               3347.5   -0.990569921288429
       777               3347.6   -0.972629050811653
       778               3347.7   -0.954217945325392
       779               3347.8   -0.935371059171652
       780               3347.9   -0.916034280796487
       781                 3348   -0.896267250264424
       782               3348.1   -0.876371460856922
       783               3348.2   -0.856742946135562
       784               3348.3   -0.837569007226675
       785               3348.4   -0.818693148465845
       786               3348.5   -0.799801763781599
       787               3348.6   -0.780732337071306
       788               3348.7   -0.761580306116288
       789               3348.8   -0.742530604260385
       790               3348.9   -0.723654177873763
       791                 3349   -0.704912816033737
       792               3349.1   -0.686325819604193
       793               3349.2   -0.668047177995954
       794               3349.3   -0.650233726166892
       795               3349.4   -0.632866701414635
       796               3349.5   -0.615749981798408
       797               3349.6    -0.59868054275959
       798               3349.7   -0.581584596816778
       799               3349.8   -0.564493987710957
       800               3349.9   -0.547461081773107
       801                 3350   -0.530563833753332
       802               3350.1   -0.513987323815455
       803               3350.2   -0.498029862400846
       804               3350.3   -0.482955640030266
       805               3350.4   -0.468802863907144
       806               3350.5   -0.455327117465634
       807               3350.6   -0.442135919548691
       808               3350.7   -0.428900125670934
       809               3350.8   -0.415494308386037
       810               3350.9   -0.402021653395722
       811                 3351   -0.388764405730358
       812               3351.1   -0.376086943102517
       813               3351.2    -0.36429084753153
       814               3351.3   -0.353467855440322
       815               3351.4   -0.343456328892172
       816               3351.5   -0.333961311914136
       817               3351.6   -0.324758727804424
       818               3351.7   -0.315823555018631
       819               3351.8   -0.307302342976579
       820               3351.9   -0.299400408577067
       821                 3352   -0.292301172426116
       822               3352.1   -0.286152030126619
       823               3352.2   -0.281069603967657
       824               3352.3   -0.277128488864841
       825               3352.4   -0.274350337502477
       826               3352.5   -0.272717775992453
       827               3352.6   -0.272196901444829
       828               3352.7   -0.272729442012519
       829               3352.8   -0.274196070558281
       830               3352.9   -0.276414612421868
       831                 3353   -0.279229305750977
       832               3353.1   -0.282646708576717
       833               3353.2   -0.286882210649703
       834               3353.3   -0.292223153226891
       835               3353.4   -0.298783966210007
       836               3353.5   -0.306362024504985
       837               3353.6   -0.314537284915176
       838               3353.7   -0.322932813621236
       839               3353.8   -0.331399689719619
       840               3353.9   -0.339973589089671
       841                 3354   -0.348673555970833
       842               3354.1   -0.357346775003679
       843               3354.2   -0.365703596303181
       844               3354.3   -0.373513778564171
       845               3354.4   -0.380791504376509
       846               3354.5   -0.387797408933199
       847               3354.6   -0.394849122298761
       848               3354.7   -0.402116250822846
       849               3354.8   -0.409575220884094
       850               3354.9   -0.417104673646418
       851                 3355   -0.424560820626243
       852               3355.1   -0.431763081096029
       853               3355.2   -0.438489082542971
       854               3355.3   -0.444568252897361
       855               3355.4   -0.450000483796981
       856               3355.5   -0.454959422917498
       857               3355.6   -0.459659868453747
       858               3355.7   -0.464206905775822
       859               3355.8   -0.468543852623752
       860               3355.9   -0.472515701938066
       861                 3356   -0.475985687883207
       862               3356.1   -0.478931988358789
       863               3356.2    -0.48148154300384
       864               3356.3    -0.48387191052978
       865               3356.4   -0.486355770342802
       866               3356.5    -0.48908432999494
       867               3356.6   -0.492028784131473
       868               3356.7   -0.494991346031596
       869               3356.8   -0.497695541151304
       870               3356.9   -0.499886327531686
       871                 3357   -0.501393685829536
       872               3357.1   -0.502181079671157
       873               3357.2   -0.502395504581155
       874               3357.3   -0.502359175910499
       875               3357.4   -0.502432370150502
       876               3357.5   -0.502793323223868
       877               3357.6   -0.503300996809427
       878               3357.7   -0.503576832029341
       879               3357.8   -0.503263839945648
       880               3357.9   -0.502261231071963
       881                 3358   -0.500760600547618
       882               3358.1   -0.499101510746841
       883               3358.2   -0.497600218614576
       884               3358.3     -0.4964476894467
       885               3358.4   -0.495658180914046
       886               3358.5   -0.495059059857516
       887               3358.6   -0.494374604129885
       888               3358.7   -0.493394567528545
       889               3358.8   -0.492091886817905
       890               3358.9   -0.490579561027806
       891                 3359   -0.488970370269134
       892               3359.1   -0.487286778414245
       893               3359.2   -0.485471187831674
       894               3359.3   -0.483445830478245
       895               3359.4   -0.481188961062126
       896               3359.5    -0.47881874717317
       897               3359.6   -0.476621323820699
       898               3359.7   -0.474944523659125
       899               3359.8   -0.473997653879339
       900               3359.9   -0.473713357741856
       901                 3360   -0.473777249689504
       902               3360.1   -0.473780600500403
       903               3360.2   -0.473381269951527
       904               3360.3   -0.472405918847842
       905               3360.4   -0.470885504611615
       906               3360.5   -0.469021381346539
       907               3360.6   -0.467078429587071
       908               3360.7   -0.465248145019661
       909               3360.8   -0.463573940627702
       910               3360.9   -0.461993125910419
       911                 3361    -0.46044074300892
       912               3361.1   -0.458909888098364
       913               3361.2    -0.45742984099637
       914               3361.3    -0.45600923889038
       915               3361.4   -0.454604897202735
       916               3361.5   -0.453145723361577
       917               3361.6   -0.451606059703958
       918               3361.7   -0.450073835087725
       919               3361.8   -0.448731198819391
       920               3361.9   -0.447730654127113
       921                 3362   -0.447066711997194
       922               3362.1   -0.446567613693432
       923               3362.2   -0.446017476655012
       924               3362.3   -0.445292122691848
       925               3362.4   -0.444391857923947
       926               3362.5   -0.443374292817659
       927               3362.6   -0.442293002488227
       928               3362.7   -0.441218189100132
       929               3362.8   -0.440285552741064
       930               3362.9   -0.439645841450538
       931                 3363   -0.439287477580697
       932               3363.1   -0.438896866350254
       933               3363.2   -0.437966359096252
       934               3363.3   -0.436141354678544
       935               3363.4   -0.433525841759374
       936               3363.5   -0.430661660083738
       937               3363.6   -0.428186395024889
       938               3363.7   -0.426454681657305
       939               3363.8   -0.425410993952619
       940               3363.9   -0.424756450498482
       941                 3364   -0.424204094152779
       942               3364.1   -0.423596986622417
       943               3364.2   -0.422869037740109
       944               3364.3   -0.422004483265774
       945               3364.4   -0.421082659262802
       946               3364.5   -0.420299580855943
       947               3364.6   -0.419840082975563
       948               3364.7   -0.419684504858515
       949               3364.8    -0.41957852596216
       950               3364.9   -0.419245932930043
       951                 3365   -0.418648187100033
       952               3365.1   -0.418029510719603
       953               3365.2   -0.417701727581047
       954               3365.3   -0.417770554471744
       955               3365.4   -0.418041508353368
       956               3365.5   -0.418163423367176
       957               3365.6   -0.417856496853432
       958               3365.7   -0.417027429991822
       959               3365.8   -0.415725943065866
       960               3365.9   -0.414064709842263
       961                 3366   -0.412218021508562
       962               3366.1   -0.410464992201969
       963               3366.2   -0.409155626465321
       964               3366.3     -0.4085632125302
       965               3366.4   -0.408732687982053
       966               3366.5   -0.409460139138686
       967               3366.6   -0.410412899407796
       968               3366.7   -0.411272863959414
       969               3366.8   -0.411802315680798
       970               3366.9   -0.411854135816769
       971                 3367   -0.411407270621274
       972               3367.1   -0.410627002853442
       973               3367.2   -0.409854702292288
       974               3367.3   -0.409478095037394
       975               3367.4   -0.409767099395816
       976               3367.5   -0.410791003875911
       977               3367.6   -0.412428506364592
       978               3367.7   -0.414411217527154
       979               3367.8   -0.416385521093521
       980               3367.9   -0.418015804049812
       981                 3368   -0.419095669124766
       982               3368.1   -0.419581803916486
       983               3368.2   -0.419529314589482
       984               3368.3   -0.419022176617355
       985               3368.4   -0.418196835319882
       986               3368.5   -0.417318362907214
       987               3368.6   -0.416757456557012
       988               3368.7   -0.416806944692192
       989               3368.8   -0.417489341032065
       990               3368.9   -0.418569668264402
       991                 3369   -0.419790287661184
       992               3369.1   -0.421103960950159
       993               3369.2    -0.42267442934816
       994               3369.3   -0.424649569555548
       995               3369.4   -0.426941530213964
       996               3369.5   -0.429236592056516
       997               3369.6   -0.431219596277297
       998               3369.7   -0.432785165007504
       999               3369.8   -0.434042267711325
      1000               3369.9    -0.43514343852956
      1001                 3370   -0.436130653651888
      1002               3370.1   -0.436937069536281
      1003               3370.2    -0.43750828527035
      1004               3370.3   -0.437899060264985
      1005               3370.4   -0.438254832887044
      1006               3370.5   -0.438723420264649
      1007               3370.6   -0.439401148584259
      1008               3370.7   -0.440344125388969
      1009               3370.8   -0.441583565216036
      1010               3370.9   -0.443094184049366
      1011                 3371   -0.444746524650891
      1012               3371.1   -0.446317150271692
      1013               3371.2   -0.447589372173503
      1014               3371.3   -0.448490584476891
      1015               3371.4   -0.449156282254383
      1016               3371.5    -0.44985341797842
      1017               3371.6   -0.450818394240902
      1018               3371.7   -0.452141384407919
      1019               3371.8   -0.453769691638808
      1020               3371.9   -0.455584759307036
      1021                 3372    -0.45746493105994
      1022               3372.1   -0.459295341965302
      1023               3372.2   -0.460949245787522
      1024               3372.3   -0.462296137298949
      1025               3372.4   -0.463278414602971
      1026               3372.5   -0.464020354093141
      1027               3372.6   -0.464842411307882
      1028               3372.7   -0.466091402054254
      1029               3372.8   -0.467888741950462
      1030               3372.9   -0.470028521916956
      1031                 3373    -0.47212337802121
      1032               3373.1   -0.473832466922212
      1033               3373.2   -0.474944611080223
      1034               3373.3   -0.475307351261095
      1035               3373.4   -0.474792371539623
      1036               3373.5   -0.473408432638918
      1037               3373.6   -0.471440426833314
      1038               3373.7   -0.469420993848438
      1039               3373.8   -0.467905416215787
      1040               3373.9   -0.467209825617148
      1041                 3374   -0.467294768214319
      1042               3374.1   -0.467847883102682
      1043               3374.2   -0.468477167817808
      1044               3374.3   -0.468876608797806
      1045               3374.4   -0.468886200434692
      1046               3374.5   -0.468471514959339
      1047               3374.6   -0.467695799756971
      1048               3374.7    -0.46671190834312
      1049               3374.8   -0.465730426125047
      1050               3374.9   -0.464927194769094
      1051                 3375   -0.464344812916318
      1052               3375.1    -0.46389824619114
      1053               3375.2   -0.463509203585982
      1054               3375.3   -0.463237504717263
      1055               3375.4   -0.463245871893561
      1056               3375.5   -0.463606065830454
      1057               3375.6   -0.464153023003032
      1058               3375.7   -0.464570946147525
      1059               3375.8   -0.464645381943302
      1060               3375.9   -0.464419582539816
      1061                 3376   -0.464092665138665
      1062               3376.1   -0.463783364745508
      1063               3376.2   -0.463419778625638
      1064               3376.3     -0.4628504786444
      1065               3376.4   -0.462017368376547
      1066               3376.5   -0.460985720068099
      1067               3376.6   -0.459823058737108
      1068               3376.7    -0.45850999217088
      1069               3376.8   -0.457026505705934
      1070               3376.9   -0.455526547382341
      1071                 3377   -0.454361261089125
      1072               3377.1   -0.453847455016902
      1073               3377.2   -0.453981176210968
      1074               3377.3   -0.454402236400385
      1075               3377.4   -0.454659957438646
      1076               3377.5   -0.454503346007477
      1077               3377.6   -0.453922047635006
      1078               3377.7   -0.452981933041908
      1079               3377.8   -0.451717983812809
      1080               3377.9   -0.450210684134183
      1081                 3378    -0.44869685430971
      1082               3378.1   -0.447513757934783
      1083               3378.2   -0.446883651393947
      1084               3378.3   -0.446737550766552
      1085               3378.4   -0.446744587370156
      1086               3378.5    -0.44652615405459
      1087               3378.6   -0.445885791924542
      1088               3378.7   -0.444886166565351
      1089               3378.8   -0.443737517208934
      1090               3378.9   -0.442621178852022
      1091                 3379    -0.44161033411848
      1092               3379.1   -0.440719630476022
      1093               3379.2   -0.439970212116259
      1094               3379.3   -0.439379789285552
      1095               3379.4   -0.438919372932445
      1096               3379.5   -0.438510536845517
      1097               3379.6   -0.438052122870129
      1098               3379.7   -0.437437528549653
      1099               3379.8   -0.436586569444147
      1100               3379.9   -0.435514693272631
      1101                 3380   -0.434366488434093
      1102               3380.1   -0.433324132182524
      1103               3380.2   -0.432443071533608
      1104               3380.3   -0.431589784767073
      1105               3380.4   -0.430571646984202
      1106               3380.5   -0.429334557518893
      1107               3380.6   -0.428020485076384
      1108               3380.7   -0.426833604458204
      1109               3380.8   -0.425873195910947
      1110               3380.9   -0.425106779124803
      1111                 3381   -0.424476689260641
      1112               3381.1   -0.423986391881055
      1113               3381.2   -0.423666610565381
      1114               3381.3   -0.423488882137677
      1115               3381.4   -0.423356165997548
      1116               3381.5   -0.423182015568503
      1117               3381.6   -0.422940411506889
      1118               3381.7    -0.42261732926063
      1119               3381.8   -0.422155992338546
      1120               3381.9   -0.421513755006587
      1121                 3382   -0.420779925175898
      1122               3382.1   -0.420178851902742
      1123               3382.2   -0.419894856840063
      1124               3382.3   -0.419874110723371
      1125               3382.4   -0.419813302333778
      1126               3382.5   -0.419369307440795
      1127               3382.6   -0.418409737839806
      1128               3382.7   -0.417093478308367
      1129               3382.8    -0.41574046284971
      1130               3382.9   -0.414627649316109
      1131                 3383   -0.413867226029493
      1132               3383.1   -0.413420121087021
      1133               3383.2   -0.413196344292382
      1134               3383.3   -0.413143640255194
      1135               3383.4   -0.413244669327556
      1136               3383.5    -0.41344341769773
      1137               3383.6   -0.413612895219603
      1138               3383.7   -0.413627198296995
      1139               3383.8   -0.413462622586482
      1140               3383.9    -0.41321527113241
      1141                 3384   -0.413026169991803
      1142               3384.1   -0.412993571976476
      1143               3384.2   -0.413129718760565
      1144               3384.3   -0.413359752753785
      1145               3384.4   -0.413549065216744
      1146               3384.5   -0.413559909443711
      1147               3384.6   -0.413320937686243
      1148               3384.7   -0.412856399824588
      1149               3384.8   -0.412236324750914
      1150               3384.9    -0.41149558956023
      1151                 3385   -0.410628330658436
      1152               3385.1   -0.409684876008232
      1153               3385.2     -0.4088498956336
      1154               3385.3   -0.408367569551829
      1155               3385.4   -0.408355279832901
      1156               3385.5   -0.408696841573377
      1157               3385.6   -0.409126061723974
      1158               3385.7   -0.409401987776746
      1159               3385.8   -0.409406626766248
      1160               3385.9   -0.409122667663817
      1161                 3386   -0.408570469097235
      1162               3386.1   -0.407768152980703
      1163               3386.2   -0.406722401518815
      1164               3386.3   -0.405452818302072
      1165               3386.4   -0.404040901955606
      1166               3386.5   -0.402648984632853
      1167               3386.6   -0.401469047374185
      1168               3386.7   -0.400649618423611
      1169               3386.8   -0.400275074218733
      1170               3386.9   -0.400384664500877
      1171                 3387   -0.400957347469726
      1172               3387.1   -0.401854632034082
      1173               3387.2   -0.402805542479325
      1174               3387.3   -0.403495193924182
      1175               3387.4    -0.40371091973062
      1176               3387.5   -0.403444221502218
      1177               3387.6   -0.402890535629854
      1178               3387.7   -0.402359946087693
      1179               3387.8   -0.402144516383505
      1180               3387.9   -0.402386355260887
      1181                 3388   -0.402987961896753
      1182               3388.1   -0.403616488196075
      1183               3388.2   -0.403845655697991
      1184               3388.3   -0.403400346338769
      1185               3388.4   -0.402348726809549
      1186               3388.5   -0.401072502443243
      1187               3388.6   -0.400017658060768
      1188               3388.7   -0.399428491217653
      1189               3388.8   -0.399267289236148
      1190               3388.9   -0.399327407103748
      1191                 3389   -0.399393664473495
      1192               3389.1   -0.399335598340397
      1193               3389.2   -0.399130999483606
      1194               3389.3   -0.398855937187698
      1195               3389.4   -0.398652580373349
      1196               3389.5   -0.398681891687441
      1197               3389.6   -0.399078022542327
      1198               3389.7   -0.399902785307531
      1199               3389.8   -0.401090448567621
      1200               3389.9   -0.402416461031496
      1201                 3390   -0.403551456610606
      1202               3390.1   -0.404198629102246
      1203               3390.2   -0.404222248895884
      1204               3390.3   -0.403679656602468
      1205               3390.4   -0.402760657476758
      1206               3390.5   -0.401700172065359
      1207               3390.6   -0.400715718523825
      1208               3390.7   -0.399982603990914
      1209               3390.8   -0.399631672318316
      1210               3390.9   -0.399742350852625
      1211                 3391   -0.400325294347602
      1212               3391.1   -0.401317942086523
      1213               3391.2   -0.402591848908456
      1214               3391.3   -0.403936170190798
      1215               3391.4   -0.405035699139866
      1216               3391.5   -0.405535292126962
      1217               3391.6   -0.405214663090359
      1218               3391.7   -0.404143966183233
      1219               3391.8   -0.402671437209871
      1220               3391.9   -0.401243694989597
      1221                 3392   -0.400194500041545
      1222               3392.1   -0.399640092575055
      1223               3392.2   -0.399523348686387
      1224               3392.3   -0.399732501998298
      1225               3392.4   -0.400171067527229
      1226               3392.5   -0.400735019956205
      1227               3392.6   -0.401278980674272
      1228               3392.7   -0.401658637654312
      1229               3392.8   -0.401812189975566
      1230               3392.9   -0.401768443564214
      1231                 3393   -0.401554475322807
      1232               3393.1   -0.401110604555883
      1233               3393.2   -0.400328425524387
      1234               3393.3   -0.399192257383734
      1235               3393.4   -0.397880822370389
      1236               3393.5   -0.396715937948592
      1237               3393.6   -0.395997591185715
      1238               3393.7   -0.395871703592684
      1239               3393.8   -0.396321116017436
      1240               3393.9   -0.397227010384919
      1241                 3394   -0.398400107189827
      1242               3394.1   -0.399577240881192
      1243               3394.2   -0.400460612342814
      1244               3394.3   -0.400819161696965
      1245               3394.4    -0.40057700450768
      1246               3394.5   -0.399831683143347
      1247               3394.6   -0.398823974782561
      1248               3394.7   -0.397884246372471
      1249               3394.8    -0.39733215485125
      1250               3394.9   -0.397331253976236
      1251                 3395   -0.397787864477018
      1252               3395.1   -0.398396862268615
      1253               3395.2   -0.398827344225379
      1254               3395.3   -0.398919587200493
      1255               3395.4   -0.398752882092586
      1256               3395.5   -0.398547333045296
      1257               3395.6   -0.398490575800046
      1258               3395.7   -0.398626444687806
      1259               3395.8   -0.398870699949814
      1260               3395.9   -0.399106142240982
      1261                 3396   -0.399265237795451
      1262               3396.1   -0.399348707848579
      1263               3396.2   -0.399389616765853
      1264               3396.3   -0.399410383177553
      1265               3396.4   -0.399419743287085
      1266               3396.5   -0.399447483378951
      1267               3396.6    -0.39955708627162
      1268               3396.7   -0.399792834027778
      1269               3396.8   -0.400107436419067
      1270               3396.9    -0.40036244529846
      1271                 3397    -0.40042291798784
      1272               3397.1   -0.400260713630735
      1273               3397.2   -0.399964681110686
      1274               3397.3   -0.399648412830518
      1275               3397.4   -0.399351513546869
      1276               3397.5   -0.399039799440634
      1277               3397.6   -0.398698364138464
      1278               3397.7   -0.398392180880061
      1279               3397.8   -0.398203520967479
      1280               3397.9   -0.398124483655317
      1281                 3398   -0.398054893984221
      1282               3398.1   -0.397914720720104
      1283               3398.2   -0.397728193096964
      1284               3398.3   -0.397591410804197
      1285               3398.4   -0.397593320355997
      1286               3398.5   -0.397784207430147
      1287               3398.6   -0.398180372249947
      1288               3398.7   -0.398751740113826
      1289               3398.8   -0.399407726795044
      1290               3398.9   -0.400030131581656
      1291                 3399   -0.400533321550034
      1292               3399.1   -0.400882167595238
      1293               3399.2   -0.401059535257772
      1294               3399.3   -0.401050546811636
      1295               3399.4   -0.400874966725173
      1296               3399.5   -0.400607307486988
      1297               3399.6   -0.400324807837241
      1298               3399.7    -0.40002438834436
      1299               3399.8   -0.399609629222164
      1300               3399.9   -0.398982498902812
      1301                 3400   -0.398161513915093
      1302               3400.1   -0.397318887450364
      1303               3400.2    -0.39670631974625
      1304               3400.3   -0.396528367067318
      1305               3400.4   -0.396841901659409
      1306               3400.5   -0.397522970696004
      1307               3400.6    -0.39830305649233
      1308               3400.7   -0.398857475411601
      1309               3400.8   -0.398921167040284
      1310               3400.9   -0.398396738691762
      1311                 3401   -0.397399370400407
      1312               3401.1   -0.396185548329682
      1313               3401.2   -0.394988154071191
      1314               3401.3   -0.393887937672893
      1315               3401.4   -0.392848852905264
      1316               3401.5    -0.39188396576647
      1317               3401.6   -0.391167626912709
      1318               3401.7   -0.390960355494526
      1319               3401.8    -0.39141702563017
      1320               3401.9   -0.392465763398171
      1321                 3402   -0.393848096510817
      1322               3402.1   -0.395242185639628
      1323               3402.2   -0.396360168405125
      1324               3402.3   -0.397014691497863
      1325               3402.4   -0.397199352809416
      1326               3402.5   -0.397143646613851
      1327               3402.6   -0.397239658214097
      1328               3402.7   -0.397835904443002
      1329               3402.8   -0.399041910437448
      1330               3402.9   -0.400682307665768
      1331                 3403    -0.40239717967291
      1332               3403.1   -0.403796744457325
      1333               3403.2   -0.404603273364028
      1334               3403.3    -0.40474064010853
      1335               3403.4   -0.404327389461479
      1336               3403.5   -0.403576730471979
      1337               3403.6   -0.402690765639756
      1338               3403.7   -0.401827126653033
      1339               3403.8   -0.401112603868166
      1340               3403.9   -0.400634237050133
      1341                 3404   -0.400406889622548
      1342               3404.1   -0.400372851632589
      1343               3404.2    -0.40044954137474
      1344               3404.3       -0.40058057045
      1345               3404.4   -0.400750183111469
      1346               3404.5   -0.400964779971001
      1347               3404.6   -0.401222964441596
      1348               3404.7   -0.401487311509177
      1349               3404.8   -0.401669580583998
      1350               3404.9   -0.401643790271954
      1351                 3405   -0.401292376947488
      1352               3405.1   -0.400575053219008
      1353               3405.2   -0.399588158440277
      1354               3405.3   -0.398556357358075
      1355               3405.4   -0.397722047776583
      1356               3405.5   -0.397203936097706
      1357               3405.6   -0.396968842284551
      1358               3405.7   -0.396951919315568
      1359               3405.8   -0.397166825332175
      1360               3405.9   -0.397647141581968
      1361                 3406   -0.398294329273822
      1362               3406.1   -0.398860636398521
      1363               3406.2    -0.39913551079105
      1364               3406.3   -0.399135191503629
      1365               3406.4     -0.3990792032518
      1366               3406.5   -0.399189930671737
      1367               3406.6   -0.399535543107446
      1368               3406.7   -0.400040049705846
      1369               3406.8   -0.400582384611476
      1370               3406.9   -0.401064025007788
      1371                 3407   -0.401427416272427
      1372               3407.1   -0.401662427361517
      1373               3407.2    -0.40180165112175
      1374               3407.3   -0.401891061328355
      1375               3407.4   -0.401961501885711
      1376               3407.5   -0.402035748492942
      1377               3407.6   -0.402159364299286
      1378               3407.7   -0.402408167311622
      1379               3407.8   -0.402845919088647
      1380               3407.9   -0.403457987245463
      1381                 3408   -0.404119313034247
      1382               3408.1    -0.40463597329396
      1383               3408.2   -0.404841865581414
      1384               3408.3   -0.404684533878246
      1385               3408.4   -0.404235253681624
      1386               3408.5   -0.403610423407557
      1387               3408.6   -0.402864996112081
      1388               3408.7   -0.401954999401177
      1389               3408.8   -0.400813228288217
      1390               3408.9   -0.399472789795453
      1391                 3409   -0.398118368813527
      1392               3409.1   -0.397009066932711
      1393               3409.2   -0.396335433524297
      1394               3409.3   -0.396127356966321
      1395               3409.4   -0.396273456298653
      1396               3409.5    -0.39661373418841
      1397               3409.6   -0.397023908241529
      1398               3409.7   -0.397445978427613
      1399               3409.8   -0.397872461756076
      1400               3409.9   -0.398304107110697
      1401                 3410   -0.398694710398622
      1402               3410.1     -0.3989186483148
      1403               3410.2    -0.39881452955005
      1404               3410.3   -0.398298177363938
      1405               3410.4   -0.397442882744236
      1406               3410.5   -0.396440222085652
      1407               3410.6   -0.395489614335807
      1408               3410.7   -0.394733296128495
      1409               3410.8   -0.394263695944532
      1410               3410.9   -0.394136181378186
      1411                 3411   -0.394354237691797
      1412               3411.1   -0.394860877196409
      1413               3411.2   -0.395551175148147
      1414               3411.3   -0.396280903242103
      1415               3411.4   -0.396880695691528
      1416               3411.5   -0.397227618587986
      1417               3411.6   -0.397363124774649
      1418               3411.7   -0.397533351507483
      1419               3411.8   -0.398043583679072
      1420               3411.9   -0.399003931735746
      1421                 3412   -0.400194351348043
      1422               3412.1   -0.401191751678079
      1423               3412.2   -0.401662134904401
      1424               3412.3   -0.401590442109681
      1425               3412.4   -0.401299950046146
      1426               3412.5   -0.401266686957492
      1427               3412.6   -0.401838825316087
      1428               3412.7   -0.403023532559931
      1429               3412.8   -0.404485801024364
      1430               3412.9   -0.405763629030464
      1431                 3413   -0.406525949085726
      1432               3413.1   -0.406678933627141
      1433               3413.2   -0.406291774332461
      1434               3413.3   -0.405463499718633
      1435               3413.4   -0.404246441767914
      1436               3413.5    -0.40265916160024
      1437               3413.6   -0.400764451825563
      1438               3413.7   -0.398743066435687
      1439               3413.8    -0.39687148279095
      1440               3413.9   -0.395391171729133
      1441                 3414   -0.394392862497918
      1442               3414.1   -0.393847544818362
      1443               3414.2   -0.393751041213342
      1444               3414.3   -0.394209213017605
      1445               3414.4   -0.395348716536838
      1446               3414.5   -0.397121641984446
      1447               3414.6   -0.399187347487339
      1448               3414.7    -0.40100213369284
      1449               3414.8   -0.402077180335273
      1450               3414.9   -0.402219330413824
      1451                 3415   -0.401580851567574
      1452               3415.1   -0.400507356200933
      1453               3415.2   -0.399326599458441
      1454               3415.3   -0.398225276284133
      1455               3415.4    -0.39724992265918
      1456               3415.5   -0.396375407357326
      1457               3415.6   -0.395577772220084
      1458               3415.7   -0.394885017114029
      1459               3415.8   -0.394392819243347
      1460               3415.9   -0.394221816480461
      1461                 3416   -0.394418659448351
      1462               3416.1   -0.394874924279143
      1463               3416.2   -0.395362592453174
      1464               3416.3   -0.395689568144204
      1465               3416.4   -0.395847936402795
      1466               3416.5   -0.396016065052756
      1467               3416.6   -0.396407937693624
      1468               3416.7   -0.397103717143418
      1469               3416.8   -0.398005888215188
      1470               3416.9   -0.398938800467188
      1471                 3417    -0.39976993640541
      1472               3417.1   -0.400422430537365
      1473               3417.2   -0.400788203704338
      1474               3417.3   -0.400686424890273
      1475               3417.4   -0.399971959608182
      1476               3417.5   -0.398710018565848
      1477               3417.6   -0.397221650695472
      1478               3417.7    -0.39592689892859
      1479               3417.8    -0.39513468329417
      1480               3417.9   -0.394970602715168
      1481                 3418   -0.395441611769299
      1482               3418.1   -0.396475146740143
      1483               3418.2   -0.397862171158831
      1484               3418.3    -0.39923464455952
      1485               3418.4   -0.400210279491937
      1486               3418.5   -0.400619977647017
      1487               3418.6    -0.40059581216914
      1488               3418.7   -0.400431839736709
      1489               3418.8   -0.400361830280636
      1490               3418.9   -0.400446374525113
      1491                 3419   -0.400607470170367
      1492               3419.1   -0.400709899274954
      1493               3419.2   -0.400608749883326
      1494               3419.3   -0.400178612392505
      1495               3419.4   -0.399363648713357
      1496               3419.5   -0.398225666532809
      1497               3419.6   -0.396929959776249
      1498               3419.7    -0.39566432516874
      1499               3419.8   -0.394560051078009
      1500               3419.9   -0.393669653534668
