     index            Field [G]         Intensity []

         1                 3270   -0.381000533876542
         2               3270.1   -0.381935708400392
         3               3270.2    -0.38283863941046
         4               3270.3   -0.383543601630171
         5               3270.4   -0.383866970415723
         6               3270.5   -0.383691023357537
         7               3270.6   -0.383036631741205
         8               3270.7   -0.382059990541497
         9               3270.8   -0.380972961933961
        10               3270.9   -0.379951365579486
        11                 3271   -0.379098959913199
        12               3271.1   -0.378484184838096
        13               3271.2    -0.37819494086595
        14               3271.3   -0.378335678173313
        15               3271.4   -0.378963078592874
        16               3271.5   -0.380034104455935
        17               3271.6   -0.381414132163813
        18               3271.7   -0.382913761297072
        19               3271.8   -0.384320119592397
        20               3271.9   -0.385442792420168
        21                 3272   -0.386179541179743
        22               3272.1   -0.386538840942022
        23               3272.2   -0.386577915418072
        24               3272.3   -0.386324006424147
        25               3272.4   -0.385774832509209
        26               3272.5   -0.384970737549968
        27               3272.6   -0.384044428243385
        28               3272.7   -0.383189740640819
        29               3272.8   -0.382577941043168
        30               3272.9   -0.382288106508727
        31                 3273   -0.382297750845555
        32               3273.1   -0.382532273111772
        33               3273.2   -0.382923828942198
        34               3273.3   -0.383426397996656
        35               3273.4   -0.383995716153249
        36               3273.5   -0.384594986033942
        37               3273.6   -0.385237350321245
        38               3273.7   -0.385985852958881
        39               3273.8   -0.386863724226551
        40               3273.9    -0.38777068245657
        41                 3274   -0.388531712073221
        42               3274.1   -0.389037677219354
        43               3274.2   -0.389305182268799
        44               3274.3   -0.389393363286254
        45               3274.4   -0.389309902674229
        46               3274.5   -0.389032326164894
        47               3274.6   -0.388588581320412
        48               3274.7    -0.38806099189807
        49               3274.8   -0.387502880338315
        50               3274.9   -0.386890265032739
        51                 3275   -0.386189278063365
        52               3275.1   -0.385473955558026
        53               3275.2    -0.38496090248551
        54               3275.3   -0.384896191953916
        55               3275.4   -0.385361237919189
        56               3275.5   -0.386156356899291
        57               3275.6    -0.38688829013858
        58               3275.7   -0.387220263613629
        59               3275.8   -0.387081516570274
        60               3275.9   -0.386663835160691
        61                 3276   -0.386239468773941
        62               3276.1   -0.385986365413577
        63               3276.2   -0.385947907072589
        64               3276.3   -0.386091716020818
        65               3276.4   -0.386361672087808
        66               3276.5   -0.386675795540833
        67               3276.6   -0.386901501242105
        68               3276.7   -0.386864684908781
        69               3276.8   -0.386426012805436
        70               3276.9   -0.385595998995431
        71                 3277   -0.384589637119927
        72               3277.1   -0.383735089268295
        73               3277.2   -0.383282189715766
        74               3277.3   -0.383265208011799
        75               3277.4   -0.383517641328816
        76               3277.5   -0.383790866133081
        77               3277.6   -0.383878406367944
        78               3277.7    -0.38371119858935
        79               3277.8    -0.38341969416599
        80               3277.9   -0.383306387095886
        81                 3278    -0.38367231104771
        82               3278.1   -0.384577498472237
        83               3278.2   -0.385737885706498
        84               3278.3   -0.386673130783504
        85               3278.4   -0.386985481484049
        86               3278.5   -0.386541508877114
        87               3278.6   -0.385463030169881
        88               3278.7   -0.384024432558261
        89               3278.8   -0.382577514912476
        90               3278.9   -0.381501888617056
        91                 3279   -0.381105695325823
        92               3279.1   -0.381480480170168
        93               3279.2   -0.382430530177177
        94               3279.3   -0.383572223130326
        95               3279.4   -0.384536600656006
        96               3279.5   -0.385111171924056
        97               3279.6    -0.38524882159142
        98               3279.7   -0.385013797003042
        99               3279.8   -0.384540075441311
       100               3279.9   -0.383989112930859
       101                 3280    -0.38347882643046
       102               3280.1   -0.383025795508007
       103               3280.2   -0.382568310600819
       104               3280.3   -0.382066731195749
       105               3280.4   -0.381591407931121
       106               3280.5   -0.381303398088828
       107               3280.6   -0.381327811484245
       108               3280.7   -0.381634606571081
       109               3280.8   -0.382047597196976
       110               3280.9   -0.382367780068363
       111                 3281   -0.382478445364624
       112               3281.1   -0.382353482479068
       113               3281.2   -0.382024629951908
       114               3281.3   -0.381571401029149
       115               3281.4   -0.381103215620258
       116               3281.5   -0.380705305795706
       117               3281.6   -0.380415483111071
       118               3281.7   -0.380287089000691
       119               3281.8   -0.380455522347452
       120               3281.9   -0.381077429513684
       121                 3282   -0.382151408730073
       122               3282.1   -0.383394919862306
       123               3282.2   -0.384346175960705
       124               3282.3    -0.38466120658647
       125               3282.4   -0.384363946673001
       126               3282.5   -0.383817051397721
       127               3282.6   -0.383439511008495
       128               3282.7   -0.383430593295498
       129               3282.8   -0.383714424184538
       130               3282.9   -0.384083137917493
       131                 3283   -0.384367686064499
       132               3283.1   -0.384516857794815
       133               3283.2   -0.384593935419237
       134               3283.3   -0.384745596576689
       135               3283.4   -0.385142894803609
       136               3283.5   -0.385870789629768
       137               3283.6   -0.386825777888066
       138               3283.7   -0.387737168821472
       139               3283.8   -0.388319857050623
       140               3283.9   -0.388423573564193
       141                 3284   -0.388074984823367
       142               3284.1   -0.387448904708914
       143               3284.2   -0.386827142190074
       144               3284.3   -0.386509607623645
       145               3284.4   -0.386642767415786
       146               3284.5   -0.387071377492478
       147               3284.6   -0.387386607913753
       148               3284.7    -0.38718883882386
       149               3284.8   -0.386363416621792
       150               3284.9   -0.385145887474107
       151                 3285   -0.383951687606503
       152               3285.1   -0.383133193300516
       153               3285.2   -0.382831696377479
       154               3285.3   -0.382975476108959
       155               3285.4    -0.38338165395911
       156               3285.5   -0.383887807058999
       157               3285.6   -0.384434977553237
       158               3285.7   -0.385048913484231
       159               3285.8   -0.385740069886647
       160               3285.9   -0.386416797120178
       161                 3286   -0.386894379013706
       162               3286.1   -0.386985166205722
       163               3286.2    -0.38658214924601
       164               3286.3   -0.385681725420394
       165               3286.4   -0.384372283705015
       166               3286.5   -0.382829572005619
       167               3286.6   -0.381302153508154
       168               3286.7   -0.380043029662872
       169               3286.8   -0.379198928584471
       170               3286.9   -0.378735476648012
       171                 3287    -0.37846625766733
       172               3287.1   -0.378172610098761
       173               3287.2    -0.37772696316425
       174               3287.3   -0.377133012736307
       175               3287.4    -0.37647351764149
       176               3287.5   -0.375836062051434
       177               3287.6   -0.375284342512716
       178               3287.7   -0.374874406278813
       179               3287.8   -0.374677799358554
       180               3287.9   -0.374790534378285
       181                 3288   -0.375314986410524
       182               3288.1   -0.376297918458499
       183               3288.2   -0.377651587905088
       184               3288.3   -0.379142261784083
       185               3288.4    -0.38049206948747
       186               3288.5   -0.381519019562513
       187               3288.6   -0.382186533915808
       188               3288.7   -0.382525454472951
       189               3288.8   -0.382527928477296
       190               3288.9   -0.382140413816814
       191                 3289   -0.381364698925263
       192               3289.1   -0.380337952875445
       193               3289.2   -0.379275818919272
       194               3289.3   -0.378329846171294
       195               3289.4   -0.377523822321377
       196               3289.5   -0.376834568938697
       197               3289.6   -0.376302846227741
       198               3289.7   -0.376042184586729
       199               3289.8   -0.376155681180627
       200               3289.9   -0.376655128952061
       201                 3290     -0.3774231062178
       202               3290.1    -0.37820936011065
       203               3290.2   -0.378687969347983
       204               3290.3   -0.378608017468047
       205               3290.4   -0.377972341875838
       206               3290.5   -0.377099693050103
       207               3290.6   -0.376494042073201
       208               3290.7   -0.376590296474524
       209               3290.8   -0.377524153913355
       210               3290.9   -0.379062555926743
       211                 3291   -0.380758273058707
       212               3291.1   -0.382240563488774
       213               3291.2   -0.383406676778911
       214               3291.3   -0.384346387808614
       215               3291.4   -0.385114813406888
       216               3291.5    -0.38562904117091
       217               3291.6   -0.385781581941272
       218               3291.7   -0.385592464712925
       219               3291.8   -0.385216969419239
       220               3291.9   -0.384833476721734
       221                 3292   -0.384543708345403
       222               3292.1   -0.384340257937767
       223               3292.2   -0.384114034392518
       224               3292.3   -0.383691184002425
       225               3292.4   -0.382917736784054
       226               3292.5   -0.381773555392525
       227               3292.6   -0.380446898261856
       228               3292.7     -0.3793081588311
       229               3292.8   -0.378774530479047
       230               3292.9   -0.379111619133959
       231                 3293   -0.380263137381114
       232               3293.1   -0.381822167293497
       233               3293.2   -0.383202934973683
       234               3293.3   -0.383933862749061
       235               3293.4   -0.383886350150293
       236               3293.5   -0.383296954975312
       237               3293.6   -0.382591346715227
       238               3293.7   -0.382134013230081
       239               3293.8   -0.382045454600097
       240               3293.9   -0.382182733892897
       241                 3294   -0.382290212577004
       242               3294.1   -0.382207521943296
       243               3294.2   -0.381964520353334
       244               3294.3   -0.381697076713639
       245               3294.4   -0.381502614549486
       246               3294.5   -0.381404101174567
       247               3294.6   -0.381438185658069
       248               3294.7   -0.381718990426868
       249               3294.8   -0.382358895781931
       250               3294.9   -0.383313478940472
       251                 3295   -0.384334785965552
       252               3295.1   -0.385119805554162
       253               3295.2   -0.385526670746375
       254               3295.3   -0.385636593698125
       255               3295.4   -0.385583794384869
       256               3295.5   -0.385322178221419
       257               3295.6   -0.384585918698899
       258               3295.7   -0.383118176180404
       259               3295.8   -0.380961926924864
       260               3295.9   -0.378529732646362
       261                 3296   -0.376386411728688
       262               3296.1   -0.374948690610387
       263               3296.2   -0.374338869988041
       264               3296.3    -0.37443226099645
       265               3296.4   -0.374970532208785
       266               3296.5   -0.375639726542025
       267               3296.6   -0.376130326012465
       268               3296.7    -0.37622946167367
       269               3296.8   -0.375925197931893
       270               3296.9   -0.375443214696504
       271                 3297   -0.375153754123008
       272               3297.1   -0.375360962636686
       273               3297.2   -0.376084115486161
       274               3297.3   -0.377004796941597
       275               3297.4   -0.377679837908303
       276               3297.5   -0.377888542443418
       277               3297.6   -0.377805289118472
       278               3297.7   -0.377816619558927
       279               3297.8   -0.378157841536252
       280               3297.9   -0.378728365051393
       281                 3298   -0.379228196257431
       282               3298.1   -0.379411248084728
       283               3298.2   -0.379198905720043
       284               3298.3   -0.378644578034233
       285               3298.4   -0.377902206189195
       286               3298.5   -0.377237058619841
       287               3298.6   -0.376971377041383
       288               3298.7   -0.377331703176311
       289               3298.8   -0.378328501105569
       290               3298.9   -0.379781932934412
       291                 3299   -0.381431061599537
       292               3299.1   -0.382988666202864
       293               3299.2   -0.384130303519246
       294               3299.3   -0.384538266362899
       295               3299.4    -0.38406125702672
       296               3299.5   -0.382874305860144
       297               3299.6   -0.381463631716275
       298               3299.7   -0.380397672945253
       299               3299.8   -0.380027287060702
       300               3299.9   -0.380313990390715
       301                 3300    -0.38089468285629
       302               3300.1   -0.381337113615681
       303               3300.2   -0.381415440281375
       304               3300.3    -0.38122453535536
       305               3300.4   -0.381078219556216
       306               3300.5   -0.381295182108182
       307               3300.6   -0.382026532012077
       308               3300.7   -0.383206467901216
       309               3300.8   -0.384610893224484
       310               3300.9   -0.385962889678125
       311                 3301   -0.387030882133071
       312               3301.1   -0.387694331770778
       313               3301.2   -0.387972651915322
       314               3301.3   -0.388013445926017
       315               3301.4   -0.388030265308781
       316               3301.5    -0.38819496794356
       317               3301.6   -0.388532480285642
       318               3301.7   -0.388895921127928
       319               3301.8   -0.389061357318281
       320               3301.9   -0.388886508484103
       321                 3302   -0.388419397949486
       322               3302.1   -0.387884529947084
       323               3302.2   -0.387569779339417
       324               3302.3   -0.387693610903932
       325               3302.4   -0.388315310117752
       326               3302.5   -0.389304980587561
       327               3302.6   -0.390369341054802
       328               3302.7    -0.39113302857734
       329               3302.8   -0.391265044369548
       330               3302.9   -0.390610271646143
       331                 3303   -0.389272391581152
       332               3303.1   -0.387610834644067
       333               3303.2   -0.386137109632936
       334               3303.3    -0.38532293433386
       335               3303.4   -0.385386131851351
       336               3303.5   -0.386171403038557
       337               3303.6   -0.387215196349704
       338               3303.7   -0.387966698465394
       339               3303.8   -0.388029863289393
       340               3303.9    -0.38729056300546
       341                 3304   -0.385885175646131
       342               3304.1   -0.384069723197333
       343               3304.2   -0.382100054962678
       344               3304.3   -0.380205048640184
       345               3304.4   -0.378632483586593
       346               3304.5   -0.377657937106114
       347               3304.6   -0.377487763031211
       348               3304.7   -0.378129661240081
       349               3304.8   -0.379364136512085
       350               3304.9   -0.380845150029169
       351                 3305   -0.382237449935393
       352               3305.1   -0.383303497636167
       353               3305.2   -0.383922951155075
       354               3305.3   -0.384060922070167
       355               3305.4   -0.383723042221723
       356               3305.5   -0.382964667635363
       357               3305.6   -0.381973668018567
       358               3305.7    -0.38111793802892
       359               3305.8   -0.380816128485476
       360               3305.9   -0.381261162273946
       361                 3306   -0.382228988450045
       362               3306.1   -0.383182225988286
       363               3306.2   -0.383624239145734
       364               3306.3   -0.383429788163152
       365               3306.4   -0.382890241864063
       366               3306.5   -0.382438115180564
       367               3306.6   -0.382267098265767
       368               3306.7   -0.382154066739012
       369               3306.8   -0.381637822603598
       370               3306.9   -0.380409901449758
       371                 3307   -0.378584339888465
       372               3307.1   -0.376631221263296
       373               3307.2   -0.375064189711754
       374               3307.3   -0.374147458583735
       375               3307.4   -0.373802245221522
       376               3307.5   -0.373713264475557
       377               3307.6   -0.373542608108309
       378               3307.7    -0.37313942087193
       379               3307.8   -0.372626953190826
       380               3307.9   -0.372296703228678
       381                 3308   -0.372378561530704
       382               3308.1   -0.372871838496833
       383               3308.2   -0.373570530237424
       384               3308.3   -0.374235661269824
       385               3308.4   -0.374748655179469
       386               3308.5   -0.375135775369181
       387               3308.6   -0.375499339141265
       388               3308.7    -0.37595447906098
       389               3308.8   -0.376597222317151
       390               3308.9   -0.377451026783599
       391                 3309   -0.378386277625426
       392               3309.1   -0.379107245760863
       393               3309.2   -0.379277118507246
       394               3309.3   -0.378708561131608
       395               3309.4   -0.377473246018226
       396               3309.5   -0.375863258769872
       397               3309.6   -0.374253365323569
       398               3309.7   -0.372955976989676
       399               3309.8   -0.372143587905356
       400               3309.9   -0.371865011691518
       401                 3310   -0.372105335000629
       402               3310.1   -0.372797902283721
       403               3310.2   -0.373766292799988
       404               3310.3   -0.374691742845809
       405               3310.4   -0.375205877996781
       406               3310.5   -0.375071990018833
       407               3310.6   -0.374306824724818
       408               3310.7    -0.37314736522309
       409               3310.8   -0.371908784588489
       410               3310.9   -0.370839727069816
       411                 3311     -0.3700303283179
       412               3311.1   -0.369385516240448
       413               3311.2   -0.368688572706913
       414               3311.3   -0.367753152253568
       415               3311.4   -0.366564364179837
       416               3311.5   -0.365279714174108
       417               3311.6   -0.364087901706595
       418               3311.7   -0.363069766983064
       419               3311.8   -0.362193444975849
       420               3311.9   -0.361431732897935
       421                 3312   -0.360873240276792
       422               3312.1   -0.360700273095538
       423               3312.2   -0.361017053678539
       424               3312.3   -0.361666319029199
       425               3312.4   -0.362231292716295
       426               3312.5   -0.362269200808798
       427               3312.6   -0.361581313174764
       428               3312.7   -0.360277404212741
       429               3312.8   -0.358610213734643
       430               3312.9   -0.356773755684833
       431                 3313   -0.354841893539506
       432               3313.1   -0.352850422393655
       433               3313.2   -0.350906596004096
       434               3313.3     -0.3492091504117
       435               3313.4    -0.34794008336904
       436               3313.5   -0.347116012196618
       437               3313.6    -0.34656258872946
       438               3313.7   -0.346061666918302
       439               3313.8   -0.345508133871442
       440               3313.9   -0.344902236457713
       441                 3314   -0.344239223909508
       442               3314.1   -0.343492332182155
       443               3314.2   -0.342710977967627
       444               3314.3   -0.342050164271577
       445               3314.4   -0.341626280994254
       446               3314.5   -0.341336735634634
       447               3314.6   -0.340851212849754
       448               3314.7    -0.33980858880635
       449               3314.8   -0.338050057703524
       450               3314.9   -0.335686771308348
       451                 3315   -0.332956421033989
       452               3315.1   -0.330020967334684
       453               3315.2   -0.326897588110487
       454               3315.3   -0.323545120468323
       455               3315.4   -0.319953782007306
       456               3315.5   -0.316132750107252
       457               3315.6   -0.312073368058946
       458               3315.7   -0.307799169905816
       459               3315.8   -0.303452181672924
       460               3315.9   -0.299274652895723
       461                 3316   -0.295475408765404
       462               3316.1   -0.292121117150233
       463               3316.2   -0.289145248396901
       464               3316.3   -0.286413720640713
       465               3316.4   -0.283755305382145
       466               3316.5   -0.280966070747975
       467               3316.6   -0.277846946246792
       468               3316.7    -0.27427037647094
       469               3316.8   -0.270224895924167
       470               3316.9   -0.265823965808574
       471                 3317   -0.261292396699223
       472               3317.1    -0.25690706152523
       473               3317.2   -0.252865704350873
       474               3317.3   -0.249144392671054
       475               3317.4   -0.245467723317556
       476               3317.5   -0.241446222805337
       477               3317.6   -0.236795093444193
       478               3317.7   -0.231482958105964
       479               3317.8   -0.225723896231489
       480               3317.9   -0.219851779592391
       481                 3318   -0.214189287376767
       482               3318.1   -0.208988675578868
       483               3318.2   -0.204431479690279
       484               3318.3   -0.200630835217794
       485               3318.4     -0.1976111827357
       486               3318.5    -0.19528785212147
       487               3318.6   -0.193481937216458
       488               3318.7   -0.191985332732628
       489               3318.8   -0.190657960998287
       490               3318.9    -0.18951057605077
       491                 3319   -0.188719884578404
       492               3319.1   -0.188553684120506
       493               3319.2   -0.189243832474908
       494               3319.3   -0.190888275334981
       495               3319.4   -0.193440643034481
       496               3319.5   -0.196769935718035
       497               3319.6   -0.200719899846354
       498               3319.7   -0.205118341859492
       499               3319.8    -0.20975079030214
       500               3319.9    -0.21435774803586
       501                 3320   -0.218700361548181
       502               3320.1   -0.222666024589547
       503               3320.2   -0.226317895949071
       504               3320.3   -0.229828516505654
       505               3320.4   -0.233368556381761
       506               3320.5   -0.237083941930902
       507               3320.6   -0.241177459934568
       508               3320.7     -0.2459465033414
       509               3320.8   -0.251643890101547
       510               3320.9   -0.258237858370691
       511                 3321   -0.265309717320427
       512               3321.1   -0.272233991088978
       513               3321.2   -0.278519593099534
       514               3321.3   -0.284041314241014
       515               3321.4   -0.289013168313089
       516               3321.5   -0.293791534604136
       517               3321.6   -0.298688314358275
       518               3321.7   -0.303874841983326
       519               3321.8   -0.309342122772503
       520               3321.9     -0.3148915147364
       521                 3322   -0.320195272907531
       522               3322.1   -0.324943007988862
       523               3322.2   -0.328985148719122
       524               3322.3   -0.332356658626706
       525               3322.4   -0.335183784476946
       526               3322.5   -0.337601805965161
       527               3322.6   -0.339775289669858
       528               3322.7   -0.341955535503911
       529               3322.8   -0.344439419470479
       530               3322.9   -0.347412308790266
       531                 3323   -0.350818077646136
       532               3323.1   -0.354391958370351
       533               3323.2   -0.357826137138551
       534               3323.3   -0.360920499449077
       535               3323.4   -0.363622679608939
       536               3323.5   -0.365983622259652
       537               3323.6   -0.368094844370823
       538               3323.7   -0.370025707167752
       539               3323.8   -0.371758706377675
       540               3323.9   -0.373168167118789
       541                 3324   -0.374095570430279
       542               3324.1   -0.374479438209631
       543               3324.2   -0.374423044419114
       544               3324.3   -0.374149700565175
       545               3324.4   -0.373907550456094
       546               3324.5   -0.373890776849526
       547               3324.6   -0.374181366609111
       548               3324.7   -0.374715753187752
       549               3324.8   -0.375322757245188
       550               3324.9   -0.375843097909698
       551                 3325   -0.376236910438028
       552               3325.1    -0.37656356263553
       553               3325.2   -0.376846354518902
       554               3325.3     -0.3769786281961
       555               3325.4   -0.376795394501163
       556               3325.5   -0.376234889355073
       557               3325.6   -0.375394804023918
       558               3325.7     -0.3744216111472
       559               3325.8    -0.37338499265872
       560               3325.9    -0.37228741406959
       561                 3326   -0.371162363618565
       562               3326.1   -0.370117206951287
       563               3326.2   -0.369285867628812
       564               3326.3   -0.368771878818632
       565               3326.4   -0.368631254488617
       566               3326.5   -0.368864446082034
       567               3326.6    -0.36938796836185
       568               3326.7   -0.370011687549283
       569               3326.8   -0.370470049868673
       570               3326.9   -0.370523280772409
       571                 3327   -0.370083279196775
       572               3327.1   -0.369273465902714
       573               3327.2   -0.368359038329793
       574               3327.3    -0.36758220743088
       575               3327.4   -0.367015929064006
       576               3327.5   -0.366533555620902
       577               3327.6   -0.365903359404282
       578               3327.7   -0.364935101648345
       579               3327.8   -0.363589884842257
       580               3327.9    -0.36201023972929
       581                 3328   -0.360472011754904
       582               3328.1   -0.359266901622392
       583               3328.2   -0.358546542692556
       584               3328.3   -0.358227150005378
       585               3328.4   -0.358062576538559
       586               3328.5   -0.357848286026933
       587               3328.6   -0.357556885940269
       588               3328.7   -0.357265301308758
       589               3328.8   -0.356985564397249
       590               3328.9   -0.356635503601392
       591                 3329   -0.356195808683369
       592               3329.1   -0.355828351712338
       593               3329.2   -0.355745542450534
       594               3329.3   -0.355931284521878
       595               3329.4   -0.356033812608389
       596               3329.5    -0.35559092895324
       597               3329.6   -0.354393052526542
       598               3329.7   -0.352650246546696
       599               3329.8   -0.350834984980682
       600               3329.9   -0.349368633335286
       601                 3330   -0.348417473400427
       602               3330.1   -0.347924427262331
       603               3330.2   -0.347787936741879
       604               3330.3   -0.347987902040799
       605               3330.4   -0.348530793748675
       606               3330.5   -0.349283568439849
       607               3330.6   -0.349908308096482
       608               3330.7   -0.350032920451613
       609               3330.8   -0.349545410846731
       610               3330.9   -0.348737648540787
       611                 3331   -0.348139108942892
       612               3331.1     -0.3481625521592
       613               3331.2   -0.348848972446446
       614               3331.3   -0.349903490129625
       615               3331.4   -0.350967568010995
       616               3331.5   -0.351898263672322
       617               3331.6   -0.352853115445656
       618               3331.7   -0.354151587201554
       619               3331.8   -0.356034097003331
       620               3331.9   -0.358476479577863
       621                 3332   -0.361176830775822
       622               3332.1   -0.363743650572485
       623               3332.2    -0.36597134380211
       624               3332.3   -0.367985196101792
       625               3332.4   -0.370131812825879
       626               3332.5    -0.37273071249268
       627               3332.6   -0.375909700548184
       628               3332.7   -0.379606086098283
       629               3332.8   -0.383649348105311
       630               3332.9   -0.387846077327748
       631                 3333   -0.392060196341228
       632               3333.1   -0.396264187167379
       633               3333.2   -0.400500674824084
       634               3333.3   -0.404764560790453
       635               3333.4   -0.408922104314973
       636               3333.5   -0.412765379828453
       637               3333.6   -0.416162473097948
       638               3333.7   -0.419166345110032
       639               3333.8   -0.421993375277013
       640               3333.9   -0.424910382629132
       641                 3334   -0.428135356476297
       642               3334.1   -0.431808307137603
       643               3334.2   -0.435998855517875
       644               3334.3   -0.440687172165676
       645               3334.4   -0.445708343954996
       646               3334.5   -0.450727080590753
       647               3334.6   -0.455324109989169
       648               3334.7   -0.459189216826215
       649               3334.8   -0.462294201996203
       650               3334.9   -0.464897934608879
       651                 3335    -0.46737059860619
       652               3335.1   -0.469985840412414
       653               3335.2   -0.472834877730341
       654               3335.3   -0.475871152467135
       655               3335.4   -0.478990607260818
       656               3335.5   -0.482094379237801
       657               3335.6    -0.48514640858287
       658               3335.7   -0.488204767727007
       659               3335.8   -0.491355447961265
       660               3335.9   -0.494551149207271
       661                 3336   -0.497498704693481
       662               3336.1   -0.499745530895349
       663               3336.2   -0.500927432958172
       664               3336.3   -0.500955139890723
       665               3336.4   -0.499968626812134
       666               3336.5   -0.498141754772773
       667               3336.6   -0.495576527111475
       668               3336.7   -0.492383740121615
       669               3336.8   -0.488781504445442
       670               3336.9   -0.485009406945283
       671                 3337   -0.481112799724068
       672               3337.1   -0.476856961618848
       673               3337.2   -0.471895902190511
       674               3337.3   -0.466016859789811
       675               3337.4   -0.459212739280025
       676               3337.5   -0.451576317650143
       677               3337.6   -0.443213748157159
       678               3337.7   -0.434274277806191
       679               3337.8   -0.424974282017918
       680               3337.9    -0.41549867949346
       681                 3338   -0.405876815837893
       682               3338.1   -0.396011916073936
       683               3338.2   -0.385846128892368
       684               3338.3   -0.375448088612425
       685               3338.4   -0.364914407560013
       686               3338.5   -0.354239730603599
       687               3338.6    -0.34335053260701
       688               3338.7   -0.332260523548915
       689               3338.8    -0.32113194254215
       690               3338.9   -0.310145164147831
       691                 3339   -0.299312628832906
       692               3339.1   -0.288435869449128
       693               3339.2   -0.277252599849853
       694               3339.3   -0.265633650503666
       695               3339.4   -0.253652313523718
       696               3339.5   -0.241489678077857
       697               3339.6   -0.229299118276137
       698               3339.7   -0.217151394168847
       699               3339.8    -0.20505087185222
       700               3339.9   -0.192949013673077
       701                 3340   -0.180747741669308
       702               3340.1   -0.168338996560379
       703               3340.2   -0.155671103812057
       704               3340.3   -0.142766999838029
       705               3340.4   -0.129663979460696
       706               3340.5   -0.116348882106409
       707               3340.6   -0.102779496838892
       708               3340.7  -0.0889768620074806
       709               3340.8  -0.0750757047336329
       710               3340.9   -0.061261319157597
       711                 3341  -0.0476522351831742
       712               3341.1  -0.0342440897446716
       713               3341.2  -0.0209532563605385
       714               3341.3 -0.00770179012620791
       715               3341.4  0.00552306248127593
       716               3341.5   0.0186492057244103
       717               3341.6   0.0315251965645446
       718               3341.7   0.0439446311504667
       719               3341.8   0.0556866360030775
       720               3341.9   0.0665559595033767
       721                 3342   0.0764039276020257
       722               3342.1   0.0851277528485371
       723               3342.2   0.0926554902092696
       724               3342.3   0.0989261584695885
       725               3342.4    0.103883646461018
       726               3342.5    0.107492499646866
       727               3342.6    0.109738263877153
       728               3342.7    0.110568537370668
       729               3342.8    0.109815004257249
       730               3342.9    0.107202774028069
       731                 3343    0.102473126236094
       732               3343.1    0.095501607530525
       733               3343.2   0.0862875239550696
       734               3343.3    0.074847552100514
       735               3343.4   0.0611647111879524
       736               3343.5   0.0452663238587384
       737               3343.6   0.0273237374461127
       738               3343.7  0.00761401430065746
       739               3343.8  -0.0136592911206651
       740               3343.9  -0.0365065851373729
       741                 3344  -0.0610934510107949
       742               3344.1  -0.0875202224552506
       743               3344.2   -0.115617196756659
       744               3344.3   -0.144886203843452
       745               3344.4   -0.174601837979495
       746               3344.5   -0.204028957960709
       747               3344.6   -0.232683889978487
       748               3344.7   -0.260507306700597
       749               3344.8   -0.287804665143782
       750               3344.9   -0.314941839055019
       751                 3345   -0.341983229990212
       752               3345.1   -0.368528186799621
       753               3345.2   -0.393852756988736
       754               3345.3   -0.417237780612374
       755               3345.4   -0.438267574116704
       756               3345.5   -0.456957893639989
       757               3345.6   -0.473692450990168
       758               3345.7   -0.489016356437411
       759               3345.8   -0.503372777185576
       760               3345.9   -0.516906009934414
       761                 3346   -0.529441134121131
       762               3346.1    -0.54064269472644
       763               3346.2   -0.550229873897252
       764               3346.3   -0.558117395116974
       765               3346.4   -0.564455447494341
       766               3346.5   -0.569603856243035
       767               3346.6   -0.574034451857004
       768               3346.7   -0.578148647319112
       769               3346.8   -0.582108158474449
       770               3346.9   -0.585842970698925
       771                 3347   -0.589254793762471
       772               3347.1   -0.592411848844974
       773               3347.2   -0.595523429790495
       774               3347.3   -0.598726897767403
       775               3347.4   -0.601924255350914
       776               3347.5   -0.604830785367573
       777               3347.6    -0.60716306727525
       778               3347.7   -0.608787268455948
       779               3347.8   -0.609743749867027
       780               3347.9   -0.610189353902196
       781                 3348   -0.610329050106006
       782               3348.1   -0.610377802532038
       783               3348.2   -0.610551242045401
       784               3348.3   -0.611040795893873
       785               3348.4   -0.611930759070412
       786               3348.5   -0.613093978836279
       787               3348.6    -0.61417539424668
       788               3348.7   -0.614728322761764
       789               3348.8   -0.614438436724324
       790               3348.9   -0.613289818783238
       791                 3349   -0.611566153923393
       792               3349.1   -0.609693943942634
       793               3349.2   -0.608035183100834
       794               3349.3   -0.606752854218714
       795               3349.4   -0.605795998319148
       796               3349.5   -0.604959787239505
       797               3349.6   -0.603960328140025
       798               3349.7   -0.602513485067959
       799               3349.8   -0.600426863925138
       800               3349.9   -0.597670539633567
       801                 3350   -0.594367238501748
       802               3350.1   -0.590700633769122
       803               3350.2   -0.586818661053621
       804               3350.3   -0.582809916865084
       805               3350.4   -0.578754835227228
       806               3350.5   -0.574778951384729
       807               3350.6   -0.571034474943086
       808               3350.7   -0.567618147171937
       809               3350.8   -0.564516287884568
       810               3350.9   -0.561640306189478
       811                 3351    -0.55889959053257
       812               3351.1   -0.556217385672805
       813               3351.2   -0.553491627923416
       814               3351.3   -0.550586648094067
       815               3351.4   -0.547390747733281
       816               3351.5   -0.543884758651935
       817               3351.6   -0.540170903151087
       818               3351.7    -0.53646565377695
       819               3351.8    -0.53305966919701
       820               3351.9   -0.530221956734987
       821                 3352   -0.528062938019299
       822               3352.1   -0.526444161826972
       823               3352.2   -0.525025363051682
       824               3352.3   -0.523444682853229
       825               3352.4   -0.521513412108145
       826               3352.5   -0.519278047368045
       827               3352.6   -0.516910888482358
       828               3352.7   -0.514555002848548
       829               3352.8   -0.512283831207633
       830               3352.9   -0.510174297558676
       831                 3353   -0.508339550081872
       832               3353.1   -0.506843321442299
       833               3353.2   -0.505611462886622
       834               3353.3   -0.504475856914729
       835               3353.4   -0.503312072906797
       836               3353.5   -0.502127725556644
       837               3353.6   -0.501039363417754
       838               3353.7   -0.500182338024462
       839               3353.8   -0.499610607041902
       840               3353.9   -0.499225405106205
       841                 3354   -0.498772713122362
       842               3354.1   -0.497923370754729
       843               3354.2    -0.49639439458408
       844               3354.3   -0.494049543130119
       845               3354.4   -0.490943209821206
       846               3354.5      -0.487302304679
       847               3354.6   -0.483462416968851
       848               3354.7   -0.479789364219743
       849               3354.8   -0.476607874546708
       850               3354.9   -0.474134173355033
       851                 3355   -0.472411158106676
       852               3355.1   -0.471273840150035
       853               3355.2   -0.470381713216138
       854               3355.3   -0.469329817887766
       855               3355.4     -0.4678128326864
       856               3355.5   -0.465769900698879
       857               3355.6   -0.463406414608361
       858               3355.7   -0.461048326903259
       859               3355.8   -0.458931563209309
       860               3355.9   -0.457101671635542
       861                 3356   -0.455481483157184
       862               3356.1   -0.453994515648858
       863               3356.2   -0.452620059602454
       864               3356.3    -0.45137719284994
       865               3356.4   -0.450296023142958
       866               3356.5   -0.449387349547147
       867               3356.6     -0.4485961070402
       868               3356.7   -0.447773364408018
       869               3356.8   -0.446723542527831
       870               3356.9   -0.445311534430906
       871                 3357   -0.443536097435609
       872               3357.1   -0.441500384900808
       873               3357.2   -0.439313968728893
       874               3357.3   -0.437025104648192
       875               3357.4   -0.434641332702667
       876               3357.5   -0.432203625555502
       877               3357.6   -0.429838575313457
       878               3357.7   -0.427753682447207
       879               3357.8   -0.426184369085125
       880               3357.9   -0.425297612141245
       881                 3358   -0.425072125296588
       882               3358.1   -0.425241780778048
       883               3358.2   -0.425394542590375
       884               3358.3    -0.42519355849485
       885               3358.4   -0.424562256108143
       886               3358.5   -0.423700895208324
       887               3358.6   -0.422939829567996
       888               3358.7   -0.422545238333797
       889               3358.8   -0.422599430108424
       890               3358.9   -0.422997253450907
       891                 3359   -0.423514520468513
       892               3359.1   -0.423891561930311
       893               3359.2   -0.423913886353827
       894               3359.3   -0.423478154168643
       895               3359.4   -0.422605530641802
       896               3359.5   -0.421385792483456
       897               3359.6   -0.419901248206694
       898               3359.7   -0.418192833844219
       899               3359.8   -0.416274725275719
       900               3359.9   -0.414170390856737
       901                 3360    -0.41196071390257
       902               3360.1   -0.409829955874518
       903               3360.2   -0.408058553630069
       904               3360.3   -0.406931466207205
       905               3360.4   -0.406613921974731
       906               3360.5   -0.407078390673378
       907               3360.6   -0.408108648250182
       908               3360.7   -0.409360609597199
       909               3360.8   -0.410470272528772
       910               3360.9   -0.411182214667903
       911                 3361   -0.411417424144112
       912               3361.1   -0.411230159559772
       913               3361.2    -0.41072322007544
       914               3361.3    -0.41001451554863
       915               3361.4   -0.409228643183218
       916               3361.5   -0.408439368175801
       917               3361.6   -0.407610460673187
       918               3361.7   -0.406652394449948
       919               3361.8   -0.405572754451766
       920               3361.9   -0.404547366472683
       921                 3362   -0.403814497517063
       922               3362.1   -0.403498982087476
       923               3362.2   -0.403537874588967
       924               3362.3   -0.403744019735304
       925               3362.4   -0.403903029935329
       926               3362.5   -0.403821260347194
       927               3362.6   -0.403358398293391
       928               3362.7   -0.402498778286078
       929               3362.8   -0.401413885450481
       930               3362.9   -0.400414762874577
       931                 3363   -0.399785442391702
       932               3363.1   -0.399613482814751
       933               3363.2   -0.399747738950237
       934               3363.3    -0.39991559303553
       935               3363.4   -0.399910860483097
       936               3363.5   -0.399706450689018
       937               3363.6   -0.399410963407168
       938               3363.7   -0.399137836962815
       939               3363.8   -0.398930014516642
       940               3363.9   -0.398785554189601
       941                 3364   -0.398695681275973
       942               3364.1   -0.398625000785003
       943               3364.2   -0.398484545237229
       944               3364.3   -0.398171727554139
       945               3364.4   -0.397649495676385
       946               3364.5   -0.396974356416686
       947               3364.6   -0.396242132449153
       948               3364.7   -0.395507608210868
       949               3364.8   -0.394749478061295
       950               3364.9   -0.393902560642526
       951                 3365   -0.392924168867062
       952               3365.1   -0.391841763964272
       953               3365.2   -0.390751166705364
       954               3365.3   -0.389771817244841
       955               3365.4   -0.388987462086039
       956               3365.5   -0.388409850282683
       957               3365.6   -0.388003039616689
       958               3365.7   -0.387764697056517
       959               3365.8   -0.387785214706163
       960               3365.9    -0.38819427004201
       961                 3366   -0.389012137358583
       962               3366.1   -0.390036710052488
       963               3366.2   -0.390877172745974
       964               3366.3   -0.391122674636966
       965               3366.4   -0.390545856736309
       966               3366.5   -0.389235500210992
       967               3366.6   -0.387584335801113
       968               3366.7   -0.386112428642547
       969               3366.8   -0.385200160082599
       970               3366.9   -0.384889203045171
       971                 3367   -0.384892282226967
       972               3367.1   -0.384817407692489
       973               3367.2   -0.384454525383474
       974               3367.3   -0.383915812310471
       975               3367.4   -0.383523050643222
       976               3367.5   -0.383530501952653
       977               3367.6   -0.383899856414647
       978               3367.7   -0.384296776508117
       979               3367.8   -0.384307773908763
       980               3367.9   -0.383722967502129
       981                 3368   -0.382691349967423
       982               3368.1   -0.381644415711108
       983               3368.2   -0.381047721908054
       984               3368.3   -0.381163649359346
       985               3368.4   -0.381984602751294
       986               3368.5   -0.383340571860864
       987               3368.6   -0.385042823458449
       988               3368.7   -0.386923911271388
       989               3368.8   -0.388764058986692
       990               3368.9   -0.390229182713378
       991                 3369   -0.390950498265583
       992               3369.1   -0.390729443892826
       993               3369.2   -0.389699943485671
       994               3369.3   -0.388294694531691
       995               3369.4   -0.387031051232871
       996               3369.5    -0.38627377021384
       997               3369.6   -0.386120522631875
       998               3369.7   -0.386436077572653
       999               3369.8   -0.386958518563214
      1000               3369.9   -0.387400097659337
      1001                 3370   -0.387537536929408
      1002               3370.1   -0.387312619588682
      1003               3370.2   -0.386893281417032
      1004               3370.3   -0.386601138823041
      1005               3370.4   -0.386716116295068
      1006               3370.5   -0.387316265025945
      1007               3370.6   -0.388285870452247
      1008               3370.7   -0.389437839760334
      1009               3370.8   -0.390597535759561
      1010               3370.9   -0.391606923202655
      1011                 3371   -0.392338581545108
      1012               3371.1   -0.392758383454541
      1013               3371.2   -0.392949755079813
      1014               3371.3   -0.393035462766347
      1015               3371.4   -0.393070933827533
      1016               3371.5   -0.393016407357896
      1017               3371.6   -0.392790706282606
      1018               3371.7   -0.392339708668264
      1019               3371.8   -0.391681268055844
      1020               3371.9   -0.390914845216274
      1021                 3372   -0.390177772015412
      1022               3372.1   -0.389560943043618
      1023               3372.2   -0.389051369463706
      1024               3372.3   -0.388555381903035
      1025               3372.4   -0.387977761106418
      1026               3372.5   -0.387288330388444
      1027               3372.6   -0.386538700303406
      1028               3372.7   -0.385840298478237
      1029               3372.8   -0.385323849761118
      1030               3372.9   -0.385079588384718
      1031                 3373   -0.385080518425807
      1032               3373.1   -0.385143225153246
      1033               3373.2   -0.385013787659453
      1034               3373.3    -0.38457798579618
      1035               3373.4   -0.384025158133905
      1036               3373.5   -0.383757160598433
      1037               3373.6   -0.384055970023305
      1038               3373.7   -0.384808678731813
      1039               3373.8   -0.385585594687171
      1040               3373.9   -0.386017542225166
      1041                 3374    -0.38609951166914
      1042               3374.1   -0.386138175543683
      1043               3374.2   -0.386446989400543
      1044               3374.3   -0.387111952509019
      1045               3374.4   -0.388000513983586
      1046               3374.5    -0.38892681414769
      1047               3374.6   -0.389806622305447
      1048               3374.7   -0.390706638360721
      1049               3374.8   -0.391769528158616
      1050               3374.9   -0.393065788973556
      1051                 3375   -0.394494648465192
      1052               3375.1   -0.395833627191037
      1053               3375.2    -0.39689172710514
      1054               3375.3   -0.397613312136928
      1055               3375.4   -0.398046113345894
      1056               3375.5   -0.398238833685593
      1057               3375.6   -0.398187497943557
      1058               3375.7   -0.397868856800673
      1059               3375.8   -0.397303634867047
      1060               3375.9   -0.396580676623234
      1061                 3376   -0.395826143957588
      1062               3376.1   -0.395149002241743
      1063               3376.2   -0.394605330639714
      1064               3376.3   -0.394212231746426
      1065               3376.4   -0.394010910615815
      1066               3376.5   -0.394126512972629
      1067               3376.6   -0.394743910322857
      1068               3376.7    -0.39597925509881
      1069               3376.8    -0.39775036228366
      1070               3376.9   -0.399789573286005
      1071                 3377   -0.401810138768769
      1072               3377.1   -0.403666472435323
      1073               3377.2   -0.405362659547407
      1074               3377.3    -0.40695017330039
      1075               3377.4   -0.408461308914184
      1076               3377.5   -0.409926397595202
      1077               3377.6   -0.411396195780313
      1078               3377.7   -0.412909956352331
      1079               3377.8   -0.414439701838165
      1080               3377.9    -0.41586311032676
      1081                 3378   -0.416989044135868
      1082               3378.1   -0.417643716802625
      1083               3378.2   -0.417788746412609
      1084               3378.3   -0.417578074338393
      1085               3378.4   -0.417274253711346
      1086               3378.5   -0.417073845547841
      1087               3378.6   -0.416995040364495
      1088               3378.7   -0.416925776941482
      1089               3378.8     -0.4167759009263
      1090               3378.9    -0.41658571738272
      1091                 3379   -0.416499390904239
      1092               3379.1   -0.416649895656166
      1093               3379.2   -0.417078702588139
      1094               3379.3   -0.417753869651369
      1095               3379.4   -0.418636857595663
      1096               3379.5   -0.419717933264154
      1097               3379.6   -0.421007433668475
      1098               3379.7   -0.422521507985873
      1099               3379.8   -0.424267954261574
      1100               3379.9   -0.426199592266381
      1101                 3380   -0.428150370346196
      1102               3380.1   -0.429835844742261
      1103               3380.2    -0.43095528271692
      1104               3380.3   -0.431318848287266
      1105               3380.4   -0.430908579680181
      1106               3380.5     -0.4298801754471
      1107               3380.6   -0.428553997602461
      1108               3380.7    -0.42736889345834
      1109               3380.8   -0.426740843749639
      1110               3380.9   -0.426878445605345
      1111                 3381   -0.427705810231827
      1112               3381.1   -0.428961822765182
      1113               3381.2   -0.430373649246148
      1114               3381.3   -0.431756230680992
      1115               3381.4   -0.432997869727699
      1116               3381.5   -0.434002382585655
      1117               3381.6   -0.434671814134127
      1118               3381.7   -0.434958198926004
      1119               3381.8   -0.434939974551221
      1120               3381.9   -0.434829137219592
      1121                 3382   -0.434845546514799
      1122               3382.1   -0.435018195473685
      1123               3382.2   -0.435083879615651
      1124               3382.3   -0.434609786112616
      1125               3382.4   -0.433279283221082
      1126               3382.5   -0.431136544097921
      1127               3382.6   -0.428623999287031
      1128               3382.7   -0.426395152609866
      1129               3382.8   -0.425001282725618
      1130               3382.9   -0.424606509337597
      1131                 3383    -0.42490264365045
      1132               3383.1   -0.425317015373945
      1133               3383.2   -0.425402603915986
      1134               3383.3   -0.425118928125269
      1135               3383.4   -0.424769435979687
      1136               3383.5   -0.424659812971496
      1137               3383.6   -0.424803033188863
      1138               3383.7   -0.424938394848585
      1139               3383.8   -0.424802503682759
      1140               3383.9   -0.424346057764962
      1141                 3384    -0.42368776654207
      1142               3384.1   -0.422896754407551
      1143               3384.2   -0.421854125052726
      1144               3384.3   -0.420327158430808
      1145               3384.4   -0.418172723166661
      1146               3384.5   -0.415493193173607
      1147               3384.6   -0.412633419761187
      1148               3384.7   -0.410028865968917
      1149               3384.8   -0.408006793343643
      1150               3384.9   -0.406663252026668
      1151                 3385   -0.405872785256608
      1152               3385.1   -0.405386351900693
      1153               3385.2   -0.404935553874249
      1154               3385.3   -0.404309558942235
      1155               3385.4    -0.40341708348323
      1156               3385.5   -0.402323378804621
      1157               3385.6   -0.401207833518286
      1158               3385.7     -0.4002160654189
      1159               3385.8   -0.399299638709172
      1160               3385.9   -0.398221991447652
      1161                 3386   -0.396794227980993
      1162               3386.1   -0.395137471885577
      1163               3386.2    -0.39366966065424
      1164               3386.3    -0.39278217422837
      1165               3386.4   -0.392526928125627
      1166               3386.5   -0.392631822959453
      1167               3386.6   -0.392797845943393
      1168               3386.7   -0.392949378916914
      1169               3386.8   -0.393209894643044
      1170               3386.9   -0.393682382848643
      1171                 3387    -0.39427634667277
      1172               3387.1   -0.394728422118433
      1173               3387.2   -0.394772585409719
      1174               3387.3   -0.394315631725608
      1175               3387.4   -0.393501189108702
      1176               3387.5   -0.392631110464331
      1177               3387.6   -0.391997403000265
      1178               3387.7   -0.391728587750674
      1179               3387.8   -0.391736457857486
      1180               3387.9   -0.391771484434227
      1181                 3388   -0.391535774418502
      1182               3388.1   -0.390806370905453
      1183               3388.2   -0.389537910119862
      1184               3388.3   -0.387901827449021
      1185               3388.4   -0.386226590603829
      1186               3388.5   -0.384866023953148
      1187               3388.6   -0.384079187939938
      1188               3388.7    -0.38398055663064
      1189               3388.8   -0.384542141553096
      1190               3388.9   -0.385601007196496
      1191                 3389   -0.386877240267293
      1192               3389.1   -0.388045470807187
      1193               3389.2   -0.388850603386138
      1194               3389.3   -0.389190346271021
      1195               3389.4   -0.389111669477597
      1196               3389.5    -0.38874217721066
      1197               3389.6   -0.388200203110298
      1198               3389.7   -0.387525582200332
      1199               3389.8   -0.386691598795827
      1200               3389.9   -0.385712853205509
      1201                 3390   -0.384732521675953
      1202               3390.1   -0.383950982857948
      1203               3390.2   -0.383448936182629
      1204               3390.3   -0.383118228717859
      1205               3390.4   -0.382793619942776
      1206               3390.5   -0.382428977982961
      1207               3390.6   -0.382117075902296
      1208               3390.7   -0.381955383756299
      1209               3390.8   -0.381936860662237
      1210               3390.9   -0.381988415894228
      1211                 3391   -0.382085922639575
      1212               3391.1    -0.38228953937307
      1213               3391.2   -0.382660895471824
      1214               3391.3   -0.383181596386788
      1215               3391.4   -0.383783115124774
      1216               3391.5   -0.384441072640991
      1217               3391.6   -0.385196701597031
      1218               3391.7   -0.386060936945284
      1219               3391.8   -0.386907260798026
      1220               3391.9   -0.387483688915901
      1221                 3392   -0.387552028175111
      1222               3392.1   -0.387036005110167
      1223               3392.2    -0.38606140648903
      1224               3392.3   -0.384883205735983
      1225               3392.4    -0.38378052944841
      1226               3392.5   -0.382979780376102
      1227               3392.6   -0.382605056026295
      1228               3392.7   -0.382642541086088
      1229               3392.8   -0.382932324515385
      1230               3392.9   -0.383216104113126
      1231                 3393   -0.383252358266491
      1232               3393.1    -0.38295488335709
      1233               3393.2   -0.382449466011401
      1234               3393.3   -0.381971974612222
      1235               3393.4   -0.381670129149452
      1236               3393.5   -0.381478626362118
      1237               3393.6   -0.381182601859721
      1238               3393.7   -0.380623316848387
      1239               3393.8   -0.379884899033573
      1240               3393.9    -0.37931361470964
      1241                 3394   -0.379340203523841
      1242               3394.1   -0.380216101329618
      1243               3394.2   -0.381835851970949
      1244               3394.3   -0.383760434572352
      1245               3394.4   -0.385429428374044
      1246               3394.5   -0.386436266814708
      1247               3394.6   -0.386700587788635
      1248               3394.7   -0.386435607700058
      1249               3394.8   -0.385955129937858
      1250               3394.9   -0.385490510399364
      1251                 3395   -0.385165986099082
      1252               3395.1   -0.385106878364109
      1253               3395.2   -0.385503263530404
      1254               3395.3   -0.386503538116087
      1255               3395.4    -0.38802197435983
      1256               3395.5    -0.38966805296363
      1257               3395.6   -0.390899452475486
      1258               3395.7   -0.391287712535523
      1259               3395.8   -0.390687288771249
      1260               3395.9   -0.389201671374081
      1261                 3396   -0.387039302822868
      1262               3396.1   -0.384442006355042
      1263               3396.2   -0.381740421676119
      1264               3396.3    -0.37939673278394
      1265               3396.4    -0.37789238121988
      1266               3396.5   -0.377509730117107
      1267               3396.6   -0.378182008438332
      1268               3396.7   -0.379511008065797
      1269               3396.8   -0.380922195827146
      1270               3396.9   -0.381887082111184
      1271                 3397    -0.38214302395454
      1272               3397.1   -0.381807159724282
      1273               3397.2    -0.38128743869515
      1274               3397.3   -0.381023268048885
      1275               3397.4   -0.381235975417731
      1276               3397.5   -0.381853228918553
      1277               3397.6   -0.382608638095201
      1278               3397.7   -0.383204327011329
      1279               3397.8   -0.383446311411573
      1280               3397.9   -0.383318681252943
      1281                 3398   -0.382978086266932
      1282               3398.1   -0.382665538283285
      1283               3398.2   -0.382572560946837
      1284               3398.3   -0.382727167930808
      1285               3398.4   -0.382966166398539
      1286               3398.5   -0.383032797760235
      1287               3398.6   -0.382759592893602
      1288               3398.7   -0.382200311651089
      1289               3398.8   -0.381587818777914
      1290               3398.9   -0.381157336277169
      1291                 3399   -0.381012085280264
      1292               3399.1   -0.381135834073154
      1293               3399.2   -0.381464792135202
      1294               3399.3    -0.38188393571243
      1295               3399.4   -0.382168731405378
      1296               3399.5   -0.382019332264658
      1297               3399.6    -0.38124184190368
      1298               3399.7   -0.379934504041794
      1299               3399.8    -0.37848934355342
      1300               3399.9   -0.377384988338121
      1301                 3400     -0.3769369515622
      1302               3400.1   -0.377195200686791
      1303               3400.2   -0.378035687950152
      1304               3400.3   -0.379323764435022
      1305               3400.4   -0.380976548723118
      1306               3400.5   -0.382873324959566
      1307               3400.6   -0.384749972516948
      1308               3400.7   -0.386248235679136
      1309               3400.8   -0.387109203160012
      1310               3400.9    -0.38732266294722
      1311                 3401   -0.387093411019363
      1312               3401.1   -0.386680633570809
      1313               3401.2   -0.386260890780901
      1314               3401.3   -0.385892338702499
      1315               3401.4   -0.385555588717978
      1316               3401.5   -0.385216612782576
      1317               3401.6   -0.384872159038891
      1318               3401.7    -0.38455500911698
      1319               3401.8   -0.384300724883765
      1320               3401.9   -0.384110723340226
      1321                 3402   -0.383951881595199
      1322               3402.1   -0.383787197663412
      1323               3402.2   -0.383585868681625
      1324               3402.3   -0.383292740516135
      1325               3402.4   -0.382820079782692
      1326               3402.5   -0.382125515441117
      1327               3402.6   -0.381322437862831
      1328               3402.7   -0.380690699294811
      1329               3402.8   -0.380542840120278
      1330               3402.9   -0.381048038428567
      1331                 3403   -0.382144684224851
      1332               3403.1   -0.383581221754317
      1333               3403.2   -0.385038096234127
      1334               3403.3   -0.386260322375421
      1335               3403.4    -0.38714472327979
      1336               3403.5   -0.387752446787556
      1337               3403.6   -0.388242724245185
      1338               3403.7   -0.388744907246843
      1339               3403.8    -0.38922869942301
      1340               3403.9   -0.389486533086016
      1341                 3404   -0.389298530077267
      1342               3404.1   -0.388665225452692
      1343               3404.2   -0.387867265782314
      1344               3404.3   -0.387264389182467
      1345               3404.4   -0.387032027186975
      1346               3404.5   -0.387087003532082
      1347               3404.6   -0.387221850251745
      1348               3404.7   -0.387270366218827
      1349               3404.8   -0.387168626087033
      1350               3404.9   -0.386920306782619
      1351                 3405   -0.386539676841307
      1352               3405.1   -0.386023432710578
      1353               3405.2   -0.385362544276894
      1354               3405.3    -0.38457603589575
      1355               3405.4   -0.383738000502878
      1356               3405.5   -0.382980839362044
      1357               3405.6   -0.382475400368615
      1358               3405.7   -0.382392265064167
      1359               3405.8   -0.382843193017347
      1360               3405.9   -0.383812333863033
      1361                 3406   -0.385117887222506
      1362               3406.1   -0.386457071528485
      1363               3406.2   -0.387540751259704
      1364               3406.3   -0.388246600073323
      1365               3406.4   -0.388689066058688
      1366               3406.5     -0.3891537984604
      1367               3406.6      -0.389926128395
      1368               3406.7   -0.391100600980871
      1369               3406.8   -0.392480942866125
      1370               3406.9    -0.39365708058148
      1371                 3407   -0.394240750388231
      1372               3407.1   -0.394094620800218
      1373               3407.2   -0.393365742890175
      1374               3407.3   -0.392311457800972
      1375               3407.4   -0.391102390263844
      1376               3407.5   -0.389774286210231
      1377               3407.6   -0.388322068186548
      1378               3407.7   -0.386812957359125
      1379               3407.8   -0.385422535317966
      1380               3407.9   -0.384371052700671
      1381                 3408   -0.383799187624983
      1382               3408.1   -0.383679121892225
      1383               3408.2   -0.383849103332312
      1384               3408.3   -0.384140549871745
      1385               3408.4   -0.384459983605578
      1386               3408.5   -0.384749630934872
      1387               3408.6   -0.384912507676399
      1388               3408.7    -0.38483402397098
      1389               3408.8   -0.384500279219588
      1390               3408.9   -0.384072267688637
      1391                 3409   -0.383803808305199
      1392               3409.1   -0.383861791907148
      1393               3409.2   -0.384219894290826
      1394               3409.3   -0.384718292175337
      1395               3409.4   -0.385209061312805
      1396               3409.5   -0.385637220352746
      1397               3409.6   -0.385997550061261
      1398               3409.7   -0.386240830232109
      1399               3409.8   -0.386248550858981
      1400               3409.9   -0.385919252298546
      1401                 3410   -0.385283287765359
      1402               3410.1   -0.384514128803263
      1403               3410.2   -0.383804912329706
      1404               3410.3   -0.383230858116479
      1405               3410.4   -0.382736465410681
      1406               3410.5   -0.382241152881745
      1407               3410.6   -0.381732090428032
      1408               3410.7   -0.381258601109118
      1409               3410.8   -0.380875734585972
      1410               3410.9   -0.380623396273862
      1411                 3411   -0.380540883792634
      1412               3411.1   -0.380644034317415
      1413               3411.2   -0.380844515326916
      1414               3411.3   -0.380908391018773
      1415               3411.4   -0.380570830375771
      1416               3411.5   -0.379773730062304
      1417               3411.6   -0.378812553127865
      1418               3411.7   -0.378200923519533
      1419               3411.8   -0.378323599378205
      1420               3411.9   -0.379180540302442
      1421                 3412   -0.380445075455037
      1422               3412.1   -0.381742467181905
      1423               3412.2   -0.382861442644239
      1424               3412.3    -0.38374500591853
      1425               3412.4   -0.384379529701736
      1426               3412.5   -0.384777545998962
      1427               3412.6    -0.38505628584037
      1428               3412.7   -0.385425035100178
      1429               3412.8   -0.385984761232124
      1430               3412.9   -0.386518340214742
      1431                 3413   -0.386543392034032
      1432               3413.1   -0.385653278581722
      1433               3413.2   -0.383857604407702
      1434               3413.3   -0.381619137729966
      1435               3413.4   -0.379579726731947
      1436               3413.5   -0.378230936667347
      1437               3413.6   -0.377752635499275
      1438               3413.7   -0.378030117683212
      1439               3413.8   -0.378751908915098
      1440               3413.9   -0.379542973025567
      1441                 3414   -0.380123256079082
      1442               3414.1   -0.380421047094427
      1443               3414.2   -0.380549743261515
      1444               3414.3   -0.380668042596833
      1445               3414.4   -0.380861361274417
      1446               3414.5   -0.381140231314395
      1447               3414.6   -0.381496657661886
      1448               3414.7   -0.381903595260597
      1449               3414.8   -0.382263102876654
      1450               3414.9   -0.382422929918785
      1451                 3415     -0.3823062956389
      1452               3415.1   -0.382029450451976
      1453               3415.2   -0.381856307391384
      1454               3415.3   -0.382002940794609
      1455               3415.4   -0.382461350646397
      1456               3415.5   -0.382995267847579
      1457               3415.6    -0.38330424528793
      1458               3415.7   -0.383210574214292
      1459               3415.8   -0.382724778690861
      1460               3415.9    -0.38198316199174
      1461                 3416   -0.381168150252161
      1462               3416.1   -0.380479281741389
      1463               3416.2   -0.380100170454428
      1464               3416.3   -0.380106727479846
      1465               3416.4   -0.380392286350051
      1466               3416.5   -0.380730630762833
      1467               3416.6   -0.380956447846389
      1468               3416.7   -0.381093768421723
      1469               3416.8   -0.381303078505761
      1470               3416.9   -0.381694973139935
      1471                 3417   -0.382178324745604
      1472               3417.1   -0.382479383852935
      1473               3417.2   -0.382328493288675
      1474               3417.3   -0.381663733086176
      1475               3417.4   -0.380670368832181
      1476               3417.5   -0.379624498555216
      1477               3417.6   -0.378705083654712
      1478               3417.7   -0.377950170837384
      1479               3417.8   -0.377346061021953
      1480               3417.9    -0.37689815547369
      1481                 3418   -0.376602366217936
      1482               3418.1    -0.37638735430895
      1483               3418.2   -0.376125787813134
      1484               3418.3   -0.375710608076453
      1485               3418.4   -0.375113610611065
      1486               3418.5   -0.374378405756118
      1487               3418.6   -0.373580025151559
      1488               3418.7   -0.372803726909128
      1489               3418.8   -0.372151814682667
      1490               3418.9   -0.371747144006553
      1491                 3419   -0.371699567864821
      1492               3419.1   -0.372031299664403
      1493               3419.2   -0.372609833564983
      1494               3419.3   -0.373172561936166
      1495               3419.4   -0.373476368688784
      1496               3419.5   -0.373472478620218
      1497               3419.6   -0.373336814448525
      1498               3419.7   -0.373318079655361
      1499               3419.8   -0.373563420009526
      1500               3419.9   -0.374070385801116
