     index            Field [G]         Intensity []

         1                 3270   -0.384881927628729
         2               3270.1   -0.385792501714163
         3               3270.2    -0.38684773096074
         4               3270.3   -0.388046331324654
         5               3270.4    -0.38933626222241
         6               3270.5   -0.390579739809315
         7               3270.6     -0.3915697211352
         8               3270.7   -0.392100385427954
         9               3270.8   -0.392028932455332
        10               3270.9   -0.391295680504041
        11                 3271   -0.389941145209052
        12               3271.1   -0.388137823937262
        13               3271.2   -0.386181406437894
        14               3271.3   -0.384400938271298
        15               3271.4    -0.38304190005409
        16               3271.5   -0.382210145483763
        17               3271.6   -0.381891249218657
        18               3271.7   -0.381985647034045
        19               3271.8   -0.382320614238433
        20               3271.9   -0.382673575346103
        21                 3272   -0.382852056083217
        22               3272.1   -0.382794408964645
        23               3272.2   -0.382593888904936
        24               3272.3    -0.38241350255806
        25               3272.4   -0.382379789377674
        26               3272.5   -0.382549120780734
        27               3272.6   -0.382919013192211
        28               3272.7   -0.383401859400867
        29               3272.8   -0.383791842250167
        30               3272.9   -0.383853182153421
        31                 3273   -0.383528959714266
        32               3273.1   -0.383052661295985
        33               3273.2   -0.382790040601219
        34               3273.3   -0.382961584183879
        35               3273.4   -0.383556848308713
        36               3273.5   -0.384485701548191
        37               3273.6   -0.385687285419781
        38               3273.7   -0.387022522394442
        39               3273.8   -0.388151347847968
        40               3273.9   -0.388660283263735
        41                 3274    -0.38835497956592
        42               3274.1   -0.387388974003124
        43               3274.2   -0.386102087355035
        44               3274.3   -0.384772933946737
        45               3274.4   -0.383517850109713
        46               3274.5   -0.382350235910778
        47               3274.6   -0.381282581592452
        48               3274.7   -0.380391898137121
        49               3274.8   -0.379818003961207
        50               3274.9   -0.379673744198909
        51                 3275   -0.379908496908456
        52               3275.1   -0.380255785324305
        53               3275.2   -0.380360170529787
        54               3275.3   -0.380006886157544
        55               3275.4   -0.379264359673278
        56               3275.5   -0.378430796981286
        57               3275.6   -0.377848791780824
        58               3275.7   -0.377729718100687
        59               3275.8   -0.378076092935894
        60               3275.9   -0.378713451840372
        61                 3276   -0.379409805457245
        62               3276.1   -0.380027689724668
        63               3276.2    -0.38060473861445
        64               3276.3   -0.381281831826733
        65               3276.4    -0.38213511293135
        66               3276.5    -0.38307917834153
        67               3276.6   -0.383934147904628
        68               3276.7   -0.384566131452603
        69               3276.8   -0.384951617241564
        70               3276.9   -0.385136001906072
        71                 3277   -0.385165797525359
        72               3277.1   -0.385046403677683
        73               3277.2   -0.384719476617646
        74               3277.3   -0.384081916534114
        75               3277.4   -0.383096458492734
        76               3277.5   -0.381946205040977
        77               3277.6   -0.381055720120423
        78               3277.7   -0.380861665702707
        79               3277.8   -0.381472849095359
        80               3277.9   -0.382525025726434
        81                 3278   -0.383387661161028
        82               3278.1   -0.383568907035811
        83               3278.2   -0.383015793365798
        84               3278.3   -0.382117618769777
        85               3278.4   -0.381434961215598
        86               3278.5   -0.381340494268714
        87               3278.6   -0.381807735569013
        88               3278.7   -0.382483241403399
        89               3278.8   -0.382968228945775
        90               3278.9   -0.383083217268192
        91                 3279   -0.382927501783111
        92               3279.1   -0.382724939506191
        93               3279.2   -0.382610701441536
        94               3279.3   -0.382542775518977
        95               3279.4   -0.382400467957207
        96               3279.5   -0.382155663712993
        97               3279.6   -0.381935826057413
        98               3279.7    -0.38192026256251
        99               3279.8   -0.382194765433801
       100               3279.9   -0.382720460497803
       101                 3280    -0.38342062654734
       102               3280.1   -0.384255470774676
       103               3280.2   -0.385196826848858
       104               3280.3   -0.386146726645812
       105               3280.4   -0.386900781980345
       106               3280.5   -0.387214170458733
       107               3280.6   -0.386946174006776
       108               3280.7   -0.386180497094642
       109               3280.8    -0.38520906079337
       110               3280.9   -0.384378324918379
       111                 3281   -0.383925774408412
       112               3281.1   -0.383921844054388
       113               3281.2   -0.384313026679752
       114               3281.3   -0.384997874755876
       115               3281.4   -0.385888782082113
       116               3281.5   -0.386930035440112
       117               3281.6   -0.388052868208003
       118               3281.7   -0.389106429800648
       119               3281.8   -0.389855475808161
       120               3281.9   -0.390079027844647
       121                 3282   -0.389689165913091
       122               3282.1   -0.388771449918361
       123               3282.2   -0.387545952553509
       124               3282.3    -0.38631158208102
       125               3282.4   -0.385391910787431
       126               3282.5   -0.385053831060089
       127               3282.6   -0.385409870727358
       128               3282.7   -0.386366829812388
       129               3282.8   -0.387659303960152
       130               3282.9   -0.388952745928828
       131                 3283    -0.38997908068751
       132               3283.1   -0.390643287359954
       133               3283.2   -0.391012832300814
       134               3283.3   -0.391173950863261
       135               3283.4   -0.391091686399714
       136               3283.5   -0.390636347505046
       137               3283.6   -0.389755493923022
       138               3283.7   -0.388600376988536
       139               3283.8   -0.387474397666175
       140               3283.9   -0.386663640194937
       141                 3284   -0.386301752189289
       142               3284.1   -0.386353487447238
       143               3284.2   -0.386686002203551
       144               3284.3    -0.38713864303668
       145               3284.4   -0.387535007035832
       146               3284.5   -0.387675254039051
       147               3284.6   -0.387390823174966
       148               3284.7    -0.38665474516458
       149               3284.8   -0.385630060720502
       150               3284.9   -0.384588791233167
       151                 3285   -0.383789294991771
       152               3285.1   -0.383424240826121
       153               3285.2   -0.383613370659046
       154               3285.3   -0.384344289952852
       155               3285.4   -0.385376734551322
       156               3285.5   -0.386248431267761
       157               3285.6   -0.386463482949492
       158               3285.7   -0.385761676792366
       159               3285.8   -0.384270285354822
       160               3285.9   -0.382434184485806
       161                 3286   -0.380795157654088
       162               3286.1   -0.379768555906758
       163               3286.2   -0.379513045791957
       164               3286.3   -0.379920656114633
       165               3286.4   -0.380727655325559
       166               3286.5   -0.381700068535743
       167               3286.6   -0.382774732396384
       168               3286.7   -0.384050221332217
       169               3286.8   -0.385647236395949
       170               3286.9   -0.387549784347679
       171                 3287   -0.389514022633022
       172               3287.1    -0.39108931670801
       173               3287.2   -0.391791057095586
       174               3287.3   -0.391394586969357
       175               3287.4   -0.390162498533786
       176               3287.5   -0.388769308634672
       177               3287.6   -0.387899432222821
       178               3287.7   -0.387805167825156
       179               3287.8   -0.388186516526958
       180               3287.9   -0.388476021680851
       181                 3288   -0.388248651473492
       182               3288.1   -0.387408936039735
       183               3288.2   -0.386088962568207
       184               3288.3   -0.384481355619134
       185               3288.4   -0.382810552506932
       186               3288.5   -0.381393144240023
       187               3288.6    -0.38059818843699
       188               3288.7   -0.380651434572589
       189               3288.8   -0.381440323716477
       190               3288.9    -0.38250967513528
       191                 3289    -0.38327902970085
       192               3289.1   -0.383346939396292
       193               3289.2   -0.382699746470755
       194               3289.3    -0.38170031888377
       195               3289.4   -0.380860382883961
       196               3289.5   -0.380552262164414
       197               3289.6    -0.38086201723452
       198               3289.7   -0.381640398655126
       199               3289.8   -0.382626186189096
       200               3289.9   -0.383525970984534
       201                 3290   -0.384077562684304
       202               3290.1    -0.38414707857096
       203               3290.2   -0.383792057770983
       204               3290.3    -0.38319730362342
       205               3290.4   -0.382527022222096
       206               3290.5   -0.381834210799015
       207               3290.6   -0.381094092652178
       208               3290.7   -0.380298199237674
       209               3290.8   -0.379509068415774
       210               3290.9   -0.378832376657133
       211                 3291   -0.378336963881417
       212               3291.1   -0.377995930572166
       213               3291.2   -0.377708382425706
       214               3291.3   -0.377388005468664
       215               3291.4   -0.377035030559684
       216               3291.5   -0.376728436478496
       217               3291.6   -0.376565851733507
       218               3291.7    -0.37661856688526
       219               3291.8   -0.376913691384619
       220               3291.9   -0.377408383719063
       221                 3292   -0.377962462719019
       222               3292.1   -0.378368077258639
       223               3292.2   -0.378454799070969
       224               3292.3   -0.378198240680215
       225               3292.4   -0.377743688095222
       226               3292.5   -0.377335205048955
       227               3292.6   -0.377212509979903
       228               3292.7   -0.377526720891318
       229               3292.8   -0.378284282918175
       230               3292.9   -0.379336778348136
       231                 3293   -0.380453439930962
       232               3293.1   -0.381453718406064
       233               3293.2   -0.382290390952405
       234               3293.3   -0.383002596340269
       235               3293.4   -0.383598436921193
       236               3293.5    -0.38400705593045
       237               3293.6   -0.384157827108329
       238               3293.7   -0.384092823776352
       239               3293.8   -0.383969833156947
       240               3293.9   -0.383930965242426
       241                 3294   -0.383971977172993
       242               3294.1   -0.383957138558446
       243               3294.2   -0.383761886529254
       244               3294.3   -0.383386475987254
       245               3294.4   -0.382931204293269
       246               3294.5   -0.382484655546187
       247               3294.6   -0.382055895911811
       248               3294.7   -0.381603200891282
       249               3294.8    -0.38109024635209
       250               3294.9   -0.380494060633248
       251                 3295    -0.37979384291662
       252               3295.1   -0.379012016370664
       253               3295.2   -0.378270456989094
       254               3295.3   -0.377735201545384
       255               3295.4   -0.377441988471942
       256               3295.5   -0.377196910196764
       257               3295.6   -0.376720428100639
       258               3295.7    -0.37592502399678
       259               3295.8   -0.375035968438036
       260               3295.9   -0.374424809531712
       261                 3296   -0.374327600775101
       262               3296.1   -0.374710904424937
       263               3296.2   -0.375367544180691
       264               3296.3   -0.376107246389525
       265               3296.4   -0.376862785983113
       266               3296.5    -0.37765178911025
       267               3296.6   -0.378471482841402
       268               3296.7   -0.379237154987065
       269               3296.8   -0.379804278853355
       270               3296.9   -0.380035760634001
       271                 3297   -0.379866076027567
       272               3297.1   -0.379345922752732
       273               3297.2   -0.378654495988418
       274               3297.3   -0.378045601982025
       275               3297.4   -0.377718767825736
       276               3297.5   -0.377690889829849
       277               3297.6   -0.377792085865183
       278               3297.7   -0.377824559851699
       279               3297.8   -0.377754409899055
       280               3297.9   -0.377738860656588
       281                 3298   -0.377943456149243
       282               3298.1   -0.378341398361819
       283               3298.2   -0.378727390031488
       284               3298.3   -0.378935236094179
       285               3298.4   -0.379000069227621
       286               3298.5   -0.379077484973243
       287               3298.6   -0.379244068692706
       288               3298.7   -0.379442952585937
       289               3298.8   -0.379621097261954
       290               3298.9   -0.379841775613899
       291                 3299   -0.380206771640375
       292               3299.1   -0.380696416398939
       293               3299.2   -0.381144787312371
       294               3299.3   -0.381383693535107
       295               3299.4   -0.381388462343961
       296               3299.5   -0.381293750562236
       297               3299.6   -0.381308819536254
       298               3299.7   -0.381607229031564
       299               3299.8   -0.382208077359679
       300               3299.9   -0.382884122023954
       301                 3300   -0.383208389192505
       302               3300.1   -0.382793589936626
       303               3300.2   -0.381586239988559
       304               3300.3   -0.379982882919366
       305               3300.4   -0.378661619014477
       306               3300.5   -0.378231942234797
       307               3300.6   -0.378918388998304
       308               3300.7   -0.380455046244151
       309               3300.8   -0.382228956339385
       310               3300.9   -0.383572659664827
       311                 3301   -0.384056311510152
       312               3301.1   -0.383656147312799
       313               3301.2    -0.38272098405619
       314               3301.3   -0.381740385753724
       315               3301.4   -0.381057735614053
       316               3301.5   -0.380741721752636
       317               3301.6   -0.380690032741989
       318               3301.7   -0.380806357708958
       319               3301.8   -0.381049389529583
       320               3301.9   -0.381350919347029
       321                 3302    -0.38156500518347
       322               3302.1   -0.381532872467664
       323               3302.2    -0.38117279573002
       324               3302.3   -0.380488107200843
       325               3302.4    -0.37952229451886
       326               3302.5   -0.378351895358714
       327               3302.6   -0.377112816769629
       328               3302.7   -0.375979470166992
       329               3302.8   -0.375096013731818
       330               3302.9   -0.374557918624414
       331                 3303   -0.374470749678079
       332               3303.1   -0.374968434654664
       333               3303.2   -0.376107057960503
       334               3303.3   -0.377743762996872
       335               3303.4   -0.379571992654267
       336               3303.5   -0.381304503607749
       337               3303.6   -0.382819916736745
       338               3303.7   -0.384141589689808
       339               3303.8   -0.385302324685602
       340               3303.9   -0.386244125536122
       341                 3304   -0.386851325245185
       342               3304.1   -0.387092212982891
       343               3304.2   -0.387131814582507
       344               3304.3   -0.387275793643316
       345               3304.4   -0.387760569071983
       346               3304.5   -0.388572337571496
       347               3304.6   -0.389450099129888
       348               3304.7    -0.39004086683272
       349               3304.8   -0.390067557242985
       350               3304.9   -0.389430224261525
       351                 3305   -0.388241179834062
       352               3305.1   -0.386787857163458
       353               3305.2   -0.385406079868589
       354               3305.3   -0.384312932157304
       355               3305.4   -0.383514535535838
       356               3305.5     -0.3828568517514
       357               3305.6   -0.382162720109303
       358               3305.7   -0.381334342838739
       359               3305.8    -0.38035917172996
       360               3305.9   -0.379266538305135
       361                 3306   -0.378125920835976
       362               3306.1   -0.377099873955345
       363               3306.2   -0.376441427819373
       364               3306.3   -0.376333061495282
       365               3306.4   -0.376661374369237
       366               3306.5   -0.376983616332399
       367               3306.6   -0.376803510983186
       368               3306.7    -0.37594197208922
       369               3306.8   -0.374666439289572
       370               3306.9   -0.373483412361391
       371                 3307    -0.37279986074279
       372               3307.1   -0.372703576485568
       373               3307.2   -0.372956533637563
       374               3307.3   -0.373162884875691
       375               3307.4    -0.37301014096315
       376               3307.5    -0.37243701155837
       377               3307.6   -0.371618237388035
       378               3307.7   -0.370813932617177
       379               3307.8   -0.370240156528172
       380               3307.9   -0.370034986688891
       381                 3308    -0.37025743256347
       382               3308.1   -0.370863891373656
       383               3308.2   -0.371705107986532
       384               3308.3   -0.372593609998255
       385               3308.4   -0.373394787569523
       386               3308.5   -0.374045003306619
       387               3308.6   -0.374480946891356
       388               3308.7    -0.37458063434642
       389               3308.8   -0.374213139506153
       390               3308.9   -0.373360246483003
       391                 3309   -0.372174707355646
       392               3309.1   -0.370905350984008
       393               3309.2   -0.369763262504412
       394               3309.3   -0.368849967631354
       395               3309.4   -0.368184885104832
       396               3309.5   -0.367771090735655
       397               3309.6   -0.367620958175254
       398               3309.7   -0.367720663288708
       399               3309.8   -0.367982086372732
       400               3309.9    -0.36824506894992
       401                 3310   -0.368333071470563
       402               3310.1   -0.368102831652278
       403               3310.2   -0.367453974508776
       404               3310.3    -0.36634382563982
       405               3310.4   -0.364851961642376
       406               3310.5   -0.363234836291485
       407               3310.6   -0.361860214050759
       408               3310.7   -0.361022824510383
       409               3310.8    -0.36078816653957
       410               3310.9   -0.360997006464702
       411                 3311   -0.361409173985776
       412               3311.1   -0.361860674864096
       413               3311.2   -0.362337164555827
       414               3311.3   -0.362941557937085
       415               3311.4   -0.363777522278322
       416               3311.5   -0.364807949823513
       417               3311.6   -0.365788645677849
       418               3311.7   -0.366356645359774
       419               3311.8    -0.36623978504006
       420               3311.9   -0.365440813405093
       421                 3312   -0.364255794112598
       422               3312.1   -0.363116836961272
       423               3312.2   -0.362380160664157
       424               3312.3   -0.362195223188762
       425               3312.4   -0.362500120540865
       426               3312.5    -0.36309848848789
       427               3312.6   -0.363750368633662
       428               3312.7   -0.364232417806546
       429               3312.8   -0.364354127097377
       430               3312.9   -0.363949347730878
       431                 3313   -0.362886413167748
       432               3313.1   -0.361128120943998
       433               3313.2   -0.358817528132878
       434               3313.3    -0.35630725473866
       435               3313.4   -0.354058818673958
       436               3313.5   -0.352441885518578
       437               3313.6   -0.351571382387229
       438               3313.7   -0.351296927248885
       439               3313.8   -0.351316218426641
       440               3313.9   -0.351297644373738
       441                 3314   -0.350957465661006
       442               3314.1   -0.350119776840686
       443               3314.2   -0.348765682728562
       444               3314.3   -0.347019642593943
       445               3314.4   -0.345058785830345
       446               3314.5   -0.343029933180583
       447               3314.6   -0.341056986061374
       448               3314.7   -0.339291815851657
       449               3314.8   -0.337886833066525
       450               3314.9   -0.336872220870508
       451                 3315   -0.336066606338093
       452               3315.1   -0.335131898053173
       453               3315.2   -0.333732876909047
       454               3315.3   -0.331682467086071
       455               3315.4   -0.329013274418412
       456               3315.5   -0.325985111307824
       457               3315.6   -0.323020862031363
       458               3315.7   -0.320541349976279
       459               3315.8   -0.318746615941134
       460               3315.9   -0.317490495646271
       461                 3316   -0.316357801131793
       462               3316.1   -0.314889288475781
       463               3316.2   -0.312789798724979
       464               3316.3   -0.310000554151598
       465               3316.4   -0.306639145207293
       466               3316.5   -0.302892840412518
       467               3316.6   -0.298945696491428
       468               3316.7   -0.294949853417238
       469               3316.8   -0.290994606578885
       470               3316.9   -0.287055648391399
       471                 3317    -0.28298283958806
       472               3317.1    -0.27858873420659
       473               3317.2   -0.273798812717648
       474               3317.3   -0.268733384702565
       475               3317.4   -0.263635762821896
       476               3317.5   -0.258712902231539
       477               3317.6   -0.254041338605806
       478               3317.7   -0.249600486075535
       479               3317.8   -0.245339815852365
       480               3317.9   -0.241174474256482
       481                 3318   -0.236946846519862
       482               3318.1   -0.232477079922467
       483               3318.2   -0.227719810771285
       484               3318.3    -0.22288206131836
       485               3318.4   -0.218355156943876
       486               3318.5   -0.214487618710631
       487               3318.6   -0.211382808069655
       488               3318.7      -0.208879071516
       489               3318.8    -0.20669843774131
       490               3318.9   -0.204610353673652
       491                 3319   -0.202480296360265
       492               3319.1   -0.200221577101275
       493               3319.2   -0.197773206244809
       494               3319.3   -0.195166008118012
       495               3319.4   -0.192593714650056
       496               3319.5   -0.190368011053041
       497               3319.6   -0.188757503696083
       498               3319.7   -0.187838974488101
       499               3319.8   -0.187482479871733
       500               3319.9   -0.187475525725844
       501                 3320   -0.187683385312775
       502               3320.1   -0.188120193834073
       503               3320.2   -0.188880299262494
       504               3320.3   -0.190006560936132
       505               3320.4    -0.19143877022162
       506               3320.5   -0.193092444648912
       507               3320.6   -0.194953200827583
       508               3320.7   -0.197061559607949
       509               3320.8   -0.199438368984923
       510               3320.9   -0.202096627765722
       511                 3321   -0.205142351741168
       512               3321.1   -0.208804399479853
       513               3321.2   -0.213303536898722
       514               3321.3   -0.218674751089648
       515               3321.4   -0.224722122068965
       516               3321.5    -0.23114903284132
       517               3321.6   -0.237736088465144
       518               3321.7   -0.244405151743172
       519               3321.8     -0.2511331881553
       520               3321.9   -0.257834510293803
       521                 3322   -0.264349852605857
       522               3322.1   -0.270546175538777
       523               3322.2   -0.276403396878399
       524               3322.3   -0.281988973231699
       525               3322.4   -0.287353051596423
       526               3322.5   -0.292456950048968
       527               3322.6    -0.29720221214328
       528               3322.7   -0.301526269946239
       529               3322.8   -0.305478223772647
       530               3322.9   -0.309214097914015
       531                 3323     -0.3129134558784
       532               3323.1   -0.316673737315904
       533               3323.2   -0.320461123825127
       534               3323.3   -0.324161204392145
       535               3323.4   -0.327682903105689
       536               3323.5    -0.33101276514339
       537               3323.6      -0.334178821405
       538               3323.7   -0.337193807869003
       539               3323.8   -0.340052888540498
       540               3323.9   -0.342762023205832
       541                 3324   -0.345329515822079
       542               3324.1   -0.347726401128887
       543               3324.2   -0.349883082311167
       544               3324.3    -0.35174048430992
       545               3324.4   -0.353298188926772
       546               3324.5   -0.354616395844437
       547               3324.6   -0.355792520331834
       548               3324.7   -0.356934963888322
       549               3324.8   -0.358115683752847
       550               3324.9   -0.359307222071883
       551                 3325   -0.360375828355445
       552               3325.1   -0.361173126035068
       553               3325.2   -0.361650072499591
       554               3325.3   -0.361883659187536
       555               3325.4   -0.362011110863573
       556               3325.5   -0.362148721970272
       557               3325.6   -0.362342664441285
       558               3325.7   -0.362558321298172
       559               3325.8   -0.362721277549381
       560               3325.9   -0.362799255141903
       561                 3326   -0.362853741193975
       562               3326.1   -0.363003094866663
       563               3326.2   -0.363334928513631
       564               3326.3   -0.363851793466371
       565               3326.4   -0.364474099633609
       566               3326.5   -0.365061871421727
       567               3326.6   -0.365440064923395
       568               3326.7   -0.365457793363413
       569               3326.8   -0.365078029510088
       570               3326.9   -0.364416187803159
       571                 3327   -0.363656645271691
       572               3327.1   -0.362896704595827
       573               3327.2    -0.36205436094249
       574               3327.3   -0.360923925825381
       575               3327.4   -0.359338376078844
       576               3327.5   -0.357317309633036
       577               3327.6    -0.35508790966242
       578               3327.7   -0.352956481646982
       579               3327.8   -0.351129578665193
       580               3327.9   -0.349624046231016
       581                 3328   -0.348311618482679
       582               3328.1   -0.347024756285516
       583               3328.2   -0.345633561182459
       584               3328.3    -0.34407134668626
       585               3328.4   -0.342341691697614
       586               3328.5   -0.340531093185648
       587               3328.6   -0.338799932022402
       588               3328.7   -0.337309444949731
       589               3328.8     -0.3361161622916
       590               3328.9   -0.335139979667553
       591                 3329   -0.334254985467612
       592               3329.1   -0.333412332263124
       593               3329.2   -0.332669595993439
       594               3329.3   -0.332118736139015
       595               3329.4   -0.331818529777404
       596               3329.5   -0.331811492458183
       597               3329.6    -0.33218324467229
       598               3329.7   -0.333054016185212
       599               3329.8   -0.334466946495232
       600               3329.9   -0.336279039281289
       601                 3330   -0.338189609538672
       602               3330.1   -0.339899518527619
       603               3330.2    -0.34125157015355
       604               3330.3   -0.342240850050191
       605               3330.4   -0.342941570725199
       606               3330.5   -0.343462575653701
       607               3330.6   -0.343959284757078
       608               3330.7   -0.344640518395016
       609               3330.8   -0.345724703443255
       610               3330.9   -0.347364920352815
       611                 3331   -0.349582695313466
       612               3331.1   -0.352234789498349
       613               3331.2   -0.355039625355526
       614               3331.3   -0.357690689744596
       615               3331.4   -0.360022400325299
       616               3331.5   -0.362107655792249
       617               3331.6   -0.364187679577052
       618               3331.7   -0.366487258064388
       619               3331.8   -0.369078896946473
       620               3331.9   -0.371887547249313
       621                 3332   -0.374781962563984
       622               3332.1   -0.377666418030527
       623               3332.2   -0.380548921751303
       624               3332.3   -0.383576532790831
       625               3332.4   -0.386996556577602
       626               3332.5   -0.391034954835596
       627               3332.6   -0.395768655417381
       628               3332.7    -0.40108752875014
       629               3332.8   -0.406767755289364
       630               3332.9   -0.412597435168158
       631                 3333   -0.418470911713425
       632               3333.1   -0.424396724529065
       633               3333.2   -0.430422581603495
       634               3333.3   -0.436539716872706
       635               3333.4   -0.442644737870604
       636               3333.5    -0.44858678454378
       637               3333.6   -0.454252435669317
       638               3333.7   -0.459616551383898
       639               3333.8   -0.464735046648741
       640               3333.9   -0.469710872037038
       641                 3334   -0.474665385416719
       642               3334.1   -0.479713043061116
       643               3334.2   -0.484924887033921
       644               3334.3   -0.490287995146531
       645               3334.4   -0.495688210114356
       646               3334.5   -0.500936730578163
       647               3334.6   -0.505839967098524
       648               3334.7   -0.510290911615074
       649               3334.8    -0.51433456347439
       650               3334.9   -0.518149092488441
       651                 3335   -0.521930435805304
       652               3335.1   -0.525746367261252
       653               3335.2   -0.529450483786591
       654               3335.3   -0.532702814180677
       655               3335.4   -0.535096952376424
       656               3335.5   -0.536352629978407
       657               3335.6   -0.536468943299522
       658               3335.7    -0.53571614156482
       659               3335.8    -0.53445723617128
       660               3335.9   -0.532941197368578
       661                 3336   -0.531219845911897
       662               3336.1   -0.529210789164148
       663               3336.2   -0.526819134501864
       664               3336.3   -0.524022484473084
       665               3336.4   -0.520867748903516
       666               3336.5   -0.517386654242236
       667               3336.6   -0.513506338970449
       668               3336.7   -0.509055038116424
       669               3336.8   -0.503879488030117
       670               3336.9   -0.497970726433301
       671                 3337    -0.49148246475494
       672               3337.1   -0.484636281826596
       673               3337.2    -0.47760653321633
       674               3337.3   -0.470468106179334
       675               3337.4   -0.463210188884429
       676               3337.5   -0.455763638469157
       677               3337.6   -0.448010538366052
       678               3337.7   -0.439804389170163
       679               3337.8   -0.431030125318403
       680               3337.9   -0.421657560865091
       681                 3338   -0.411716261211954
       682               3338.1   -0.401217982047966
       683               3338.2   -0.390136514670181
       684               3338.3   -0.378480749776983
       685               3338.4   -0.366367351223128
       686               3338.5   -0.354006365046217
       687               3338.6   -0.341631764250211
       688               3338.7    -0.32945532860913
       689               3338.8    -0.31765113906239
       690               3338.9   -0.306325695288235
       691                 3339   -0.295471774380077
       692               3339.1   -0.284954160015001
       693               3339.2   -0.274550043750126
       694               3339.3   -0.264015203195176
       695               3339.4   -0.253139202960654
       696               3339.5    -0.24177046650063
       697               3339.6   -0.229800210814566
       698               3339.7   -0.217117567346343
       699               3339.8   -0.203596396689793
       700               3339.9   -0.189174341538288
       701                 3340   -0.173985101014136
       702               3340.1   -0.158403874360269
       703               3340.2   -0.142914119831216
       704               3340.3   -0.127874209875013
       705               3340.4   -0.113353867917842
       706               3340.5  -0.0991258180797134
       707               3340.6  -0.0847752556482499
       708               3340.7  -0.0698718515285841
       709               3340.8  -0.0541753160921935
       710               3340.9  -0.0377946259199011
       711                 3341  -0.0211565692757966
       712               3341.1 -0.00473724076177343
       713               3341.2   0.0112530350417147
       714               3341.3   0.0269459439929014
       715               3341.4   0.0425878839117496
       716               3341.5   0.0582528264391682
       717               3341.6   0.0737645085670451
       718               3341.7   0.0888286441378238
       719               3341.8    0.103176014713185
       720               3341.9    0.116605430034048
       721                 3342    0.128988854182319
       722               3342.1     0.14029666015859
       723               3342.2    0.150592106737948
       724               3342.3    0.159951642589241
       725               3342.4    0.168370042922745
       726               3342.5    0.175721082338739
       727               3342.6    0.181759825335062
       728               3342.7    0.186127434949701
       729               3342.8    0.188377616628619
       730               3342.9    0.188057898101826
       731                 3343    0.184812142947038
       732               3343.1    0.178429602873229
       733               3343.2    0.168813646703936
       734               3343.3    0.155916239255305
       735               3343.4     0.13970601983537
       736               3343.5    0.120206783952546
       737               3343.6   0.0975884089085513
       738               3343.7   0.0722337367668082
       739               3343.8   0.0446869781113312
       740               3343.9   0.0154678969046955
       741                 3344  -0.0151269807737359
       742               3344.1  -0.0470688653951798
       743               3344.2  -0.0804437529227282
       744               3344.3   -0.115227864217544
       745               3344.4   -0.151153839804822
       746               3344.5   -0.187729425422317
       747               3344.6   -0.224362530260076
       748               3344.7   -0.260506512320114
       749               3344.8   -0.295752348190417
       750               3344.9   -0.329836587319822
       751                 3345   -0.362586166739552
       752               3345.1   -0.393853372292155
       753               3345.2   -0.423493124712312
       754               3345.3   -0.451399758124379
       755               3345.4   -0.477556451214226
       756               3345.5   -0.502016683948678
       757               3345.6   -0.524807078450619
       758               3345.7   -0.545853439062411
       759               3345.8    -0.56502824498721
       760               3345.9   -0.582283043082007
       761                 3346   -0.597727879824531
       762               3346.1    -0.61156699156245
       763               3346.2   -0.623943166135895
       764               3346.3    -0.63485156709718
       765               3346.4   -0.644242854686339
       766               3346.5   -0.652241090595262
       767               3346.6   -0.659238915008949
       768               3346.7    -0.66571889281637
       769               3346.8   -0.671932211816896
       770               3346.9   -0.677728440281999
       771                 3347   -0.682686915097742
       772               3347.1   -0.686426285225956
       773               3347.2   -0.688849040634068
       774               3347.3   -0.690169999163024
       775               3347.4   -0.690741309350079
       776               3347.5   -0.690813745467789
       777               3347.6   -0.690420323217176
       778               3347.7   -0.689472582646454
       779               3347.8   -0.687953606490413
       780               3347.9   -0.685992316874683
       781                 3348   -0.683757176587489
       782               3348.1   -0.681322774483872
       783               3348.2   -0.678655302961906
       784               3348.3   -0.675679227982035
       785               3348.4   -0.672309958681342
       786               3348.5   -0.668439481746823
       787               3348.6   -0.663950239799357
       788               3348.7   -0.658791148381244
       789               3348.8   -0.653066929343704
       790               3348.9   -0.647060933724267
       791                 3349   -0.641136271253777
       792               3349.1   -0.635536545528924
       793               3349.2    -0.63020863364454
       794               3349.3   -0.624791127624495
       795               3349.4   -0.618794336106178
       796               3349.5   -0.611851668415646
       797               3349.6   -0.603893742981386
       798               3349.7   -0.595174121450789
       799               3349.8   -0.586151939358451
       800               3349.9    -0.57728422476273
       801                 3350    -0.56882968932128
       802               3350.1   -0.560778815727371
       803               3350.2    -0.55294458095645
       804               3350.3   -0.545130916472389
       805               3350.4   -0.537261252647991
       806               3350.5   -0.529411838893064
       807               3350.6   -0.521763076764073
       808               3350.7   -0.514506345909969
       809               3350.8   -0.507752475108721
       810               3350.9   -0.501494037151796
       811                 3351   -0.495646714976621
       812               3351.1   -0.490139149905893
       813               3351.2    -0.48498977096574
       814               3351.3    -0.48032702079182
       815               3351.4   -0.476346183317613
       816               3351.5   -0.473226248191966
       817               3351.6   -0.471048192615165
       818               3351.7   -0.469749916735502
       819               3351.8   -0.469128943024942
       820               3351.9   -0.468896152832019
       821                 3352   -0.468785911251584
       822               3352.1   -0.468686773961075
       823               3352.2   -0.468691911903216
       824               3352.3   -0.468994730892284
       825               3352.4   -0.469703577940015
       826               3352.5   -0.470756539131133
       827               3352.6   -0.472018840217476
       828               3352.7    -0.47343287604218
       829               3352.8   -0.475032740170445
       830               3352.9   -0.476817415907032
       831                 3353   -0.478663579110566
       832               3353.1   -0.480402869298533
       833               3353.2   -0.481970276225235
       834               3353.3   -0.483440585947879
       835               3353.4   -0.484908830154564
       836               3353.5   -0.486342818053556
       837               3353.6   -0.487548005092256
       838               3353.7   -0.488271232099284
       839               3353.8   -0.488365936082686
       840               3353.9   -0.487901827167465
       841                 3354   -0.487128693342818
       842               3354.1   -0.486307401723585
       843               3354.2   -0.485543193738874
       844               3354.3   -0.484759458686291
       845               3354.4   -0.483805813141035
       846               3354.5   -0.482573807365392
       847               3354.6   -0.481040306866036
       848               3354.7   -0.479273469518229
       849               3354.8   -0.477442494640292
       850               3354.9   -0.475796216250801
       851                 3355   -0.474574485993768
       852               3355.1   -0.473898631577146
       853               3355.2   -0.473716045348393
       854               3355.3   -0.473814747414669
       855               3355.4   -0.473881958067667
       856               3355.5   -0.473597306601845
       857               3355.6   -0.472751722789551
       858               3355.7   -0.471341222933984
       859               3355.8   -0.469571394452891
       860               3355.9   -0.467756629154005
       861                 3356   -0.466160707691969
       862               3356.1   -0.464864701353183
       863               3356.2   -0.463746797775655
       864               3356.3   -0.462584958403308
       865               3356.4   -0.461187001529198
       866               3356.5   -0.459446186589713
       867               3356.6   -0.457334338983607
       868               3356.7   -0.454909213496577
       869               3356.8   -0.452335920081802
       870               3356.9    -0.44984843183104
       871                 3357     -0.4476381630296
       872               3357.1   -0.445760022241366
       873               3357.2   -0.444144813311078
       874               3357.3   -0.442707727067191
       875               3357.4   -0.441452994384215
       876               3357.5   -0.440470056189693
       877               3357.6   -0.439811783677799
       878               3357.7   -0.439376207880616
       879               3357.8   -0.438935971512519
       880               3357.9   -0.438305359088015
       881                 3358   -0.437465067436809
       882               3358.1   -0.436506400902729
       883               3358.2   -0.435472793003625
       884               3358.3   -0.434295598187508
       885               3358.4   -0.432904008300482
       886               3358.5   -0.431385186762522
       887               3358.6   -0.430002498046295
       888               3358.7   -0.429016506437266
       889               3358.8   -0.428467842814254
       890               3358.9   -0.428144506760723
       891                 3359   -0.427771825446733
       892               3359.1   -0.427231889962978
       893               3359.2   -0.426615868904223
       894               3359.3   -0.426110429852709
       895               3359.4   -0.425850564556133
       896               3359.5   -0.425829647758686
       897               3359.6   -0.425884630336345
       898               3359.7   -0.425761545696346
       899               3359.8   -0.425247180069457
       900               3359.9   -0.424295813138901
       901                 3360   -0.423061985303744
       902               3360.1   -0.421811834569975
       903               3360.2   -0.420771577179295
       904               3360.3   -0.420014585005782
       905               3360.4    -0.41945770541406
       906               3360.5   -0.418944444101506
       907               3360.6   -0.418315724948402
       908               3360.7   -0.417407541621452
       909               3360.8   -0.416039694415113
       910               3360.9   -0.414094196899666
       911                 3361   -0.411647529717784
       912               3361.1     -0.4090018663959
       913               3361.2   -0.406549772511153
       914               3361.3   -0.404591309423149
       915               3361.4   -0.403245227564188
       916               3361.5   -0.402454474159594
       917               3361.6   -0.402012114093236
       918               3361.7   -0.401611492246034
       919               3361.8   -0.400982628776451
       920               3361.9   -0.400086702269882
       921                 3362   -0.399214768825359
       922               3362.1   -0.398855298193185
       923               3362.2   -0.399370360502669
       924               3362.3   -0.400703902182505
       925               3362.4   -0.402369136522473
       926               3362.5   -0.403759003670129
       927               3362.6   -0.404530058759296
       928               3362.7   -0.404724317570334
       929               3362.8   -0.404560850521644
       930               3362.9   -0.404177504070852
       931                 3363    -0.40361271988296
       932               3363.1   -0.402978914604615
       933               3363.2   -0.402537520855165
       934               3363.3   -0.402538835296732
       935               3363.4   -0.402999360478575
       936               3363.5   -0.403655627620376
       937               3363.6   -0.404128035558868
       938               3363.7   -0.404138542891447
       939               3363.8   -0.403626729007434
       940               3363.9   -0.402719927800497
       941                 3364   -0.401608552577151
       942               3364.1   -0.400423747829245
       943               3364.2    -0.39920787024458
       944               3364.3   -0.397992618877585
       945               3364.4   -0.396889734855272
       946               3364.5   -0.396065929659434
       947               3364.6   -0.395592563483423
       948               3364.7   -0.395334459487585
       949               3364.8   -0.395050335489573
       950               3364.9   -0.394647790707301
       951                 3365    -0.39431641358147
       952               3365.1   -0.394358449724798
       953               3365.2   -0.394876700411983
       954               3365.3   -0.395648643831549
       955               3365.4   -0.396294874957835
       956               3365.5   -0.396524581956329
       957               3365.6   -0.396215356653815
       958               3365.7   -0.395343630027586
       959               3365.8   -0.393955665142622
       960               3365.9   -0.392255032421862
       961                 3366   -0.390667854808518
       962               3366.1   -0.389714030907109
       963               3366.2   -0.389705485495844
       964               3366.3   -0.390504397692508
       965               3366.4   -0.391571159078048
       966               3366.5   -0.392293055152273
       967               3366.6   -0.392343084507968
       968               3366.7    -0.39180825848638
       969               3366.8   -0.391027046946066
       970               3366.9   -0.390286922765079
       971                 3367   -0.389616857438061
       972               3367.1    -0.38883613677746
       973               3367.2   -0.387816873180795
       974               3367.3   -0.386718147655047
       975               3367.4   -0.385959355241246
       976               3367.5   -0.385945090669796
       977               3367.6   -0.386785842613789
       978               3367.7   -0.388238805652552
       979               3367.8   -0.389874090968441
       980               3367.9   -0.391298231218022
       981                 3368   -0.392279772952083
       982               3368.1   -0.392750606389079
       983               3368.2    -0.39275126384139
       984               3368.3   -0.392382811554746
       985               3368.4   -0.391777934813286
       986               3368.5   -0.391084664226304
       987               3368.6   -0.390461973029712
       988               3368.7   -0.390073708776662
       989               3368.8   -0.390053428813676
       990               3368.9   -0.390443204606509
       991                 3369   -0.391156881880775
       992               3369.1   -0.392011206158139
       993               3369.2   -0.392807729864224
       994               3369.3   -0.393408977997576
       995               3369.4   -0.393770578825912
       996               3369.5   -0.393927809242448
       997               3369.6   -0.393951545299642
       998               3369.7   -0.393895424530563
       999               3369.8   -0.393768990417989
      1000               3369.9   -0.393568287043316
      1001                 3370   -0.393348622808562
      1002               3370.1   -0.393264827810502
      1003               3370.2   -0.393510107309881
      1004               3370.3   -0.394179081714987
      1005               3370.4   -0.395172762268795
      1006               3370.5   -0.396241031002508
      1007               3370.6   -0.397129974208689
      1008               3370.7   -0.397698672895878
      1009               3370.8   -0.397909788090228
      1010               3370.9   -0.397748471483042
      1011                 3371   -0.397210254174548
      1012               3371.1   -0.396397286018228
      1013               3371.2   -0.395589320772056
      1014               3371.3   -0.395145657372682
      1015               3371.4   -0.395276735650706
      1016               3371.5     -0.3958764950163
      1017               3371.6   -0.396560863229784
      1018               3371.7   -0.396889466619438
      1019               3371.8   -0.396621133749503
      1020               3371.9   -0.395842061110264
      1021                 3372    -0.39489823279097
      1022               3372.1   -0.394198248048782
      1023               3372.2   -0.394017909677871
      1024               3372.3   -0.394386338959996
      1025               3372.4   -0.395067598302934
      1026               3372.5   -0.395658575447881
      1027               3372.6   -0.395809989758092
      1028               3372.7   -0.395455516253321
      1029               3372.8    -0.39485208708846
      1030               3372.9   -0.394375463228501
      1031                 3373   -0.394259834880118
      1032               3373.1   -0.394518254807471
      1033               3373.2   -0.395071218091037
      1034               3373.3   -0.395898874225541
      1035               3373.4   -0.397048454521472
      1036               3373.5   -0.398522031392523
      1037               3373.6   -0.400207708818591
      1038               3373.7   -0.401948335523424
      1039               3373.8   -0.403656108106778
      1040               3373.9    -0.40531603539746
      1041                 3374   -0.406868814445384
      1042               3374.1    -0.40813213895024
      1043               3374.2   -0.408882621442952
      1044               3374.3   -0.409030212528921
      1045               3374.4   -0.408715900224683
      1046               3374.5   -0.408250617686454
      1047               3374.6    -0.40795801716811
      1048               3374.7   -0.408037543345581
      1049               3374.8   -0.408516547621907
      1050               3374.9   -0.409287366406983
      1051                 3375    -0.41018457559205
      1052               3375.1   -0.411055483925737
      1053               3375.2   -0.411797549171008
      1054               3375.3   -0.412366533892229
      1055               3375.4   -0.412780078529163
      1056               3375.5   -0.413129503337186
      1057               3375.6    -0.41357865452941
      1058               3375.7   -0.414320720622211
      1059               3375.8   -0.415499384822948
      1060               3375.9   -0.417136339315411
      1061                 3376   -0.419106233118956
      1062               3376.1   -0.421175293179276
      1063               3376.2   -0.423091374681617
      1064               3376.3   -0.424682303632667
      1065               3376.4   -0.425902018890984
      1066               3376.5   -0.426794583538127
      1067               3376.6   -0.427417196926756
      1068               3376.7   -0.427801891010641
      1069               3376.8   -0.427985888207626
      1070               3376.9   -0.428053962504179
      1071                 3377    -0.42812172993686
      1072               3377.1   -0.428269730161729
      1073               3377.2   -0.428510817643441
      1074               3377.3   -0.428836031419057
      1075               3377.4   -0.429276612023925
      1076               3377.5   -0.429888233964359
      1077               3377.6   -0.430663992011138
      1078               3377.7   -0.431482414803913
      1079               3377.8   -0.432157210896785
      1080               3377.9   -0.432543875131433
      1081                 3378   -0.432628748916706
      1082               3378.1   -0.432568899694461
      1083               3378.2   -0.432658934075261
      1084               3378.3   -0.433199231570518
      1085               3378.4   -0.434319419369543
      1086               3378.5   -0.435899178498341
      1087               3378.6   -0.437668516992814
      1088               3378.7   -0.439390070186883
      1089               3378.8   -0.440940696731151
      1090               3378.9   -0.442235487881547
      1091                 3379   -0.443131426580934
      1092               3379.1   -0.443472610098931
      1093               3379.2   -0.443254170365691
      1094               3379.3   -0.442710936144135
      1095               3379.4   -0.442197972686511
      1096               3379.5    -0.44195760641391
      1097               3379.6   -0.441990184587262
      1098               3379.7   -0.442126675422003
      1099               3379.8   -0.442195828825353
      1100               3379.9   -0.442122738483694
      1101                 3380    -0.44191466904668
      1102               3380.1   -0.441606171238628
      1103               3380.2   -0.441231967436537
      1104               3380.3   -0.440838870318084
      1105               3380.4    -0.44051952291983
      1106               3380.5   -0.440429406195404
      1107               3380.6   -0.440730684473571
      1108               3380.7   -0.441465138580484
      1109               3380.8   -0.442469367562328
      1110               3380.9   -0.443443597122789
      1111                 3381   -0.444127742783815
      1112               3381.1   -0.444421169907045
      1113               3381.2   -0.444356310299942
      1114               3381.3   -0.443986963602975
      1115               3381.4   -0.443304118601557
      1116               3381.5   -0.442244890422562
      1117               3381.6   -0.440791917603392
      1118               3381.7   -0.439083269023234
      1119               3381.8   -0.437399580508651
      1120               3381.9   -0.435974000418514
      1121                 3382   -0.434774388684333
      1122               3382.1   -0.433506929144764
      1123               3382.2   -0.431900105958153
      1124               3382.3   -0.430013448606472
      1125               3382.4   -0.428251698605077
      1126               3382.5     -0.4270622238091
      1127               3382.6   -0.426619779144513
      1128               3382.7   -0.426781479630208
      1129               3382.8   -0.427275398316268
      1130               3382.9   -0.427867893903189
      1131                 3383   -0.428371364473104
      1132               3383.1   -0.428600306971979
      1133               3383.2   -0.428421923286116
      1134               3383.3   -0.427860666759928
      1135               3383.4   -0.427095855104858
      1136               3383.5   -0.426309385976912
      1137               3383.6   -0.425526383934721
      1138               3383.7   -0.424606674309881
      1139               3383.8   -0.423395550251211
      1140               3383.9   -0.421903119318773
      1141                 3384   -0.420359940311654
      1142               3384.1   -0.419089430167797
      1143               3384.2   -0.418285990013584
      1144               3384.3   -0.417879031016019
      1145               3384.4   -0.417597971092974
      1146               3384.5   -0.417180707627464
      1147               3384.6   -0.416552278774338
      1148               3384.7   -0.415836260359932
      1149               3384.8   -0.415202898710256
      1150               3384.9   -0.414692137700739
      1151                 3385   -0.414167462658348
      1152               3385.1   -0.413430385440639
      1153               3385.2   -0.412377273237129
      1154               3385.3    -0.41106583745966
      1155               3385.4   -0.409664405818326
      1156               3385.5   -0.408342385170802
      1157               3385.6   -0.407171186574716
      1158               3385.7   -0.406089024075281
      1159               3385.8   -0.404953573641759
      1160               3385.9    -0.40365098724521
      1161                 3386    -0.40218709228899
      1162               3386.1   -0.400699193454486
      1163               3386.2   -0.399382430391221
      1164               3386.3   -0.398386540990581
      1165               3386.4   -0.397762395664062
      1166               3386.5   -0.397485939247741
      1167               3386.6   -0.397505611691351
      1168               3386.7   -0.397752946463949
      1169               3386.8   -0.398129376574266
      1170               3386.9   -0.398518079963401
      1171                 3387   -0.398819456446134
      1172               3387.1   -0.398968547836358
      1173               3387.2   -0.398931495554611
      1174               3387.3   -0.398721345171586
      1175               3387.4   -0.398435135372426
      1176               3387.5   -0.398248562106424
      1177               3387.6   -0.398326305019994
      1178               3387.7   -0.398707083455273
      1179               3387.8   -0.399272042176323
      1180               3387.9   -0.399831369466687
      1181                 3388   -0.400248413398993
      1182               3388.1    -0.40048921673479
      1183               3388.2   -0.400565664577593
      1184               3388.3   -0.400446917909286
      1185               3388.4   -0.400042008875775
      1186               3388.5   -0.399279807948882
      1187               3388.6   -0.398209623006711
      1188               3388.7   -0.397024422398688
      1189               3388.8   -0.395984937475059
      1190               3388.9   -0.395304123660568
      1191                 3389   -0.395061058407019
      1192               3389.1    -0.39517454823031
      1193               3389.2   -0.395434609415058
      1194               3389.3    -0.39557502483584
      1195               3389.4   -0.395363124997196
      1196               3389.5   -0.394682890379689
      1197               3389.6   -0.393584533763888
      1198               3389.7   -0.392267496654447
      1199               3389.8   -0.390987546636183
      1200               3389.9   -0.389939055973279
      1201                 3390   -0.389193766394662
      1202               3390.1   -0.388726703645159
      1203               3390.2   -0.388484180199352
      1204               3390.3   -0.388431200005928
      1205               3390.4   -0.388550284421281
      1206               3390.5   -0.388798796414318
      1207               3390.6   -0.389059762288809
      1208               3390.7   -0.389141565627583
      1209               3390.8   -0.388855558308409
      1210               3390.9   -0.388130092637467
      1211                 3391   -0.387085825028572
      1212               3391.1   -0.386035683940303
      1213               3391.2   -0.385412617421561
      1214               3391.3   -0.385628196879524
      1215               3391.4   -0.386887920657811
      1216               3391.5   -0.389055396587085
      1217               3391.6   -0.391668770480363
      1218               3391.7    -0.39411783096179
      1219               3391.8   -0.395887353955668
      1220               3391.9   -0.396749184795397
      1221                 3392   -0.396811491278223
      1222               3392.1   -0.396383505624732
      1223               3392.2   -0.395722548005754
      1224               3392.3   -0.394847908338802
      1225               3392.4   -0.393582910993117
      1226               3392.5   -0.391789501197436
      1227               3392.6   -0.389577640730198
      1228               3392.7    -0.38730529369814
      1229               3392.8   -0.385395674935527
      1230               3392.9   -0.384149604319249
      1231                 3393   -0.383676352278485
      1232               3393.1   -0.383921344016219
      1233               3393.2   -0.384723223099414
      1234               3393.3   -0.385882236305856
      1235               3393.4    -0.38723078721152
      1236               3393.5   -0.388655814767252
      1237               3393.6    -0.39004517915641
      1238               3393.7   -0.391220837045075
      1239               3393.8   -0.391951150452529
      1240               3393.9   -0.392054790259404
      1241                 3394   -0.391518979019454
      1242               3394.1    -0.39054476560436
      1243               3394.2   -0.389485385134328
      1244               3394.3   -0.388704689296886
      1245               3394.4   -0.388421450676978
      1246               3394.5   -0.388612811908722
      1247               3394.6   -0.389023784709237
      1248               3394.7   -0.389279187989219
      1249               3394.8   -0.389046400834971
      1250               3394.9   -0.388179743731605
      1251                 3395   -0.386788609888272
      1252               3395.1   -0.385190813965144
      1253               3395.2   -0.383752457771146
      1254               3395.3    -0.38269841624622
      1255               3395.4   -0.382037781761728
      1256               3395.5   -0.381670485456073
      1257               3395.6   -0.381556095301292
      1258               3395.7    -0.38174784780726
      1259               3395.8   -0.382253095496867
      1260               3395.9   -0.382903132369736
      1261                 3396    -0.38341875186098
      1262               3396.1    -0.38362751343369
      1263               3396.2   -0.383608590133174
      1264               3396.3    -0.38362206048042
      1265               3396.4   -0.383903032122918
      1266               3396.5   -0.384508827042541
      1267               3396.6    -0.38531900339328
      1268               3396.7   -0.386138559854799
      1269               3396.8    -0.38680155266002
      1270               3396.9   -0.387230456217813
      1271                 3397   -0.387460890931445
      1272               3397.1   -0.387621665358301
      1273               3397.2   -0.387849212231111
      1274               3397.3   -0.388187937635051
      1275               3397.4   -0.388578892608745
      1276               3397.5   -0.388951491360628
      1277               3397.6   -0.389307929249398
      1278               3397.7     -0.3897029681332
      1279               3397.8   -0.390149615143429
      1280               3397.9   -0.390557692255936
      1281                 3398   -0.390766882504027
      1282               3398.1   -0.390642625835373
      1283               3398.2   -0.390159290188136
      1284               3398.3   -0.389424017293002
      1285               3398.4   -0.388640946036703
      1286               3398.5    -0.38802620292311
      1287               3398.6   -0.387688048438984
      1288               3398.7   -0.387532355129705
      1289               3398.8   -0.387288695170169
      1290               3398.9   -0.386678209108451
      1291                 3399   -0.385600439131937
      1292               3399.1   -0.384180013016998
      1293               3399.2     -0.3826569659929
      1294               3399.3   -0.381257926792417
      1295               3399.4   -0.380160213923881
      1296               3399.5   -0.379516474146398
      1297               3399.6   -0.379451386065782
      1298               3399.7   -0.380019608569185
      1299               3399.8   -0.381179182134978
      1300               3399.9   -0.382803472749454
      1301                 3400   -0.384705285367217
      1302               3400.1   -0.386652424174377
      1303               3400.2   -0.388383308422236
      1304               3400.3   -0.389640439136976
      1305               3400.4   -0.390233815143578
      1306               3400.5   -0.390126506514314
      1307               3400.6   -0.389493295755395
      1308               3400.7     -0.3886838624948
      1309               3400.8   -0.388075071319077
      1310               3400.9   -0.387885199203639
      1311                 3401   -0.388062078103876
      1312               3401.1   -0.388321531920134
      1313               3401.2   -0.388326921258554
      1314               3401.3   -0.387900611911184
      1315               3401.4   -0.387118957615587
      1316               3401.5   -0.386231416390601
      1317               3401.6   -0.385491915550774
      1318               3401.7   -0.385038607089937
      1319               3401.8   -0.384874277786394
      1320               3401.9   -0.384909616408008
      1321                 3402   -0.385023935380424
      1322               3402.1   -0.385127272868667
      1323               3402.2   -0.385208418174527
      1324               3402.3   -0.385337294103177
      1325               3402.4   -0.385601585113988
      1326               3402.5   -0.386004781172334
      1327               3402.6   -0.386403033674239
      1328               3402.7   -0.386555054183861
      1329               3402.8   -0.386269061919823
      1330               3402.9   -0.385523834985327
      1331                 3403   -0.384458367607336
      1332               3403.1   -0.383274784610791
      1333               3403.2   -0.382186917646356
      1334               3403.3   -0.381442235804957
      1335               3403.4   -0.381306001427883
      1336               3403.5    -0.38194141025948
      1337               3403.6   -0.383281912140625
      1338               3403.7   -0.385028957849276
      1339               3403.8   -0.386775261893831
      1340               3403.9   -0.388143321960267
      1341                 3404   -0.388866777822033
      1342               3404.1   -0.388836971400974
      1343               3404.2   -0.388149882432978
      1344               3404.3     -0.3871183664541
      1345               3404.4     -0.3861780562868
      1346               3404.5   -0.385691934758215
      1347               3404.6    -0.38577983968717
      1348               3404.7   -0.386311478295061
      1349               3404.8   -0.387060711414374
      1350               3404.9   -0.387872672192249
      1351                 3405   -0.388707757781828
      1352               3405.1   -0.389568223633603
      1353               3405.2   -0.390415655024474
      1354               3405.3   -0.391165552341498
      1355               3405.4   -0.391760465280872
      1356               3405.5   -0.392257873666273
      1357               3405.6   -0.392846437995712
      1358               3405.7   -0.393733330748245
      1359               3405.8   -0.394941156802325
      1360               3405.9   -0.396168557661822
      1361                 3406   -0.396878281713316
      1362               3406.1   -0.396610294383777
      1363               3406.2   -0.395298714648568
      1364               3406.3   -0.393330162898866
      1365               3406.4   -0.391291622312018
      1366               3406.5   -0.389621695642654
      1367               3406.6   -0.388438754724806
      1368               3406.7   -0.387631786464365
      1369               3406.8   -0.387068423290923
      1370               3406.9   -0.386713190360213
      1371                 3407   -0.386579867296397
      1372               3407.1   -0.386615688203816
      1373               3407.2   -0.386669985535895
      1374               3407.3     -0.3865982165267
      1375               3407.4   -0.386402770078955
      1376               3407.5   -0.386264758348984
      1377               3407.6   -0.386420999285335
      1378               3407.7   -0.386986126420252
      1379               3407.8   -0.387872713253649
      1380               3407.9   -0.388876470412644
      1381                 3408   -0.389843723800457
      1382               3408.1   -0.390758783799644
      1383               3408.2   -0.391665470976628
      1384               3408.3   -0.392508955939769
      1385               3408.4   -0.393077058857925
      1386               3408.5   -0.393127107791576
      1387               3408.6   -0.392590718034858
      1388               3408.7   -0.391655504744014
      1389               3408.8   -0.390641793515046
      1390               3408.9   -0.389800868766254
      1391                 3409   -0.389212921257527
      1392               3409.1   -0.388810286101125
      1393               3409.2   -0.388428989173185
      1394               3409.3   -0.387855065292314
      1395               3409.4   -0.386918950341035
      1396               3409.5   -0.385623150266106
      1397               3409.6   -0.384183518148912
      1398               3409.7   -0.382917800397166
      1399               3409.8    -0.38206802102038
      1400               3409.9    -0.38169621958882
      1401                 3410   -0.381703498084869
      1402               3410.1   -0.381916045862603
      1403               3410.2   -0.382162038491081
      1404               3410.3   -0.382319966388536
      1405               3410.4   -0.382368702147869
      1406               3410.5   -0.382439177939304
      1407               3410.6   -0.382788652541941
      1408               3410.7   -0.383629635760875
      1409               3410.8   -0.384905885035464
      1410               3410.9   -0.386239387488512
      1411                 3411   -0.387152318464612
      1412               3411.1   -0.387385461546922
      1413               3411.2   -0.387031609030557
      1414               3411.3   -0.386403785919423
      1415               3411.4   -0.385801674912943
      1416               3411.5    -0.38536756852015
      1417               3411.6    -0.38509311151892
      1418               3411.7   -0.384930027404715
      1419               3411.8   -0.384910520445422
      1420               3411.9   -0.385167296710713
      1421                 3412    -0.38580559811811
      1422               3412.1   -0.386732502515878
      1423               3412.2   -0.387635777452867
      1424               3412.3   -0.388172865730869
      1425               3412.4   -0.388199307455128
      1426               3412.5   -0.387822769745001
      1427               3412.6   -0.387272070456017
      1428               3412.7   -0.386753601890287
      1429               3412.8   -0.386415776047718
      1430               3412.9   -0.386374590629737
      1431                 3413   -0.386707365314713
      1432               3413.1   -0.387413526398651
      1433               3413.2    -0.38840295007957
      1434               3413.3   -0.389528706369401
      1435               3413.4    -0.39062397128127
      1436               3413.5   -0.391517528672376
      1437               3413.6   -0.392050429334362
      1438               3413.7   -0.392113615289592
      1439               3413.8   -0.391673076215788
      1440               3413.9    -0.39074111367256
      1441                 3414   -0.389335676302313
      1442               3414.1    -0.38752530145006
      1443               3414.2   -0.385549103190264
      1444               3414.3   -0.383837944058314
      1445               3414.4   -0.382808912249166
      1446               3414.5   -0.382569481527567
      1447               3414.6   -0.382819710660831
      1448               3414.7   -0.383065413099791
      1449               3414.8   -0.382960505273025
      1450               3414.9   -0.382509337510788
      1451                 3415   -0.382016483138117
      1452               3415.1   -0.381869744584008
      1453               3415.2   -0.382324282815312
      1454               3415.3    -0.38340522863475
      1455               3415.4   -0.384932949244732
      1456               3415.5   -0.386603597372776
      1457               3415.6   -0.388079319852371
      1458               3415.7   -0.389088215716219
      1459               3415.8   -0.389515354414319
      1460               3415.9   -0.389424881827972
      1461                 3416   -0.388990046428351
      1462               3416.1   -0.388392781072778
      1463               3416.2   -0.387766097083257
      1464               3416.3   -0.387186853101367
      1465               3416.4   -0.386690336485643
      1466               3416.5   -0.386294120134915
      1467               3416.6   -0.386017644724141
      1468               3416.7   -0.385867774307912
      1469               3416.8   -0.385792237065349
      1470               3416.9   -0.385659368346625
      1471                 3417   -0.385315939886876
      1472               3417.1   -0.384698602599946
      1473               3417.2   -0.383911131018796
      1474               3417.3   -0.383190513046971
      1475               3417.4   -0.382767048609088
      1476               3417.5   -0.382723867354476
      1477               3417.6   -0.382983436243601
      1478               3417.7   -0.383434066214888
      1479               3417.8   -0.384058369047331
      1480               3417.9   -0.384922932399604
      1481                 3418   -0.386050575330185
      1482               3418.1   -0.387321514730643
      1483               3418.2   -0.388492717058911
      1484               3418.3    -0.38929126067839
      1485               3418.4    -0.38950520795868
      1486               3418.5    -0.38905677229056
      1487               3418.6   -0.388058563389303
      1488               3418.7   -0.386798686102055
      1489               3418.8   -0.385600912234294
      1490               3418.9   -0.384625083776216
      1491                 3419   -0.383780023757778
      1492               3419.1   -0.382852396076512
      1493               3419.2   -0.381748113651843
      1494               3419.3   -0.380622616802813
      1495               3419.4    -0.37978386679545
      1496               3419.5   -0.379469810769296
      1497               3419.6   -0.379702512918656
      1498               3419.7   -0.380318341788114
      1499               3419.8   -0.381098637846076
      1500               3419.9   -0.381872346976299
