     index            Field [G]         Intensity []

         1                 3270   -0.384505730379845
         2               3270.1   -0.386035938650721
         3               3270.2   -0.387612027970662
         4               3270.3    -0.38905094041609
         5               3270.4   -0.390195374988476
         6               3270.5   -0.391032034906761
         7               3270.6   -0.391728934356505
         8               3270.7   -0.392510925229734
         9               3270.8   -0.393451889250337
        10               3270.9    -0.39434756411861
        11                 3271    -0.39477760766197
        12               3271.1    -0.39435568785478
        13               3271.2   -0.393032934099579
        14               3271.3    -0.39122506786097
        15               3271.4   -0.389621854752409
        16               3271.5   -0.388796962121093
        17               3271.6   -0.388907018423829
        18               3271.7   -0.389666403187205
        19               3271.8   -0.390554901787172
        20               3271.9    -0.39110225075051
        21                 3272   -0.391115933201232
        22               3272.1   -0.390756965727071
        23               3272.2   -0.390412903989507
        24               3272.3   -0.390429869743349
        25               3272.4   -0.390888425312742
        26               3272.5   -0.391592616414305
        27               3272.6    -0.39226129020529
        28               3272.7   -0.392736449819974
        29               3272.8   -0.393035939718079
        30               3272.9   -0.393250037602436
        31                 3273   -0.393413132990167
        32               3273.1    -0.39345358751011
        33               3273.2   -0.393228029902329
        34               3273.3    -0.39260994934357
        35               3273.4   -0.391605550354167
        36               3273.5   -0.390432810750908
        37               3273.6   -0.389468601438357
        38               3273.7   -0.389049475807131
        39               3273.8   -0.389261137862163
        40               3273.9   -0.389891404826008
        41                 3274   -0.390577790532366
        42               3274.1   -0.391003382569149
        43               3274.2   -0.390984183293617
        44               3274.3   -0.390447066759613
        45               3274.4   -0.389414373030153
        46               3274.5   -0.388048927372885
        47               3274.6   -0.386679363401905
        48               3274.7    -0.38570976809397
        49               3274.8   -0.385434981309151
        50               3274.9   -0.385886266284868
        51                 3275   -0.386816862070534
        52               3275.1   -0.387837037098305
        53               3275.2    -0.38861837233543
        54               3275.3   -0.389057231584659
        55               3275.4   -0.389306295343654
        56               3275.5   -0.389638242611156
        57               3275.6    -0.39020664847825
        58               3275.7   -0.390874853192783
        59               3275.8   -0.391274354608354
        60               3275.9   -0.391074195917104
        61                 3276   -0.390237999204972
        62               3276.1   -0.389040716930118
        63               3276.2   -0.387839146811086
        64               3276.3   -0.386812619084303
        65               3276.4   -0.385893418223421
        66               3276.5   -0.384912144119314
        67               3276.6   -0.383795858525835
        68               3276.7   -0.382638893877874
        69               3276.8   -0.381606614736596
        70               3276.9   -0.380787325855836
        71                 3277   -0.380138013408429
        72               3277.1   -0.379563016141465
        73               3277.2   -0.379034162825043
        74               3277.3   -0.378628040942407
        75               3277.4    -0.37844478103786
        76               3277.5   -0.378496920900065
        77               3277.6   -0.378688738295261
        78               3277.7   -0.378902005655115
        79               3277.8   -0.379083740917285
        80               3277.9    -0.37924957414988
        81                 3278   -0.379437550993679
        82               3278.1   -0.379693692982496
        83               3278.2   -0.380099260223577
        84               3278.3   -0.380789075041887
        85               3278.4   -0.381921772174899
        86               3278.5   -0.383590415483936
        87               3278.6   -0.385700333023274
        88               3278.7    -0.38791079225157
        89               3278.8   -0.389742100226549
        90               3278.9   -0.390811024880638
        91                 3279   -0.391017496109769
        92               3279.1   -0.390551696363839
        93               3279.2   -0.389758431047059
        94               3279.3   -0.388976784149776
        95               3279.4   -0.388428191968999
        96               3279.5   -0.388175148019757
        97               3279.6   -0.388159437279323
        98               3279.7   -0.388297219070337
        99               3279.8   -0.388558035965985
       100               3279.9   -0.388955202599582
       101                 3280   -0.389450524607967
       102               3280.1   -0.389869612858687
       103               3280.2   -0.389944795933207
       104               3280.3   -0.389496547949709
       105               3280.4   -0.388602781484763
       106               3280.5   -0.387575592330918
       107               3280.6   -0.386747230011283
       108               3280.7   -0.386264767044061
       109               3280.8   -0.386060457001116
       110               3280.9   -0.385961399363473
       111                 3281   -0.385801943423805
       112               3281.1   -0.385482130287551
       113               3281.2   -0.384991415443575
       114               3281.3   -0.384391721828512
       115               3281.4   -0.383747169112426
       116               3281.5   -0.383061248575605
       117               3281.6   -0.382300496627221
       118               3281.7   -0.381472307507563
       119               3281.8   -0.380644582998738
       120               3281.9   -0.379885765701833
       121                 3282   -0.379226235047765
       122               3282.1   -0.378698123268168
       123               3282.2   -0.378378373142281
       124               3282.3   -0.378353720229516
       125               3282.4   -0.378638522806732
       126               3282.5   -0.379128203713415
       127               3282.6   -0.379622911239888
       128               3282.7   -0.379907986311031
       129               3282.8   -0.379857132564877
       130               3282.9   -0.379501168694144
       131                 3283   -0.379017174111568
       132               3283.1   -0.378658806477904
       133               3283.2   -0.378679166787121
       134               3283.3   -0.379249020156634
       135               3283.4   -0.380353607177974
       136               3283.5   -0.381726651692881
       137               3283.6   -0.382924067073555
       138               3283.7   -0.383535644801138
       139               3283.8   -0.383390971528868
       140               3283.9   -0.382619611379387
       141                 3284   -0.381561747549654
       142               3284.1   -0.380624922465754
       143               3284.2   -0.380163500382527
       144               3284.3   -0.380392230038894
       145               3284.4   -0.381325281007462
       146               3284.5   -0.382762587224623
       147               3284.6   -0.384359200256178
       148               3284.7   -0.385761258834366
       149               3284.8   -0.386726160387914
       150               3284.9   -0.387163391271591
       151                 3285   -0.387120744909025
       152               3285.1   -0.386771388567042
       153               3285.2   -0.386395033311139
       154               3285.3   -0.386303601338857
       155               3285.4   -0.386708470404808
       156               3285.5   -0.387596372585003
       157               3285.6   -0.388697803245764
       158               3285.7   -0.389591987117471
       159               3285.8   -0.389915739698913
       160               3285.9   -0.389557601344544
       161                 3286   -0.388693818881373
       162               3286.1   -0.387623475517657
       163               3286.2   -0.386532965487788
       164               3286.3   -0.385393428020521
       165               3286.4   -0.384063597862104
       166               3286.5   -0.382465880427764
       167               3286.6   -0.380663402078032
       168               3286.7   -0.378817194262077
       169               3286.8   -0.377124326891216
       170               3286.9   -0.375790301359666
       171                 3287   -0.374997413513568
       172               3287.1   -0.374848126510771
       173               3287.2   -0.375333571981665
       174               3287.3   -0.376368638234901
       175               3287.4   -0.377859883733756
       176               3287.5   -0.379742131284782
       177               3287.6   -0.381958964733699
       178               3287.7   -0.384406851926559
       179               3287.8    -0.38688356977139
       180               3287.9   -0.389092059548892
       181                 3288   -0.390729414779589
       182               3288.1   -0.391620372270401
       183               3288.2   -0.391800636138845
       184               3288.3   -0.391489498300174
       185               3288.4   -0.390975653613659
       186               3288.5    -0.39048574809098
       187               3288.6   -0.390098957077728
       188               3288.7    -0.38975277069526
       189               3288.8    -0.38935101351633
       190               3288.9   -0.388911437401355
       191                 3289   -0.388628589615997
       192               3289.1   -0.388773662773145
       193               3289.2   -0.389499008109768
       194               3289.3   -0.390711554609515
       195               3289.4   -0.392108043028878
       196               3289.5    -0.39330807213671
       197               3289.6   -0.393969866745875
       198               3289.7    -0.39386874320009
       199               3289.8   -0.392989044677601
       200               3289.9   -0.391602897320276
       201                 3290   -0.390211640635277
       202               3290.1   -0.389304447072428
       203               3290.2   -0.389089586479046
       204               3290.3   -0.389420622161496
       205               3290.4   -0.389972311788882
       206               3290.5    -0.39050673798815
       207               3290.6   -0.391021420188019
       208               3290.7   -0.391688205344281
       209               3290.8   -0.392645205516202
       210               3290.9   -0.393802082031047
       211                 3291    -0.39481505531091
       212               3291.1   -0.395263933722151
       213               3291.2   -0.394900315769851
       214               3291.3   -0.393785390910461
       215               3291.4   -0.392237957337092
       216               3291.5   -0.390648349376121
       217               3291.6   -0.389277094033955
       218               3291.7   -0.388158509664929
       219               3291.8   -0.387183955895274
       220               3291.9   -0.386316036811842
       221                 3292   -0.385742449247149
       222               3292.1   -0.385793956439868
       223               3292.2   -0.386679039868519
       224               3292.3   -0.388292730552238
       225               3292.4   -0.390273205512275
       226               3292.5   -0.392199777372604
       227               3292.6   -0.393714949476119
       228               3292.7   -0.394533619930024
       229               3292.8    -0.39447607090254
       230               3292.9   -0.393574002336746
       231                 3293   -0.392120696654772
       232               3293.1   -0.390559594063035
       233               3293.2   -0.389286346399518
       234               3293.3   -0.388513049979123
       235               3293.4   -0.388246005736324
       236               3293.5   -0.388332311333941
       237               3293.6   -0.388536477343035
       238               3293.7   -0.388640174945392
       239               3293.8   -0.388543249149278
       240               3293.9   -0.388315197017924
       241                 3294   -0.388158111916816
       242               3294.1    -0.38829361770858
       243               3294.2   -0.388834943121836
       244               3294.3   -0.389713364757833
       245               3294.4   -0.390697079360335
       246               3294.5   -0.391496236623925
       247               3294.6   -0.391902074340614
       248               3294.7   -0.391877257965023
       249               3294.8   -0.391542718275507
       250               3294.9   -0.391087994523502
       251                 3295   -0.390676301373821
       252               3295.1   -0.390382167120181
       253               3295.2   -0.390167913638849
       254               3295.3   -0.389914863963909
       255               3295.4   -0.389503779463449
       256               3295.5    -0.38888047271707
       257               3295.6   -0.388053815733302
       258               3295.7   -0.387057660368882
       259               3295.8   -0.385932439056577
       260               3295.9   -0.384727782812407
       261                 3296   -0.383515170494092
       262               3296.1   -0.382430025918411
       263               3296.2   -0.381719757809658
       264               3296.3   -0.381700178082908
       265               3296.4   -0.382584051408487
       266               3296.5   -0.384311221573339
       267               3296.6   -0.386550726603184
       268               3296.7   -0.388883888161675
       269               3296.8   -0.391004583513448
       270               3296.9   -0.392778279889967
       271                 3297   -0.394152972577162
       272               3297.1   -0.395046283293631
       273               3297.2   -0.395332687273611
       274               3297.3   -0.394941776732632
       275               3297.4   -0.393964753057728
       276               3297.5   -0.392662132230681
       277               3297.6   -0.391367181951162
       278               3297.7   -0.390369123294896
       279               3297.8   -0.389850997770147
       280               3297.9   -0.389884556311374
       281                 3298    -0.39043316259932
       282               3298.1   -0.391331515405427
       283               3298.2   -0.392284724800549
       284               3298.3   -0.392967939755827
       285               3298.4   -0.393218208549515
       286               3298.5   -0.393164137041943
       287               3298.6   -0.393136707190299
       288               3298.7   -0.393395130521854
       289               3298.8    -0.39388704008703
       290               3298.9   -0.394248731286484
       291                 3299   -0.394056899169774
       292               3299.1   -0.393136487598622
       293               3299.2   -0.391679175396141
       294               3299.3   -0.390090343624418
       295               3299.4   -0.388721541821414
       296               3299.5   -0.387719444007968
       297               3299.6   -0.387063160130577
       298               3299.7   -0.386675240572479
       299               3299.8   -0.386484171947212
       300               3299.9   -0.386435330520448
       301                 3300   -0.386507079062499
       302               3300.1   -0.386737440795992
       303               3300.2   -0.387207033547762
       304               3300.3   -0.387946242631713
       305               3300.4   -0.388827159623738
       306               3300.5    -0.38956598494279
       307               3300.6   -0.389892693493953
       308               3300.7   -0.389765956851419
       309               3300.8   -0.389420426750367
       310               3300.9   -0.389178174417886
       311                 3301   -0.389197264656665
       312               3301.1   -0.389387743000064
       313               3301.2   -0.389542299151332
       314               3301.3   -0.389530701105245
       315               3301.4   -0.389392026011057
       316               3301.5   -0.389284889405024
       317               3301.6   -0.389365589229174
       318               3301.7   -0.389686946097883
       319               3301.8   -0.390174657975249
       320               3301.9   -0.390678283985041
       321                 3302   -0.391042712168233
       322               3302.1   -0.391148718516782
       323               3302.2   -0.390926411640372
       324               3302.3    -0.39037621727438
       325               3302.4   -0.389590863860623
       326               3302.5   -0.388727424854394
       327               3302.6   -0.387923705145189
       328               3302.7   -0.387245008171267
       329               3302.8   -0.386735090214772
       330               3302.9   -0.386501662555976
       331                 3303   -0.386685721614971
       332               3303.1   -0.387301720367128
       333               3303.2   -0.388135761019283
       334               3303.3   -0.388860342690146
       335               3303.4   -0.389271964329465
       336               3303.5   -0.389407456866239
       337               3303.6   -0.389436973638443
       338               3303.7   -0.389468606254198
       339               3303.8   -0.389452529758405
       340               3303.9   -0.389240410243131
       341                 3304   -0.388724733626618
       342               3304.1    -0.38794539853995
       343               3304.2   -0.387082689498024
       344               3304.3   -0.386337462240257
       345               3304.4   -0.385796699886504
       346               3304.5   -0.385399640172334
       347               3304.6   -0.385017638684836
       348               3304.7   -0.384551527818958
       349               3304.8   -0.383960052458059
       350               3304.9   -0.383233548316386
       351                 3305   -0.382384164275288
       352               3305.1   -0.381475376699271
       353               3305.2   -0.380635582671101
       354               3305.3   -0.380003910547289
       355               3305.4   -0.379642356432335
       356               3305.5   -0.379499998465889
       357               3305.6   -0.379457496217766
       358               3305.7   -0.379395846889068
       359               3305.8   -0.379238063072112
       360               3305.9   -0.378974176562415
       361                 3306   -0.378684461262231
       362               3306.1    -0.37852431092422
       363               3306.2   -0.378634837732227
       364               3306.3   -0.379025109724202
       365               3306.4   -0.379534500832965
       366               3306.5   -0.379936023290247
       367               3306.6   -0.380115457818139
       368               3306.7   -0.380176828097111
       369               3306.8   -0.380371930882514
       370               3306.9   -0.380898802412602
       371                 3307   -0.381732359656131
       372               3307.1   -0.382633133512536
       373               3307.2   -0.383334534029321
       374               3307.3   -0.383748938960224
       375               3307.4   -0.384000221063653
       376               3307.5   -0.384243870199154
       377               3307.6   -0.384455210450279
       378               3307.7   -0.384416083243843
       379               3307.8   -0.383922703813752
       380               3307.9   -0.382993917494265
       381                 3308    -0.38187107643514
       382               3308.1   -0.380842473582341
       383               3308.2   -0.380088013157879
       384               3308.3   -0.379660506056428
       385               3308.4   -0.379558539273336
       386               3308.5   -0.379792409398112
       387               3308.6   -0.380383709167554
       388               3308.7   -0.381288419859719
       389               3308.8    -0.38229692409161
       390               3308.9   -0.383027911258127
       391                 3309    -0.38308849749334
       392               3309.1   -0.382299643280799
       393               3309.2   -0.380777879427338
       394               3309.3   -0.378797078705856
       395               3309.4   -0.376595793213961
       396               3309.5   -0.374338919771485
       397               3309.6   -0.372224867124101
       398               3309.7   -0.370540145012684
       399               3309.8   -0.369549387715025
       400               3309.9   -0.369334067443783
       401                 3310   -0.369749919418175
       402               3310.1   -0.370522777465173
       403               3310.2   -0.371379670380394
       404               3310.3   -0.372139628494743
       405               3310.4   -0.372748789314501
       406               3310.5   -0.373247591183933
       407               3310.6   -0.373679848862442
       408               3310.7   -0.374025547241516
       409               3310.8   -0.374236816306054
       410               3310.9   -0.374327622750431
       411                 3311   -0.374379602913373
       412               3311.1   -0.374425070662795
       413               3311.2   -0.374335310996339
       414               3311.3   -0.373858217002155
       415               3311.4   -0.372796266425064
       416               3311.5   -0.371175511037093
       417               3311.6   -0.369270153446913
       418               3311.7   -0.367480579330776
       419               3311.8   -0.366172943619713
       420               3311.9    -0.36557604645176
       421                 3312   -0.365737157958956
       422               3312.1   -0.366495756194604
       423               3312.2   -0.367496473594749
       424               3312.3   -0.368311318258822
       425               3312.4   -0.368645836612791
       426               3312.5   -0.368456296716545
       427               3312.6   -0.367842955036136
       428               3312.7   -0.366830420376153
       429               3312.8   -0.365302295255899
       430               3312.9   -0.363190847705671
       431                 3313   -0.360709978305932
       432               3313.1   -0.358340949886948
       433               3313.2   -0.356540565402278
       434               3313.3   -0.355443221069007
       435               3313.4    -0.35482786129137
       436               3313.5   -0.354335053029651
       437               3313.6    -0.35369450837957
       438               3313.7   -0.352792444875482
       439               3313.8   -0.351618973770434
       440               3313.9   -0.350214840932748
       441                 3314   -0.348657458560561
       442               3314.1   -0.347050246777406
       443               3314.2   -0.345484571993938
       444               3314.3   -0.343986022018176
       445               3314.4   -0.342489994830695
       446               3314.5   -0.340884720901378
       447               3314.6   -0.339096270635277
       448               3314.7   -0.337131194460386
       449               3314.8   -0.335031123085953
       450               3314.9   -0.332796536270922
       451                 3315   -0.330362207505354
       452               3315.1    -0.32762159524249
       453               3315.2   -0.324440009280259
       454               3315.3   -0.320659495434571
       455               3315.4   -0.316171626040173
       456               3315.5   -0.311066727354426
       457               3315.6   -0.305720058778401
       458               3315.7   -0.300669232817417
       459               3315.8   -0.296334407921282
       460               3315.9   -0.292804743210447
       461                 3316   -0.289843061723485
       462               3316.1   -0.287050974004016
       463               3316.2   -0.284052069863677
       464               3316.3    -0.28062453745131
       465               3316.4    -0.27676426652888
       466               3316.5   -0.272634279490336
       467               3316.6   -0.268394797107234
       468               3316.7   -0.264039636525967
       469               3316.8   -0.259407913736859
       470               3316.9   -0.254379269330832
       471                 3317   -0.249055155082701
       472               3317.1   -0.243732801561116
       473               3317.2   -0.238705496110551
       474               3317.3   -0.234105152302785
       475               3317.4    -0.22993061383941
       476               3317.5   -0.226187682526772
       477               3317.6   -0.222964045302946
       478               3317.7   -0.220357088139959
       479               3317.8   -0.218329644946099
       480               3317.9    -0.21663219599454
       481                 3318   -0.214866761777445
       482               3318.1   -0.212659073021108
       483               3318.2   -0.209845260524838
       484               3318.3   -0.206582991162532
       485               3318.4   -0.203329813216118
       486               3318.5   -0.200684645799718
       487               3318.6   -0.199157565364741
       488               3318.7    -0.19897434683495
       489               3318.8   -0.200007201305875
       490               3318.9   -0.201872428971305
       491                 3319   -0.204158167665605
       492               3319.1   -0.206649266612187
       493               3319.2   -0.209385984569102
       494               3319.3   -0.212512509968021
       495               3319.4   -0.216063076067561
       496               3319.5   -0.219901062166345
       497               3319.6   -0.223873733196991
       498               3319.7   -0.228007381542933
       499               3319.8   -0.232507170814268
       500               3319.9   -0.237543430621521
       501                 3320    -0.24305887774631
       502               3320.1   -0.248797672894924
       503               3320.2   -0.254488836955074
       504               3320.3   -0.259979603204965
       505               3320.4   -0.265249801625421
       506               3320.5   -0.270389158594017
       507               3320.6   -0.275576484477488
       508               3320.7   -0.281005379839383
       509               3320.8   -0.286755774898125
       510               3320.9   -0.292727537541959
       511                 3321   -0.298714457843339
       512               3321.1   -0.304529655861325
       513               3321.2    -0.31004550667245
       514               3321.3   -0.315160130965538
       515               3321.4   -0.319814329447274
       516               3321.5   -0.324078917439564
       517               3321.6   -0.328181973334013
       518               3321.7   -0.332393698678742
       519               3321.8   -0.336863453677864
       520               3321.9   -0.341550802341972
       521                 3322   -0.346269625399403
       522               3322.1   -0.350770309684413
       523               3322.2   -0.354818719740012
       524               3322.3   -0.358276817573069
       525               3322.4   -0.361158110933494
       526               3322.5   -0.363599038203908
       527               3322.6   -0.365743808529525
       528               3322.7   -0.367633223353088
       529               3322.8   -0.369197919182117
       530               3322.9   -0.370353777268575
       531                 3323   -0.371090680467043
       532               3323.1   -0.371468690866669
       533               3323.2   -0.371567829273531
       534               3323.3   -0.371496555108737
       535               3323.4   -0.371453361327525
       536               3323.5    -0.37171767838563
       537               3323.6   -0.372517501404074
       538               3323.7   -0.373893965812637
       539               3323.8   -0.375700335008456
       540               3323.9   -0.377709368610915
       541                 3324   -0.379700612246335
       542               3324.1   -0.381480705989589
       543               3324.2   -0.382896451860666
       544               3324.3   -0.383877443799089
       545               3324.4   -0.384461455355202
       546               3324.5   -0.384751988654195
       547               3324.6   -0.384839435050873
       548               3324.7   -0.384776271245648
       549               3324.8   -0.384648001096312
       550               3324.9   -0.384658612415334
       551                 3325   -0.385092192903915
       552               3325.1   -0.386125830987604
       553               3325.2   -0.387655576956126
       554               3325.3   -0.389318201377859
       555               3325.4   -0.390686047128699
       556               3325.5   -0.391443226085661
       557               3325.6   -0.391447074280583
       558               3325.7   -0.390755912326501
       559               3325.8   -0.389655334524406
       560               3325.9    -0.38855733639208
       561                 3326    -0.38773897780828
       562               3326.1   -0.387158346392577
       563               3326.2     -0.3865798805854
       564               3326.3   -0.385883709615882
       565               3326.4   -0.385204846463196
       566               3326.5   -0.384759868824494
       567               3326.6   -0.384577762117618
       568               3326.7   -0.384423011818491
       569               3326.8   -0.383965034690564
       570               3326.9   -0.383017499029575
       571                 3327   -0.381652006995299
       572               3327.1   -0.380129089858014
       573               3327.2   -0.378727548519987
       574               3327.3   -0.377598057284112
       575               3327.4   -0.376720451491196
       576               3327.5   -0.375962016149182
       577               3327.6   -0.375180372901122
       578               3327.7    -0.37431287958526
       579               3327.8   -0.373414295619899
       580               3327.9   -0.372618576067805
       581                 3328     -0.3720317178589
       582               3328.1   -0.371623468102816
       583               3328.2   -0.371212477797111
       584               3328.3    -0.37057049535232
       585               3328.4   -0.369562338308755
       586               3328.5   -0.368205464677737
       587               3328.6   -0.366608939698162
       588               3328.7   -0.364866813561925
       589               3328.8   -0.363031844172265
       590               3328.9    -0.36121344266049
       591                 3329   -0.359686423596823
       592               3329.1    -0.35884703838305
       593               3329.2   -0.359001766655802
       594               3329.3   -0.360161576407165
       595               3329.4   -0.362013931303249
       596               3329.5   -0.364066084011708
       597               3329.6    -0.36582087845773
       598               3329.7    -0.36689442117804
       599               3329.8   -0.367095097025439
       600               3329.9   -0.366484610292983
       601                 3330   -0.365367934788571
       602               3330.1   -0.364168122250956
       603               3330.2   -0.363241894703484
       604               3330.3   -0.362739592181333
       605               3330.4   -0.362564994481131
       606               3330.5   -0.362446028729246
       607               3330.6   -0.362111835443103
       608               3330.7   -0.361501627654054
       609               3330.8   -0.360840444242211
       610               3330.9   -0.360482271909675
       611                 3331   -0.360650424612772
       612               3331.1   -0.361327532425648
       613               3331.2   -0.362378783264978
       614               3331.3   -0.363735926926304
       615               3331.4   -0.365444571027285
       616               3331.5   -0.367569942369077
       617               3331.6   -0.370087586143531
       618               3331.7   -0.372840953501692
       619               3331.8   -0.375567459906277
       620               3331.9   -0.377974070148887
       621                 3332    -0.37983140024737
       622               3332.1   -0.381038225602271
       623               3332.2   -0.381637554096873
       624               3332.3   -0.381810341218792
       625               3332.4   -0.381858161638432
       626               3332.5   -0.382143206760856
       627               3332.6   -0.382972479968939
       628               3332.7   -0.384484795710143
       629               3332.8   -0.386625785374024
       630               3332.9   -0.389227397753394
       631                 3333   -0.392114499474925
       632               3333.1   -0.395154632730666
       633               3333.2   -0.398253269180053
       634               3333.3   -0.401355036419256
       635               3333.4   -0.404468184903368
       636               3333.5   -0.407666989304714
       637               3333.6   -0.411042779087558
       638               3333.7   -0.414636419291554
       639               3333.8   -0.418402929298053
       640               3333.9   -0.422219197654847
       641                 3334   -0.425911693774093
       642               3334.1   -0.429297594529989
       643               3334.2   -0.432260145737479
       644               3334.3   -0.434841671952251
       645               3334.4   -0.437259469481153
       646               3334.5   -0.439767168380918
       647               3334.6   -0.442440985823262
       648               3334.7   -0.445091641170168
       649               3334.8   -0.447405570512487
       650               3334.9   -0.449191298835575
       651                 3335   -0.450518584598155
       652               3335.1   -0.451677830895673
       653               3335.2   -0.453049164995342
       654               3335.3   -0.454964603771987
       655               3335.4   -0.457562281073833
       656               3335.5   -0.460656056902012
       657               3335.6   -0.463742451376627
       658               3335.7   -0.466234726008348
       659               3335.8   -0.467807040992375
       660               3335.9   -0.468575052291483
       661                 3336   -0.468952003336484
       662               3336.1   -0.469314515401239
       663               3336.2   -0.469771692703373
       664               3336.3   -0.470191070573256
       665               3336.4   -0.470382544718171
       666               3336.5   -0.470248454213736
       667               3336.6   -0.469802766613087
       668               3336.7   -0.469090575228131
       669               3336.8   -0.468102678228991
       670               3336.9   -0.466766264669868
       671                 3337   -0.465008223412355
       672               3337.1   -0.462799954723466
       673               3337.2   -0.460112355671942
       674               3337.3   -0.456829267417279
       675               3337.4   -0.452736402125332
       676               3337.5   -0.447630166831472
       677               3337.6   -0.441465246906684
       678               3337.7   -0.434416866890886
       679               3337.8   -0.426802299363283
       680               3337.9   -0.418918070715209
       681                 3338   -0.410915629127324
       682               3338.1   -0.402799829313759
       683               3338.2   -0.394517457289992
       684               3338.3   -0.386028185740902
       685               3338.4   -0.377304311052578
       686               3338.5   -0.368311942434211
       687               3338.6   -0.359039463853304
       688               3338.7    -0.34954904282801
       689               3338.8   -0.339967523895764
       690               3338.9   -0.330390117762179
       691                 3339   -0.320774798000304
       692               3339.1   -0.310932381808359
       693               3339.2    -0.30063177853747
       694               3339.3   -0.289727114128476
       695               3339.4   -0.278191761808247
       696               3339.5   -0.266043452473984
       697               3339.6   -0.253259879770194
       698               3339.7   -0.239784947903783
       699               3339.8    -0.22561986400215
       700               3339.9   -0.210914836453655
       701                 3340   -0.195993074553586
       702               3340.1   -0.181281125253781
       703               3340.2   -0.167148376729556
       704               3340.3   -0.153726567616362
       705               3340.4   -0.140857434785406
       706               3340.5   -0.128249635880947
       707               3340.6   -0.115709614697419
       708               3340.7   -0.103210099289628
       709               3340.8  -0.0907559984794963
       710               3340.9  -0.0782660763606623
       711                 3341  -0.0656463515011056
       712               3341.1  -0.0529469576176301
       713               3341.2  -0.0403877104790698
       714               3341.3   -0.028245711516213
       715               3341.4  -0.0167706171268791
       716               3341.5 -0.00617462587595293
       717               3341.6  0.00341997492349599
       718               3341.7    0.012099127757214
       719               3341.8   0.0201741698726218
       720               3341.9   0.0279929230896893
       721                 3342   0.0356986951667932
       722               3342.1   0.0431652262851675
       723               3342.2   0.0501201024420756
       724               3342.3   0.0562830415024704
       725               3342.4   0.0614212092592282
       726               3342.5   0.0653787418959273
       727               3342.6   0.0681147848769611
       728               3342.7   0.0696673151419724
       729               3342.8   0.0700010591281895
       730               3342.9   0.0688739512496064
       731                 3343   0.0658926940412232
       732               3343.1   0.0607398767540052
       733               3343.2   0.0533787176874396
       734               3343.3   0.0440671547595401
       735               3343.4   0.0331622791919676
       736               3343.5   0.0208322808564486
       737               3343.6  0.00687662523994116
       738               3343.7 -0.00917435802731098
       739               3343.8   -0.027712665375931
       740               3343.9  -0.0487222133045041
       741                 3344  -0.0717261277887694
       742               3344.1   -0.096021316145235
       743               3344.2   -0.120982905048595
       744               3344.3    -0.14622467256095
       745               3344.4   -0.171565407672168
       746               3344.5   -0.196897868340327
       747               3344.6   -0.222097319157135
       748               3344.7   -0.247037264141754
       749               3344.8   -0.271655951829397
       750               3344.9   -0.295962642326679
       751                 3345   -0.319962343239004
       752               3345.1   -0.343591591894896
       753               3345.2   -0.366727958359873
       754               3345.3   -0.389220303453878
       755               3345.4   -0.410876773722681
       756               3345.5   -0.431443432851832
       757               3345.6   -0.450638320123376
       758               3345.7   -0.468230782295773
       759               3345.8   -0.484096113791605
       760               3345.9   -0.498204594047331
       761                 3346   -0.510575474692715
       762               3346.1   -0.521262320098492
       763               3346.2   -0.530393317266327
       764               3346.3    -0.53820528995207
       765               3346.4   -0.544993657925557
       766               3346.5   -0.550997884445189
       767               3346.6   -0.556331975539067
       768               3346.7    -0.56101859629747
       769               3346.8    -0.56505938119423
       770               3346.9   -0.568454932679146
       771                 3347   -0.571196466532898
       772               3347.1   -0.573309683970394
       773               3347.2   -0.574936824794073
       774               3347.3   -0.576333969171789
       775               3347.4   -0.577723165938432
       776               3347.5   -0.579124212873755
       777               3347.6   -0.580359029732382
       778               3347.7   -0.581259269618298
       779               3347.8   -0.581885441865868
       780               3347.9   -0.582533502799907
       781                 3348    -0.58350797472901
       782               3348.1   -0.584877444466968
       783               3348.2   -0.586452671064997
       784               3348.3   -0.587999836493411
       785               3348.4   -0.589459404317502
       786               3348.5    -0.59095638046344
       787               3348.6   -0.592631613640387
       788               3348.7   -0.594497358355579
       789               3348.8   -0.596449009248522
       790               3348.9   -0.598387710901926
       791                 3349    -0.60032614552587
       792               3349.1   -0.602385752214257
       793               3349.2    -0.60467703549644
       794               3349.3   -0.607145095116401
       795               3349.4   -0.609511691781808
       796               3349.5   -0.611389220638791
       797               3349.6   -0.612502928276368
       798               3349.7    -0.61285664644391
       799               3349.8   -0.612710194195969
       800               3349.9     -0.6123804495656
       801                 3350   -0.612016259797511
       802               3350.1   -0.611518025238444
       803               3350.2   -0.610660430014064
       804               3350.3   -0.609318900947559
       805               3350.4   -0.607612963353272
       806               3350.5   -0.605835098657323
       807               3350.6   -0.604212318050892
       808               3350.7   -0.602709387280674
       809               3350.8   -0.601055889390785
       810               3350.9   -0.598966783372744
       811                 3351    -0.59635330408169
       812               3351.1    -0.59337025581259
       813               3351.2    -0.59031697968638
       814               3351.3    -0.58748619009506
       815               3351.4   -0.585021107089689
       816               3351.5   -0.582831951215077
       817               3351.6   -0.580638756422976
       818               3351.7   -0.578136742210521
       819               3351.8   -0.575164029891618
       820               3351.9   -0.571751813190435
       821                 3352   -0.568057244161974
       822               3352.1   -0.564262561819685
       823               3352.2   -0.560509151315586
       824               3352.3   -0.556891919058338
       825               3352.4   -0.553500580495387
       826               3352.5   -0.550451980868541
       827               3352.6   -0.547857241273799
       828               3352.7   -0.545739373621241
       829               3352.8   -0.543981042778424
       830               3352.9    -0.54235286549535
       831                 3353   -0.540590443466647
       832               3353.1   -0.538458609933485
       833               3353.2   -0.535790492719138
       834               3353.3   -0.532533884976363
       835               3353.4   -0.528799421547861
       836               3353.5   -0.524841197453351
       837               3353.6   -0.520942929876567
       838               3353.7   -0.517305157294864
       839               3353.8   -0.514034760442043
       840               3353.9   -0.511190324921235
       841                 3354    -0.50877075767458
       842               3354.1   -0.506669396931477
       843               3354.2   -0.504718376792032
       844               3354.3   -0.502816170010314
       845               3354.4   -0.500963392910535
       846               3354.5   -0.499124371022467
       847               3354.6   -0.497085534625317
       848               3354.7   -0.494528086361068
       849               3354.8    -0.49128464524386
       850               3354.9   -0.487526154012843
       851                 3355   -0.483693229341605
       852               3355.1   -0.480232785579711
       853               3355.2   -0.477349324433056
       854               3355.3   -0.474932033129829
       855               3355.4   -0.472672458625469
       856               3355.5   -0.470268214716096
       857               3355.6   -0.467582789566865
       858               3355.7   -0.464695566977155
       859               3355.8   -0.461855089348334
       860               3355.9   -0.459373299069413
       861                 3356   -0.457492583747386
       862               3356.1   -0.456278876323725
       863               3356.2   -0.455610380847339
       864               3356.3   -0.455265368594797
       865               3356.4   -0.455011500686589
       866               3356.5   -0.454614281176837
       867               3356.6   -0.453822148438585
       868               3356.7   -0.452446942115358
       869               3356.8   -0.450519330671397
       870               3356.9   -0.448342050642699
       871                 3357   -0.446330959367118
       872               3357.1   -0.444759706862094
       873               3357.2   -0.443623778183235
       874               3357.3   -0.442708493516277
       875               3357.4   -0.441763914505116
       876               3357.5   -0.440644651102875
       877               3357.6   -0.439351283571311
       878               3357.7   -0.437992787637545
       879               3357.8   -0.436713200265807
       880               3357.9   -0.435610923980349
       881                 3358   -0.434668092897612
       882               3358.1   -0.433719685020413
       883               3358.2   -0.432507587831756
       884               3358.3   -0.430834986760146
       885               3358.4   -0.428741265935297
       886               3358.5   -0.426535732112796
       887               3358.6   -0.424595328739032
       888               3358.7   -0.423052895979032
       889               3358.8   -0.421661000380655
       890               3358.9   -0.419992932793411
       891                 3359   -0.417822761756107
       892               3359.1   -0.415347138393494
       893               3359.2   -0.413068225289083
       894               3359.3   -0.411472259098096
       895               3359.4   -0.410780742596465
       896               3359.5   -0.410916768099888
       897               3359.6   -0.411617841728174
       898               3359.7   -0.412560767757041
       899               3359.8   -0.413438151408688
       900               3359.9   -0.413996102078735
       901                 3360   -0.414054099686421
       902               3360.1   -0.413526745432574
       903               3360.2   -0.412458798653835
       904               3360.3   -0.411041259989453
       905               3360.4   -0.409548289005874
       906               3360.5   -0.408198517079262
       907               3360.6   -0.407042892114739
       908               3360.7   -0.405974846666684
       909               3360.8   -0.404842072352955
       910               3360.9   -0.403558871764203
       911                 3361   -0.402151375994734
       912               3361.1   -0.400736425547544
       913               3361.2   -0.399461949753802
       914               3361.3   -0.398440432074874
       915               3361.4   -0.397712533737776
       916               3361.5   -0.397266577025628
       917               3361.6   -0.397100313538913
       918               3361.7   -0.397267748531997
       919               3361.8   -0.397853109907334
       920               3361.9     -0.3988855846379
       921                 3362   -0.400283947314626
       922               3362.1   -0.401882691932416
       923               3362.2   -0.403478545411577
       924               3362.3   -0.404832122654811
       925               3362.4   -0.405683567996501
       926               3362.5   -0.405871153933423
       927               3362.6   -0.405479857606161
       928               3362.7   -0.404824795311215
       929               3362.8   -0.404216955677668
       930               3362.9   -0.403720463187511
       931                 3363   -0.403149493891472
       932               3363.1    -0.40229715668094
       933               3363.2   -0.401146654358881
       934               3363.3   -0.399874209169407
       935               3363.4   -0.398707993270877
       936               3363.5   -0.397823483780613
       937               3363.6   -0.397327792534547
       938               3363.7   -0.397242048229314
       939               3363.8   -0.397437367679857
       940               3363.9   -0.397618486317898
       941                 3364   -0.397449719751316
       942               3364.1     -0.3967599857332
       943               3364.2   -0.395658193728655
       944               3364.3   -0.394474245959342
       945               3364.4   -0.393596279462964
       946               3364.5   -0.393317504109491
       947               3364.6   -0.393738323011444
       948               3364.7   -0.394727899799752
       949               3364.8   -0.395967958612555
       950               3364.9   -0.397083702022729
       951                 3365   -0.397793113172022
       952               3365.1   -0.397992392009989
       953               3365.2   -0.397774846354414
       954               3365.3   -0.397416078321723
       955               3365.4   -0.397292863479432
       956               3365.5    -0.39769488079992
       957               3365.6   -0.398624298443968
       958               3365.7   -0.399764543183598
       959               3365.8   -0.400663155405087
       960               3365.9   -0.400974636204752
       961                 3366   -0.400597885524386
       962               3366.1   -0.399677200935899
       963               3366.2   -0.398509610849724
       964               3366.3   -0.397396414841962
       965               3366.4   -0.396505864258458
       966               3366.5   -0.395841731490406
       967               3366.6   -0.395328408688622
       968               3366.7   -0.394905603096398
       969               3366.8    -0.39454846986294
       970               3366.9   -0.394252128603239
       971                 3367   -0.394044787067174
       972               3367.1   -0.394002658261837
       973               3367.2   -0.394209621087215
       974               3367.3   -0.394688247973007
       975               3367.4   -0.395378677738238
       976               3367.5   -0.396179677023388
       977               3367.6   -0.396998016661818
       978               3367.7   -0.397765577193268
       979               3367.8   -0.398426432843327
       980               3367.9   -0.398908358504517
       981                 3368   -0.399098029546754
       982               3368.1   -0.398854424715634
       983               3368.2   -0.398080468667511
       984               3368.3   -0.396816886355186
       985               3368.4   -0.395285994577893
       986               3368.5   -0.393844097327785
       987               3368.6    -0.39286344440018
       988               3368.7   -0.392597713772235
       989               3368.8   -0.393084251956725
       990               3368.9   -0.394128097551474
       991                 3369   -0.395384944607832
       992               3369.1   -0.396496931791993
       993               3369.2   -0.397197270028622
       994               3369.3   -0.397352309542922
       995               3369.4   -0.396982478638196
       996               3369.5   -0.396278393054868
       997               3369.6   -0.395553510574878
       998               3369.7   -0.395102854873491
       999               3369.8   -0.395056780217375
      1000               3369.9   -0.395350554476824
      1001                 3370   -0.395813316801465
      1002               3370.1   -0.396270674559586
      1003               3370.2   -0.396591705077003
      1004               3370.3   -0.396714680612244
      1005               3370.4   -0.396693413470971
      1006               3370.5   -0.396718214162213
      1007               3370.6   -0.397035372103428
      1008               3370.7   -0.397782626059626
      1009               3370.8   -0.398858868670157
      1010               3370.9   -0.399931383672498
      1011                 3371   -0.400579570038551
      1012               3371.1   -0.400489226470151
      1013               3371.2   -0.399599002269731
      1014               3371.3   -0.398133424368389
      1015               3371.4   -0.396500593828102
      1016               3371.5     -0.3950949259338
      1017               3371.6   -0.394122598078541
      1018               3371.7   -0.393575166846433
      1019               3371.8   -0.393349024217078
      1020               3371.9   -0.393365574826992
      1021                 3372    -0.39358040838099
      1022               3372.1    -0.39393267549904
      1023               3372.2   -0.394339551514755
      1024               3372.3    -0.39473741660259
      1025               3372.4   -0.395106675082598
      1026               3372.5   -0.395468399375495
      1027               3372.6   -0.395873338528435
      1028               3372.7    -0.39637094250959
      1029               3372.8   -0.396959741504518
      1030               3372.9   -0.397582904584479
      1031                 3373   -0.398205238433869
      1032               3373.1   -0.398887375568367
      1033               3373.2   -0.399738520630349
      1034               3373.3   -0.400760446296201
      1035               3373.4   -0.401739848323714
      1036               3373.5   -0.402325066747054
      1037               3373.6    -0.40225338521991
      1038               3373.7   -0.401551764346728
      1039               3373.8   -0.400549804916207
      1040               3373.9   -0.399691795348802
      1041                 3374   -0.399283782194713
      1042               3374.1   -0.399349983790777
      1043               3374.2    -0.39968005796558
      1044               3374.3   -0.399999251850782
      1045               3374.4   -0.400109313896937
      1046               3374.5   -0.399907013754446
      1047               3374.6   -0.399336159597734
      1048               3374.7   -0.398402440046469
      1049               3374.8   -0.397270211416407
      1050               3374.9    -0.39628794110407
      1051                 3375   -0.395805708643264
      1052               3375.1   -0.395891401254006
      1053               3375.2   -0.396228606829925
      1054               3375.3   -0.396332148588715
      1055               3375.4   -0.395898198415893
      1056               3375.5   -0.394987696790746
      1057               3375.6   -0.393932329516318
      1058               3375.7   -0.393099414308631
      1059               3375.8   -0.392708202299481
      1060               3375.9   -0.392778642804174
      1061                 3376   -0.393184472860207
      1062               3376.1   -0.393754551239436
      1063               3376.2   -0.394373657001468
      1064               3376.3   -0.395036217740324
      1065               3376.4   -0.395830247356635
      1066               3376.5   -0.396880372271787
      1067               3376.6   -0.398291030907369
      1068               3376.7   -0.400080427874771
      1069               3376.8   -0.402085927874983
      1070               3376.9   -0.403914599353111
      1071                 3377   -0.405066036011125
      1072               3377.1    -0.40521462715055
      1073               3377.2    -0.40443449396733
      1074               3377.3   -0.403163437703934
      1075               3377.4   -0.401949299625625
      1076               3377.5   -0.401204790558277
      1077               3377.6   -0.401115405507756
      1078               3377.7   -0.401657886462386
      1079               3377.8   -0.402647027089201
      1080               3377.9   -0.403819974347365
      1081                 3378   -0.404979219168005
      1082               3378.1   -0.406107106243813
      1083               3378.2   -0.407330570449246
      1084               3378.3    -0.40875814643792
      1085               3378.4   -0.410355684791567
      1086               3378.5   -0.411973191297621
      1087               3378.6   -0.413459076015603
      1088               3378.7   -0.414733217948655
      1089               3378.8   -0.415789678653269
      1090               3378.9   -0.416690456959727
      1091                 3379   -0.417570647383663
      1092               3379.1    -0.41859723324645
      1093               3379.2   -0.419858681266475
      1094               3379.3   -0.421282796214779
      1095               3379.4   -0.422703008715474
      1096               3379.5   -0.424037908929001
      1097               3379.6   -0.425386677887725
      1098               3379.7   -0.426902287010761
      1099               3379.8   -0.428555669806494
      1100               3379.9   -0.430058370406955
      1101                 3380   -0.431066486863782
      1102               3380.1   -0.431490970498406
      1103               3380.2   -0.431619450460448
      1104               3380.3   -0.431938293812426
      1105               3380.4   -0.432816575238152
      1106               3380.5   -0.434298774241487
      1107               3380.6   -0.436118693977274
      1108               3380.7   -0.437873666115384
      1109               3380.8    -0.43923022824588
      1110               3380.9   -0.440062539038911
      1111                 3381   -0.440474776573033
      1112               3381.1   -0.440696982017557
      1113               3381.2   -0.440902795971239
      1114               3381.3   -0.441076969730087
      1115               3381.4    -0.44106078300181
      1116               3381.5    -0.44075184234499
      1117               3381.6   -0.440259112442855
      1118               3381.7   -0.439840571584892
      1119               3381.8   -0.439688099011388
      1120               3381.9   -0.439796927591293
      1121                 3382   -0.440046749149653
      1122               3382.1   -0.440364143930614
      1123               3382.2   -0.440754940855732
      1124               3382.3    -0.44118505355378
      1125               3382.4   -0.441496700898355
      1126               3382.5    -0.44150241703377
      1127               3382.6   -0.441161515045174
      1128               3382.7   -0.440624808073269
      1129               3382.8   -0.440088983590202
      1130               3382.9   -0.439626966297818
      1131                 3383   -0.439168360353176
      1132               3383.1   -0.438608605703516
      1133               3383.2   -0.437896625299437
      1134               3383.3   -0.437029714479949
      1135               3383.4    -0.43602192048632
      1136               3383.5   -0.434916675630801
      1137               3383.6   -0.433809682367082
      1138               3383.7   -0.432807046033356
      1139               3383.8   -0.431938721613637
      1140               3383.9   -0.431143520241885
      1141                 3384   -0.430375207057988
      1142               3384.1   -0.429711879365553
      1143               3384.2   -0.429319815588134
      1144               3384.3   -0.429291694546748
      1145               3384.4   -0.429523599898615
      1146               3384.5   -0.429737481626278
      1147               3384.6   -0.429608423528972
      1148               3384.7   -0.428904539027212
      1149               3384.8   -0.427583120826109
      1150               3384.9   -0.425807491548778
      1151                 3385   -0.423861455531498
      1152               3385.1   -0.422001253318224
      1153               3385.2   -0.420350126777763
      1154               3385.3   -0.418901272468864
      1155               3385.4   -0.417574107782164
      1156               3385.5   -0.416229833627911
      1157               3385.6   -0.414663139391455
      1158               3385.7   -0.412679501033238
      1159               3385.8   -0.410269107688741
      1160               3385.9   -0.407712871182706
      1161                 3386   -0.405467311040604
      1162               3386.1   -0.403896339324185
      1163               3386.2   -0.403082265576319
      1164               3386.3   -0.402857304780846
      1165               3386.4   -0.402969411738034
      1166               3386.5   -0.403200641618115
      1167               3386.6   -0.403372960321478
      1168               3386.7   -0.403322538479745
      1169               3386.8   -0.402920931471007
      1170               3386.9   -0.402124426922375
      1171                 3387   -0.400997368776129
      1172               3387.1   -0.399696171773645
      1173               3387.2   -0.398426763025104
      1174               3387.3   -0.397386452922589
      1175               3387.4   -0.396715535138766
      1176               3387.5   -0.396487141959885
      1177               3387.6   -0.396720570169004
      1178               3387.7    -0.39737900140355
      1179               3387.8   -0.398359786440965
      1180               3387.9   -0.399518223902074
      1181                 3388   -0.400710703362958
      1182               3388.1   -0.401798366013068
      1183               3388.2    -0.40261810299312
      1184               3388.3   -0.403002350234497
      1185               3388.4   -0.402870665917194
      1186               3388.5   -0.402296396612961
      1187               3388.6   -0.401455194602072
      1188               3388.7   -0.400500652134337
      1189               3388.8   -0.399505129915494
      1190               3388.9   -0.398520929385818
      1191                 3389   -0.397650814125256
      1192               3389.1   -0.396987957855449
      1193               3389.2   -0.396465290181368
      1194               3389.3   -0.395824482150941
      1195               3389.4   -0.394818501976851
      1196               3389.5    -0.39347853095666
      1197               3389.6   -0.392161215855836
      1198               3389.7   -0.391306984802351
      1199               3389.8    -0.39113533326187
      1200               3389.9   -0.391546282496047
      1201                 3390   -0.392267557309937
      1202               3390.1   -0.393055106361266
      1203               3390.2   -0.393755752152449
      1204               3390.3   -0.394237874067819
      1205               3390.4    -0.39434667164148
      1206               3390.5   -0.393977150776419
      1207               3390.6   -0.393179834498419
      1208               3390.7    -0.39215587350351
      1209               3390.8   -0.391126584805711
      1210               3390.9   -0.390203917405092
      1211                 3391   -0.389373207276855
      1212               3391.1   -0.388568531923923
      1213               3391.2   -0.387740564391049
      1214               3391.3   -0.386866751869248
      1215               3391.4   -0.385947305895209
      1216               3391.5   -0.385031502105401
      1217               3391.6   -0.384228520258632
      1218               3391.7   -0.383632539506122
      1219               3391.8   -0.383207925760166
      1220               3391.9   -0.382775503964867
      1221                 3392    -0.38214963701822
      1222               3392.1   -0.381305206290604
      1223               3392.2   -0.380430061047145
      1224               3392.3   -0.379849492450695
      1225               3392.4   -0.379902355151245
      1226               3392.5   -0.380815656600984
      1227               3392.6   -0.382580406330728
      1228               3392.7    -0.38487738076216
      1229               3392.8   -0.387152538138622
      1230               3392.9    -0.38885853329237
      1231                 3393   -0.389708568017361
      1232               3393.1   -0.389743926802157
      1233               3393.2   -0.389185995865502
      1234               3393.3   -0.388249790572728
      1235               3393.4   -0.387105401875104
      1236               3393.5   -0.385975274851345
      1237               3393.6   -0.385176107799009
      1238               3393.7   -0.384974065755184
      1239               3393.8   -0.385369625616618
      1240               3393.9   -0.386060054517504
      1241                 3394   -0.386652309176072
      1242               3394.1   -0.386922457960956
      1243               3394.2   -0.386890976972703
      1244               3394.3   -0.386717917810686
      1245               3394.4   -0.386586782060187
      1246               3394.5   -0.386655016810361
      1247               3394.6   -0.386998571169989
      1248               3394.7   -0.387512989187761
      1249               3394.8   -0.387887079503959
      1250               3394.9   -0.387776174906159
      1251                 3395   -0.387096085911286
      1252               3395.1   -0.386171553823091
      1253               3395.2   -0.385564503311935
      1254               3395.3   -0.385714881423604
      1255               3395.4   -0.386704039187674
      1256               3395.5   -0.388294852555049
      1257               3395.6   -0.390121023754706
      1258               3395.7   -0.391822986661775
      1259               3395.8    -0.39308148655177
      1260               3395.9   -0.393629073814685
      1261                 3396   -0.393290598076758
      1262               3396.1   -0.392031033417132
      1263               3396.2    -0.38998691606678
      1264               3396.3   -0.387478611094696
      1265               3396.4   -0.384972341111612
      1266               3396.5   -0.382940185465216
      1267               3396.6   -0.381651956417281
      1268               3396.7   -0.381061320536389
      1269               3396.8   -0.380915089438369
      1270               3396.9   -0.380988002866437
      1271                 3397   -0.381203310792124
      1272               3397.1   -0.381554344720323
      1273               3397.2   -0.381989792621521
      1274               3397.3   -0.382430954317893
      1275               3397.4   -0.382878503490858
      1276               3397.5   -0.383445429338724
      1277               3397.6   -0.384255063934521
      1278               3397.7   -0.385308956278907
      1279               3397.8   -0.386466006300557
      1280               3397.9   -0.387557147017003
      1281                 3398   -0.388518870570658
      1282               3398.1   -0.389415112299721
      1283               3398.2   -0.390344615618489
      1284               3398.3   -0.391347853947352
      1285               3398.4   -0.392397681362488
      1286               3398.5   -0.393437050703715
      1287               3398.6   -0.394381617270737
      1288               3398.7   -0.395085453893234
      1289               3398.8   -0.395353237106743
      1290               3398.9   -0.395048666454593
      1291                 3399   -0.394226829817235
      1292               3399.1   -0.393153458419203
      1293               3399.2   -0.392160524216313
      1294               3399.3   -0.391450838493192
      1295               3399.4   -0.391022272505617
      1296               3399.5   -0.390756670671198
      1297               3399.6     -0.3905561942677
      1298               3399.7   -0.390403560949771
      1299               3399.8   -0.390343733660677
      1300               3399.9   -0.390443529024086
      1301                 3400   -0.390737588891783
      1302               3400.1   -0.391154066610354
      1303               3400.2   -0.391480533196423
      1304               3400.3   -0.391449864284219
      1305               3400.4   -0.390921979111521
      1306               3400.5   -0.390019750022864
      1307               3400.6   -0.389082757580775
      1308               3400.7   -0.388440165758217
      1309               3400.8   -0.388169244002319
      1310               3400.9   -0.388052456721445
      1311                 3401   -0.387790520373129
      1312               3401.1   -0.387283031492051
      1313               3401.2   -0.386710257035483
      1314               3401.3    -0.38635073768362
      1315               3401.4   -0.386337485229207
      1316               3401.5   -0.386592164750894
      1317               3401.6   -0.386960696669008
      1318               3401.7   -0.387370297572587
      1319               3401.8   -0.387851823362112
      1320               3401.9   -0.388450398617641
      1321                 3402    -0.38915145566935
      1322               3402.1   -0.389883145251588
      1323               3402.2   -0.390547196556791
      1324               3402.3    -0.39102633059055
      1325               3402.4   -0.391189367291042
      1326               3402.5   -0.390937527938197
      1327               3402.6    -0.39027755150614
      1328               3402.7   -0.389357635185899
      1329               3402.8   -0.388424577306222
      1330               3402.9    -0.38772245284758
      1331                 3403   -0.387391558844152
      1332               3403.1   -0.387421133084227
      1333               3403.2   -0.387677750347583
      1334               3403.3   -0.387987115845415
      1335               3403.4   -0.388206198118158
      1336               3403.5   -0.388231336153348
      1337               3403.6   -0.387969048154505
      1338               3403.7   -0.387364138227916
      1339               3403.8   -0.386514508841301
      1340               3403.9   -0.385747413832079
      1341                 3404   -0.385498150199909
      1342               3404.1   -0.386019336213858
      1343               3404.2   -0.387165267775115
      1344               3404.3   -0.388473005320239
      1345               3404.4   -0.389496351334426
      1346               3404.5   -0.390111365538474
      1347               3404.6   -0.390538065947833
      1348               3404.7   -0.391081859570953
      1349               3404.8   -0.391846399697953
      1350               3404.9   -0.392676640835193
      1351                 3405   -0.393350820175959
      1352               3405.1   -0.393793089843962
      1353               3405.2   -0.394080252537368
      1354               3405.3   -0.394261335902729
      1355               3405.4   -0.394223010502415
      1356               3405.5   -0.393772026867804
      1357               3405.6   -0.392840494630374
      1358               3405.7   -0.391570048978827
      1359               3405.8   -0.390178628293062
      1360               3405.9   -0.388773523287409
      1361                 3406   -0.387328850973642
      1362               3406.1   -0.385840483163897
      1363               3406.2    -0.38446302738632
      1364               3406.3   -0.383461100321573
      1365               3406.4    -0.38302193046613
      1366               3406.5   -0.383125375904979
      1367               3406.6   -0.383594578593549
      1368               3406.7   -0.384255761786556
      1369               3406.8   -0.385034304478435
      1370               3406.9   -0.385897134642547
      1371                 3407   -0.386721163335875
      1372               3407.1   -0.387256288446474
      1373               3407.2   -0.387265186397308
      1374               3407.3   -0.386729361673609
      1375               3407.4   -0.385915753725928
      1376               3407.5   -0.385229493477749
      1377               3407.6   -0.384993250208868
      1378               3407.7   -0.385332247108335
      1379               3407.8    -0.38619092043944
      1380               3407.9   -0.387396170775327
      1381                 3408   -0.388720316796367
      1382               3408.1   -0.389943132360535
      1383               3408.2   -0.390884300082357
      1384               3408.3   -0.391387202719912
      1385               3408.4   -0.391319202471959
      1386               3408.5   -0.390656479597467
      1387               3408.6   -0.389585837308685
      1388               3408.7   -0.388477936734034
      1389               3408.8   -0.387708815975188
      1390               3408.9   -0.387470127817728
      1391                 3409   -0.387701321059703
      1392               3409.1   -0.388151471580262
      1393               3409.2   -0.388514485740233
      1394               3409.3   -0.388586403293982
      1395               3409.4    -0.38836925323237
      1396               3409.5   -0.388032940395317
      1397               3409.6   -0.387751052115345
      1398               3409.7   -0.387569071571959
      1399               3409.8    -0.38744352770099
      1400               3409.9   -0.387395574164186
      1401                 3410   -0.387584228814552
      1402               3410.1   -0.388200609351561
      1403               3410.2   -0.389299078198459
      1404               3410.3   -0.390746699189481
      1405               3410.4   -0.392316066300198
      1406               3410.5    -0.39378531824251
      1407               3410.6   -0.394949153930013
      1408               3410.7   -0.395600893684102
      1409               3410.8   -0.395585399533426
      1410               3410.9   -0.394904149420224
      1411                 3411   -0.393756006854176
      1412               3411.1   -0.392447437211243
      1413               3411.2   -0.391234708164382
      1414               3411.3   -0.390227087106512
      1415               3411.4   -0.389423474961024
      1416               3411.5   -0.388827732921051
      1417               3411.6   -0.388512892568633
      1418               3411.7   -0.388565958096631
      1419               3411.8   -0.388978699604913
      1420               3411.9   -0.389601871458512
      1421                 3412   -0.390204259192627
      1422               3412.1   -0.390583881745176
      1423               3412.2     -0.3906594791969
      1424               3412.3   -0.390494037043377
      1425               3412.4   -0.390224930075677
      1426               3412.5   -0.389928657419079
      1427               3412.6   -0.389525735684984
      1428               3412.7   -0.388827739690571
      1429               3412.8   -0.387704061148481
      1430               3412.9   -0.386228495447434
      1431                 3413   -0.384680828055586
      1432               3413.1    -0.38339374861881
      1433               3413.2   -0.382547426987655
      1434               3413.3   -0.382062785405602
      1435               3413.4   -0.381691692106626
      1436               3413.5   -0.381245916818036
      1437               3413.6   -0.380766421693708
      1438               3413.7   -0.380476978148278
      1439               3413.8   -0.380578584652088
      1440               3413.9   -0.381095198324846
      1441                 3414   -0.381899038885687
      1442               3414.1   -0.382831761655095
      1443               3414.2   -0.383761217309346
      1444               3414.3   -0.384550101417552
      1445               3414.4   -0.385050579362044
      1446               3414.5   -0.385182724227922
      1447               3414.6   -0.385008437534224
      1448               3414.7   -0.384705441836313
      1449               3414.8   -0.384473436401668
      1450               3414.9   -0.384463318807009
      1451                 3415   -0.384753569359661
      1452               3415.1    -0.38534961412382
      1453               3415.2   -0.386208739636449
      1454               3415.3   -0.387290214468196
      1455               3415.4   -0.388575559277225
      1456               3415.5    -0.39001368678536
      1457               3415.6   -0.391445132572505
      1458               3415.7   -0.392616462510072
      1459               3415.8   -0.393316573648476
      1460               3415.9   -0.393523641402487
      1461                 3416   -0.393410709645214
      1462               3416.1   -0.393200213037297
      1463               3416.2   -0.393035175995155
      1464               3416.3   -0.393001914810915
      1465               3416.4   -0.393214571158394
      1466               3416.5   -0.393776078821492
      1467               3416.6    -0.39462140973171
      1468               3416.7   -0.395458439236745
      1469               3416.8   -0.395939334380759
      1470               3416.9   -0.395916709889098
      1471                 3417   -0.395522757508978
      1472               3417.1   -0.394999669424386
      1473               3417.2   -0.394473736481616
      1474               3417.3   -0.393902062534035
      1475               3417.4   -0.393213520330972
      1476               3417.5   -0.392468615162128
      1477               3417.6   -0.391875671320642
      1478               3417.7   -0.391660382659984
      1479               3417.8   -0.391906219219526
      1480               3417.9   -0.392485770742362
      1481                 3418   -0.393131980787991
      1482               3418.1   -0.393603221051852
      1483               3418.2   -0.393815867323374
      1484               3418.3   -0.393825784221191
      1485               3418.4   -0.393675597449109
      1486               3418.5   -0.393276204129135
      1487               3418.6   -0.392470435456328
      1488               3418.7   -0.391221587448032
      1489               3418.8   -0.389716063032718
      1490               3418.9   -0.388266181743452
      1491                 3419   -0.387125054982096
      1492               3419.1   -0.386393419447658
      1493               3419.2   -0.386052364433546
      1494               3419.3    -0.38602592791304
      1495               3419.4   -0.386217201189564
      1496               3419.5   -0.386543373158882
      1497               3419.6   -0.386971733039616
      1498               3419.7   -0.387513574142664
      1499               3419.8    -0.38817918719621
      1500               3419.9   -0.388947547537564
