     index            Field [G]         Intensity []

         1                 3270   -0.386336482554023
         2               3270.1    -0.38547757282452
         3               3270.2   -0.384483848068738
         4               3270.3   -0.383480349364287
         5               3270.4   -0.382614121462782
         6               3270.5    -0.38196251354064
         7               3270.6   -0.381465849930638
         8               3270.7   -0.380981624083733
         9               3270.8   -0.380441459937358
        10               3270.9   -0.379964002576755
        11                 3271   -0.379805418704092
        12               3271.1   -0.380189835794307
        13               3271.2   -0.381176286889787
        14               3271.3   -0.382654008417152
        15               3271.4    -0.38440274745102
        16               3271.5   -0.386119517956518
        17               3271.6   -0.387428241286568
        18               3271.7   -0.387965142321143
        19               3271.8   -0.387553748219216
        20               3271.9   -0.386353399055404
        21                 3272   -0.384838260252153
        22               3272.1   -0.383573458047494
        23               3272.2   -0.382920110068563
        24               3272.3   -0.382881081598976
        25               3272.4    -0.38319013379867
        26               3272.5   -0.383532468573486
        27               3272.6   -0.383698947477585
        28               3272.7   -0.383605025048426
        29               3272.8   -0.383254725967151
        30               3272.9   -0.382718120388539
        31                 3273   -0.382105063922539
        32               3273.1   -0.381522194180816
        33               3273.2    -0.38105479003815
        34               3273.3   -0.380788862159056
        35               3273.4    -0.38081673144734
        36               3273.5   -0.381185464863013
        37               3273.6   -0.381839511407481
        38               3273.7   -0.382635844901333
        39               3273.8   -0.383431190908334
        40               3273.9   -0.384163653497561
        41                 3274   -0.384859355220703
        42               3274.1   -0.385561134201573
        43               3274.2   -0.386238197250816
        44               3274.3   -0.386752478012643
        45               3274.4   -0.386910730206795
        46               3274.5   -0.386557277470606
        47               3274.6   -0.385642969199319
        48               3274.7   -0.384255211642167
        49               3274.8   -0.382627696463832
        50               3274.9   -0.381121914229966
        51                 3275   -0.380146462350933
        52               3275.1   -0.380011064325699
        53               3275.2   -0.380775889328746
        54               3275.3   -0.382195300019924
        55               3275.4   -0.383825930372026
        56               3275.5   -0.385264206531296
        57               3275.6   -0.386358438610133
        58               3275.7   -0.387224032598638
        59               3275.8   -0.388040811305406
        60               3275.9   -0.388817602303136
        61                 3276    -0.38935030513896
        62               3276.1   -0.389404397251957
        63               3276.2     -0.3889298773094
        64               3276.3   -0.388112242984513
        65               3276.4   -0.387249806919684
        66               3276.5   -0.386590570979474
        67               3276.6   -0.386238425202862
        68               3276.7   -0.386141482702222
        69               3276.8    -0.38612976350904
        70               3276.9   -0.385986096691367
        71                 3277   -0.385551144527373
        72               3277.1   -0.384839805416806
        73               3277.2   -0.384100462346425
        74               3277.3   -0.383743045005036
        75               3277.4   -0.384137420739287
        76               3277.5   -0.385392846641013
        77               3277.6   -0.387266131662705
        78               3277.7   -0.389260788155282
        79               3277.8   -0.390842168814175
        80               3277.9   -0.391627900666755
        81                 3278   -0.391466144930017
        82               3278.1   -0.390412883138345
        83               3278.2   -0.388667554773124
        84               3278.3   -0.386513466888993
        85               3278.4   -0.384280946023543
        86               3278.5   -0.382322521084248
        87               3278.6   -0.380961582280105
        88               3278.7   -0.380388568304267
        89               3278.8   -0.380552663559147
        90               3278.9    -0.38115507968577
        91                 3279   -0.381793853946225
        92               3279.1   -0.382173210842162
        93               3279.2   -0.382224802501962
        94               3279.3   -0.382071033587153
        95               3279.4   -0.381892790412563
        96               3279.5    -0.38180905934503
        97               3279.6    -0.38182836931282
        98               3279.7    -0.38187138338111
        99               3279.8   -0.381826905813184
       100               3279.9   -0.381593168790049
       101                 3280   -0.381090197619896
       102               3280.1     -0.3802800024589
       103               3280.2   -0.379218029444803
       104               3280.3   -0.378085991985681
       105               3280.4   -0.377142553101617
       106               3280.5   -0.376613702154145
       107               3280.6   -0.376604093341014
       108               3280.7   -0.377064416863813
       109               3280.8   -0.377798008889371
       110               3280.9   -0.378516867534059
       111                 3281   -0.378972086118289
       112               3281.1   -0.379101801859776
       113               3281.2   -0.379066085204709
       114               3281.3   -0.379108334567966
       115               3281.4   -0.379341631375575
       116               3281.5   -0.379636758906888
       117               3281.6   -0.379713708460503
       118               3281.7   -0.379378101775426
       119               3281.8   -0.378718403307075
       120               3281.9   -0.378092148447719
       121                 3282   -0.377894068263859
       122               3282.1   -0.378285778159841
       123               3282.2   -0.379098644601373
       124               3282.3   -0.379971045642224
       125               3282.4   -0.380599182099876
       126               3282.5   -0.380916732001434
       127               3282.6   -0.381090926705629
       128               3282.7   -0.381356802740459
       129               3282.8   -0.381819237722837
       130               3282.9   -0.382365863328875
       131                 3283   -0.382743801077296
       132               3283.1   -0.382732878718132
       133               3283.2    -0.38229064856514
       134               3283.3   -0.381576737825758
       135               3283.4   -0.380850769345564
       136               3283.5   -0.380326714112196
       137               3283.6   -0.380091633939666
       138               3283.7   -0.380123378617914
       139               3283.8    -0.38034357293242
       140               3283.9   -0.380636886713449
       141                 3284   -0.380851768953493
       142               3284.1   -0.380849948509153
       143               3284.2   -0.380618204087791
       144               3284.3   -0.380351014721222
       145               3284.4   -0.380380009070199
       146               3284.5   -0.380942798880545
       147               3284.6   -0.381966763210736
       148               3284.7   -0.383081696864557
       149               3284.8   -0.383878268551071
       150               3284.9   -0.384187462564914
       151                 3285    -0.38413501773458
       152               3285.1   -0.383947177233125
       153               3285.2   -0.383718712765761
       154               3285.3   -0.383375114389581
       155               3285.4   -0.382852081787639
       156               3285.5    -0.38227691071427
       157               3285.6   -0.381919230539284
       158               3285.7   -0.381929180258909
       159               3285.8   -0.382135517306117
       160               3285.9   -0.382132452569772
       161                 3286    -0.38158590625453
       162               3286.1   -0.380480086550794
       163               3286.2    -0.37910990639476
       164               3286.3   -0.377865855396816
       165               3286.4   -0.377008807077088
       166               3286.5   -0.376594356625875
       167               3286.6   -0.376545949965089
       168               3286.7   -0.376745714884152
       169               3286.8   -0.377042210312789
       170               3286.9   -0.377223680990669
       171                 3287      -0.377072337391
       172               3287.1   -0.376501002507273
       173               3287.2   -0.375637227033133
       174               3287.3    -0.37475689839571
       175               3287.4   -0.374130977307465
       176               3287.5   -0.373922405032474
       177               3287.6   -0.374181346177081
       178               3287.7   -0.374878667053476
       179               3287.8   -0.375922210331702
       180               3287.9   -0.377166844736501
       181                 3288   -0.378439690779581
       182               3288.1   -0.379562688348106
       183               3288.2   -0.380358563805292
       184               3288.3   -0.380672467446596
       185               3288.4   -0.380434000467626
       186               3288.5   -0.379714484451165
       187               3288.6   -0.378714881217571
       188               3288.7   -0.377691902510296
       189               3288.8   -0.376885917474344
       190               3288.9   -0.376479141697275
       191                 3289   -0.376561281695875
       192               3289.1    -0.37709657305265
       193               3289.2    -0.37792720477654
       194               3289.3   -0.378831560205716
       195               3289.4   -0.379602409189342
       196               3289.5    -0.38010077408756
       197               3289.6   -0.380278119638612
       198               3289.7   -0.380174856559257
       199               3289.8   -0.379887855428712
       200               3289.9   -0.379509384804692
       201                 3290   -0.379074262860999
       202               3290.1   -0.378552627888702
       203               3290.2   -0.377888109471056
       204               3290.3   -0.377052385191984
       205               3290.4   -0.376080802438424
       206               3290.5    -0.37506327190501
       207               3290.6   -0.374100498219869
       208               3290.7   -0.373275257591907
       209               3290.8   -0.372670548883127
       210               3290.9   -0.372396049309391
       211                 3291   -0.372557444457131
       212               3291.1   -0.373170354915461
       213               3291.2   -0.374101056263956
       214               3291.3    -0.37510653455702
       215               3291.4   -0.375956279759047
       216               3291.5   -0.376544061036698
       217               3291.6     -0.3769061404598
       218               3291.7   -0.377139540810323
       219               3291.8   -0.377292751009092
       220               3291.9    -0.37731371437831
       221                 3292    -0.37708269373931
       222               3292.1   -0.376498004584089
       223               3292.2   -0.375567512921702
       224               3292.3   -0.374462360159304
       225               3292.4   -0.373490345944367
       226               3292.5   -0.372977852717281
       227               3292.6   -0.373116474963005
       228               3292.7   -0.373867199695478
       229               3292.8   -0.374978073030814
       230               3292.9   -0.376101714426804
       231                 3293   -0.376950757384145
       232               3293.1   -0.377413083704015
       233               3293.2   -0.377563521660999
       234               3293.3   -0.377561357008542
       235               3293.4   -0.377502415783753
       236               3293.5   -0.377351409975838
       237               3293.6    -0.37703902460388
       238               3293.7   -0.376648556128566
       239               3293.8   -0.376479353973307
       240               3293.9   -0.376861287481286
       241                 3294    -0.37786755044771
       242               3294.1   -0.379212733012785
       243               3294.2   -0.380440523021557
       244               3294.3   -0.381219993267096
       245               3294.4   -0.381501081895223
       246               3294.5   -0.381443128082573
       247               3294.6   -0.381215058053276
       248               3294.7   -0.380842871405932
       249               3294.8   -0.380238703484132
       250               3294.9   -0.379394984295032
       251                 3295   -0.378554540802722
       252               3295.1   -0.378156089745671
       253               3295.2    -0.37855883684468
       254               3295.3   -0.379763800891167
       255               3295.4   -0.381351393533744
       256               3295.5   -0.382678522332382
       257               3295.6   -0.383212535233642
       258               3295.7   -0.382817374450231
       259               3295.8    -0.38183237187395
       260               3295.9   -0.380883658042272
       261                 3296   -0.380522652828879
       262               3296.1   -0.380910921235699
       263               3296.2   -0.381763172215165
       264               3296.3   -0.382589426080107
       265               3296.4   -0.383042429871627
       266               3296.5   -0.383086290277182
       267               3296.6   -0.382882258706195
       268               3296.7   -0.382569755039734
       269               3296.8   -0.382190091275166
       270               3296.9   -0.381792889503091
       271                 3297   -0.381547857670352
       272               3297.1   -0.381700602136319
       273               3297.2   -0.382404719728621
       274               3297.3   -0.383598575473485
       275               3297.4   -0.385038639647049
       276               3297.5   -0.386434714059319
       277               3297.6   -0.387547852401813
       278               3297.7   -0.388197603938403
       279               3297.8   -0.388259127990939
       280               3297.9   -0.387726217835575
       281                 3298   -0.386776845201423
       282               3298.1   -0.385711885307602
       283               3298.2   -0.384768292550349
       284               3298.3    -0.38397644390449
       285               3298.4   -0.383207055083468
       286               3298.5   -0.382359555906137
       287               3298.6    -0.38151775492868
       288               3298.7   -0.380959331710133
       289               3298.8    -0.38103389300122
       290               3298.9    -0.38197997179653
       291                 3299   -0.383753641522159
       292               3299.1   -0.385963499366905
       293               3299.2    -0.38800395833669
       294               3299.3   -0.389354573556955
       295               3299.4   -0.389838365942492
       296               3299.5   -0.389632952208936
       297               3299.6   -0.389061953766817
       298               3299.7   -0.388393395673693
       299               3299.8   -0.387792151764019
       300               3299.9   -0.387357034732755
       301                 3300   -0.387125925868502
       302               3300.1    -0.38706085771241
       303               3300.2   -0.387082784112199
       304               3300.3   -0.387138350742138
       305               3300.4   -0.387222091617876
       306               3300.5   -0.387346001403193
       307               3300.6   -0.387525416830161
       308               3300.7    -0.38781008715838
       309               3300.8   -0.388290564751087
       310               3300.9   -0.389009360547307
       311                 3301   -0.389833697617671
       312               3301.1   -0.390438439255686
       313               3301.2   -0.390459795990791
       314               3301.3   -0.389707348303184
       315               3301.4   -0.388274059355209
       316               3301.5   -0.386493116190401
       317               3301.6   -0.384802438656407
       318               3301.7    -0.38359480045944
       319               3301.8   -0.383095349411054
       320               3301.9   -0.383283677595365
       321                 3302   -0.383885472992517
       322               3302.1   -0.384474135993116
       323               3302.2     -0.3846793396928
       324               3302.3   -0.384387439552427
       325               3302.4    -0.38376879710802
       326               3302.5   -0.383093985804407
       327               3302.6   -0.382495731750294
       328               3302.7   -0.381878718506582
       329               3302.8   -0.381032676143192
       330               3302.9   -0.379829674824669
       331                 3303   -0.378343589139305
       332               3303.1    -0.37682481223491
       333               3303.2   -0.375579260788427
       334               3303.3   -0.374832504338238
       335               3303.4    -0.37462832387464
       336               3303.5   -0.374802174260579
       337               3303.6   -0.375071429615257
       338               3303.7   -0.375210831861378
       339               3303.8    -0.37517715289352
       340               3303.9    -0.37507449439375
       341                 3304    -0.37502019720644
       342               3304.1   -0.375067370963549
       343               3304.2    -0.37523279462189
       344               3304.3   -0.375526688377704
       345               3304.4   -0.375899532274556
       346               3304.5   -0.376174353783348
       347               3304.6   -0.376098187471109
       348               3304.7   -0.375522762408449
       349               3304.8   -0.374553411132805
       350               3304.9   -0.373495231191222
       351                 3305   -0.372615038109366
       352               3305.1   -0.371940479155233
       353               3305.2   -0.371305369014797
       354               3305.3   -0.370603925144229
       355               3305.4   -0.369983178512891
       356               3305.5   -0.369751898939328
       357               3305.6   -0.370087814961686
       358               3305.7   -0.370847338871507
       359               3305.8   -0.371665996507591
       360               3305.9    -0.37223047841982
       361                 3306   -0.372464817292991
       362               3306.1   -0.372513152184854
       363               3306.2   -0.372594211423047
       364               3306.3   -0.372849411388516
       365               3306.4    -0.37325704560866
       366               3306.5   -0.373649281851283
       367               3306.6   -0.373829638630231
       368               3306.7   -0.373713555452722
       369               3306.8   -0.373379227009729
       370               3306.9   -0.372988620193889
       371                 3307   -0.372653801454209
       372               3307.1    -0.37236561016264
       373               3307.2   -0.372040549530702
       374               3307.3   -0.371637245249848
       375               3307.4   -0.371229917620453
       376               3307.5   -0.370961717854126
       377               3307.6   -0.370917511687836
       378               3307.7   -0.371043059601334
       379               3307.8   -0.371191799477866
       380               3307.9    -0.37124372622424
       381                 3308   -0.371175533112461
       382               3308.1   -0.371041771876549
       383               3308.2   -0.370931018730962
       384               3308.3   -0.370948858699499
       385               3308.4   -0.371201738435865
       386               3308.5   -0.371752463722453
       387               3308.6   -0.372578342745103
       388               3308.7   -0.373566255819614
       389               3308.8   -0.374530311387478
       390               3308.9   -0.375245957051102
       391                 3309   -0.375536395307065
       392               3309.1   -0.375394128634014
       393               3309.2   -0.375012617119186
       394               3309.3   -0.374642955571838
       395               3309.4    -0.37439279994077
       396               3309.5   -0.374180038844268
       397               3309.6   -0.373878760169377
       398               3309.7   -0.373469237558049
       399               3309.8   -0.373026085894763
       400               3309.9    -0.37260167925495
       401                 3310   -0.372177409295649
       402               3310.1   -0.371730026212671
       403               3310.2   -0.371289148643394
       404               3310.3   -0.370880093936016
       405               3310.4   -0.370419456181114
       406               3310.5   -0.369716891336313
       407               3310.6   -0.368616533060188
       408               3310.7   -0.367146279560886
       409               3310.8   -0.365540820219421
       410               3310.9    -0.36413827396544
       411                 3311   -0.363236400235869
       412               3311.1   -0.362972721195849
       413               3311.2    -0.36326432114755
       414               3311.3   -0.363849905485982
       415               3311.4    -0.36443847707916
       416               3311.5    -0.36487050401334
       417               3311.6    -0.36516380874368
       418               3311.7   -0.365418685989823
       419               3311.8   -0.365681577767212
       420               3311.9   -0.365876985905493
       421                 3312   -0.365836340600871
       422               3312.1    -0.36538993008875
       423               3312.2   -0.364473305475064
       424               3312.3   -0.363193800747286
       425               3312.4   -0.361808025041838
       426               3312.5   -0.360608313929941
       427               3312.6   -0.359780371153736
       428               3312.7   -0.359316896906706
       429               3312.8     -0.3590409750563
       430               3312.9   -0.358733843111222
       431                 3313   -0.358291630956973
       432               3313.1   -0.357793643823469
       433               3313.2   -0.357419505576427
       434               3313.3   -0.357292173436111
       435               3313.4   -0.357401921067993
       436               3313.5   -0.357669331896958
       437               3313.6   -0.358036935602387
       438               3313.7   -0.358454737305752
       439               3313.8   -0.358781509332656
       440               3313.9   -0.358755484067416
       441                 3314   -0.358117014687727
       442               3314.1   -0.356779566139838
       443               3314.2   -0.354879116096143
       444               3314.3   -0.352663782165607
       445               3314.4   -0.350351014177944
       446               3314.5   -0.348090446153961
       447               3314.6   -0.346031993324025
       448               3314.7   -0.344377886745053
       449               3314.8   -0.343322912413936
       450               3314.9   -0.342922165980757
       451                 3315   -0.343019176390642
       452               3315.1   -0.343314302954064
       453               3315.2   -0.343509588499585
       454               3315.3   -0.343394910617364
       455               3315.4   -0.342825135497289
       456               3315.5    -0.34167331646174
       457               3315.6   -0.339860407586106
       458               3315.7    -0.33744452359211
       459               3315.8   -0.334663266484107
       460               3315.9   -0.331867552202697
       461                 3316   -0.329378551815012
       462               3316.1   -0.327327223585057
       463               3316.2   -0.325538219091921
       464               3316.3   -0.323557806279169
       465               3316.4   -0.320893087769245
       466               3316.5   -0.317337333902958
       467               3316.6   -0.313105656084953
       468               3316.7   -0.308658394813668
       469               3316.8   -0.304402805219019
       470               3316.9   -0.300533844082942
       471                 3317   -0.297052052934309
       472               3317.1   -0.293835535523055
       473               3317.2   -0.290710255596118
       474               3317.3   -0.287532996307151
       475               3317.4   -0.284234934332972
       476               3317.5   -0.280760602974253
       477               3317.6   -0.276989254860424
       478               3317.7   -0.272805519104664
       479               3317.8   -0.268296181989033
       480               3317.9   -0.263822799615746
       481                 3318   -0.259808180288702
       482               3318.1   -0.256403107337158
       483               3318.2   -0.253351664992225
       484               3318.3   -0.250173583379289
       485               3318.4   -0.246491157793109
       486               3318.5   -0.242247120993302
       487               3318.6   -0.237692899649425
       488               3318.7   -0.233196209145714
       489               3318.8   -0.229007700492524
       490               3318.9   -0.225127760272305
       491                 3319   -0.221343337522382
       492               3319.1   -0.217392277808302
       493               3319.2   -0.213134058734731
       494               3319.3   -0.208628926461196
       495               3319.4    -0.20411580146593
       496               3319.5   -0.199924768269606
       497               3319.6   -0.196342244821004
       498               3319.7    -0.19345956619085
       499               3319.8   -0.191103365729489
       500               3319.9   -0.188944925837113
       501                 3320   -0.186741043012841
       502               3320.1   -0.184511496141984
       503               3320.2   -0.182499946393577
       504               3320.3   -0.180966853942388
       505               3320.4   -0.180000578900343
       506               3320.5   -0.179478352721201
       507               3320.6   -0.179166502341859
       508               3320.7   -0.178872546706332
       509               3320.8   -0.178565635402362
       510               3320.9   -0.178403603667465
       511                 3321   -0.178636541188972
       512               3321.1    -0.17942563179335
       513               3321.2   -0.180696867971167
       514               3321.3   -0.182161428430122
       515               3321.4   -0.183523953966711
       516               3321.5   -0.184730949873905
       517               3321.6    -0.18605308641556
       518               3321.7    -0.18793443153047
       519               3321.8   -0.190738833644321
       520               3321.9   -0.194574880985269
       521                 3322   -0.199278752800219
       522               3322.1   -0.204522608542349
       523               3322.2   -0.209966961097618
       524               3322.3    -0.21537368166069
       525               3322.4   -0.220641127457839
       526               3322.5   -0.225788335869602
       527               3322.6   -0.230925131012763
       528               3322.7   -0.236201529667628
       529               3322.8   -0.241728809823533
       530               3322.9   -0.247517315272939
       531                 3323   -0.253480958488151
       532               3323.1   -0.259488938078716
       533               3323.2   -0.265401236337709
       534               3323.3    -0.27106848594732
       535               3323.4   -0.276344652810418
       536               3323.5   -0.281154556873563
       537               3323.6   -0.285570912058539
       538               3323.7   -0.289798807176459
       539               3323.8    -0.29404318988507
       540               3323.9   -0.298376164006261
       541                 3324   -0.302737627853715
       542               3324.1   -0.307054430296508
       543               3324.2   -0.311331384296664
       544               3324.3   -0.315608306032824
       545               3324.4   -0.319829628401393
       546               3324.5   -0.323768672378166
       547               3324.6   -0.327105614189454
       548               3324.7   -0.329625057793896
       549               3324.8   -0.331387243987715
       550               3324.9   -0.332730166401768
       551                 3325   -0.334083752509744
       552               3325.1   -0.335722185657831
       553               3325.2   -0.337625576781121
       554               3325.3   -0.339536811548912
       555               3325.4   -0.341157935869875
       556               3325.5   -0.342335738874247
       557               3325.6   -0.343101309080927
       558               3325.7   -0.343550374236485
       559               3325.8   -0.343698468409653
       560               3325.9   -0.343481575290477
       561                 3326   -0.342925742332402
       562               3326.1   -0.342300717141488
       563               3326.2   -0.342047993408195
       564               3326.3   -0.342497882564382
       565               3326.4   -0.343614817512306
       566               3326.5   -0.344979433246605
       567               3326.6   -0.345997696778416
       568               3326.7   -0.346175502593889
       569               3326.8   -0.345309419125891
       570               3326.9   -0.343528206465425
       571                 3327   -0.341191288545047
       572               3327.1   -0.338705095055894
       573               3327.2   -0.336356598205711
       574               3327.3   -0.334251990970706
       575               3327.4   -0.332369519664126
       576               3327.5   -0.330649317563344
       577               3327.6   -0.329043618819833
       578               3327.7   -0.327525645451666
       579               3327.8   -0.326085321393595
       580               3327.9   -0.324700214480491
       581                 3328   -0.323282508586327
       582               3328.1   -0.321686024688802
       583               3328.2   -0.319836760868464
       584               3328.3   -0.317875630215083
       585               3328.4   -0.316117950501165
       586               3328.5   -0.314816929996438
       587               3328.6    -0.31395518350093
       588               3328.7   -0.313268767618457
       589               3328.8   -0.312467208149944
       590               3328.9   -0.311444925571858
       591                 3329   -0.310330695499981
       592               3329.1   -0.309376856843978
       593               3329.2   -0.308789564860255
       594               3329.3   -0.308605154882655
       595               3329.4   -0.308671986105118
       596               3329.5   -0.308744573027206
       597               3329.6   -0.308642138766054
       598               3329.7   -0.308374335763995
       599               3329.8   -0.308141799946997
       600               3329.9   -0.308209037396874
       601                 3330    -0.30875300696101
       602               3330.1   -0.309804402515442
       603               3330.2   -0.311305667394236
       604               3330.3   -0.313204043902698
       605               3330.4   -0.315483173063168
       606               3330.5   -0.318129047230082
       607               3330.6   -0.321116472327456
       608               3330.7   -0.324462080151092
       609               3330.8   -0.328268279454115
       610               3330.9   -0.332672968623507
       611                 3331    -0.33775280960868
       612               3331.1   -0.343492059110734
       613               3331.2   -0.349816914626457
       614               3331.3   -0.356595702017745
       615               3331.4   -0.363590065654924
       616               3331.5   -0.370475555964937
       617               3331.6   -0.376999802684489
       618               3331.7   -0.383151284787431
       619               3331.8   -0.389143593553935
       620               3331.9    -0.39520814962609
       621                 3332   -0.401419827476946
       622               3332.1   -0.407753261285401
       623               3332.2   -0.414289990184935
       624               3332.3    -0.42130267526749
       625               3332.4   -0.429080889058827
       626               3332.5   -0.437675280930941
       627               3332.6   -0.446845457217074
       628               3332.7   -0.456268357406139
       629               3332.8   -0.465775792359452
       630               3332.9   -0.475382730528749
       631                 3333    -0.48512098235641
       632               3333.1   -0.494884080745466
       633               3333.2   -0.504431784512844
       634               3333.3   -0.513527274590251
       635               3333.4   -0.522082098045956
       636               3333.5   -0.530200703067244
       637               3333.6    -0.53809335903057
       638               3333.7   -0.545919164785539
       639               3333.8   -0.553676682734855
       640               3333.9   -0.561224822493904
       641                 3334   -0.568409515319654
       642               3334.1   -0.575180115101093
       643               3334.2   -0.581580465731063
       644               3334.3   -0.587608222133475
       645               3334.4   -0.593079497811912
       646               3334.5    -0.59766802036252
       647               3334.6   -0.601131407989347
       648               3334.7   -0.603530553604926
       649               3334.8   -0.605226571233923
       650               3334.9   -0.606642393359378
       651                 3335     -0.6079918040785
       652               3335.1   -0.609198144959339
       653               3335.2   -0.610043913760185
       654               3335.3   -0.610382096132572
       655               3335.4   -0.610198868117326
       656               3335.5   -0.609494342588647
       657               3335.6    -0.60815235331612
       658               3335.7   -0.605962067555989
       659               3335.8   -0.602760332330373
       660               3335.9   -0.598541798695454
       661                 3336   -0.593451993743992
       662               3336.1   -0.587693148268378
       663               3336.2    -0.58140666592513
       664               3336.3   -0.574593732213039
       665               3336.4    -0.56713366313381
       666               3336.5    -0.55890041611914
       667               3336.6   -0.549879245921298
       668               3336.7   -0.540178630092809
       669               3336.8   -0.529944132305427
       670               3336.9   -0.519270847896198
       671                 3337   -0.508188730118669
       672               3337.1   -0.496722287454952
       673               3337.2   -0.484972664355455
       674               3337.3    -0.47314084333314
       675               3337.4   -0.461432959756846
       676               3337.5   -0.449896201915974
       677               3337.6   -0.438340401677502
       678               3337.7   -0.426453396749058
       679               3337.8    -0.41402676068876
       680               3337.9   -0.401088928461962
       681                 3338   -0.387849953948739
       682               3338.1   -0.374562171488836
       683               3338.2   -0.361439930670637
       684               3338.3   -0.348644249533257
       685               3338.4   -0.336257701362979
       686               3338.5   -0.324254469724518
       687               3338.6   -0.312528882290733
       688               3338.7   -0.300954725332725
       689               3338.8   -0.289375408974925
       690               3338.9   -0.277536024069557
       691                 3339   -0.265101422127186
       692               3339.1   -0.251821012509969
       693               3339.2   -0.237696128816977
       694               3339.3    -0.22297626669475
       695               3339.4   -0.207996701713522
       696               3339.5   -0.193016633494032
       697               3339.6   -0.178165793164909
       698               3339.7   -0.163474234987007
       699               3339.8   -0.148905876019679
       700               3339.9   -0.134356225853034
       701                 3340   -0.119641833591247
       702               3340.1   -0.104540823990003
       703               3340.2   -0.088896026021968
       704               3340.3  -0.0727004067767578
       705               3340.4  -0.0560772424616153
       706               3340.5  -0.0391858422980162
       707               3340.6  -0.0221674706200645
       708               3340.7 -0.00515560089841697
       709               3340.8   0.0117590339460129
       710               3340.9   0.0286622916696425
       711                 3341   0.0459049400368388
       712               3341.1   0.0639667693858626
       713               3341.2   0.0831535550378869
       714               3341.3     0.10339254000993
       715               3341.4    0.124290304133836
       716               3341.5    0.145349451876998
       717               3341.6    0.166145443346092
       718               3341.7    0.186390831263097
       719               3341.8    0.205934240712939
       720               3341.9    0.224730538753642
       721                 3342    0.242770556888283
       722               3342.1    0.259978387541945
       723               3342.2    0.276142751043332
       724               3342.3    0.290949918096957
       725               3342.4    0.304096676510839
       726               3342.5    0.315365841841733
       727               3342.6    0.324565443512158
       728               3342.7    0.331376414425031
       729               3342.8    0.335271156130804
       730               3342.9    0.335607853623482
       731                 3343     0.33182936450687
       732               3343.1    0.323605812421457
       733               3343.2    0.310842197594114
       734               3343.3    0.293597612682258
       735               3343.4    0.271992122374623
       736               3343.5     0.24613779195149
       737               3343.6    0.216115445011475
       738               3343.7    0.182019480290252
       739               3343.8    0.144045738666916
       740               3343.9    0.102542734131936
       741                 3344   0.0579835112739099
       742               3344.1   0.0109061804065702
       743               3344.2  -0.0381224644695322
       744               3344.3  -0.0885369303795502
       745               3344.4   -0.139818052212824
       746               3344.5   -0.191508353437074
       747               3344.6   -0.243162862968221
       748               3344.7   -0.294295031819442
       749               3344.8   -0.344397605123125
       750               3344.9     -0.3930222108561
       751                 3345   -0.439827450136191
       752               3345.1   -0.484542752926359
       753               3345.2   -0.526887400539511
       754               3345.3   -0.566536788936518
       755               3345.4    -0.60318942220315
       756               3345.5    -0.63668095774573
       757               3345.6    -0.66702768905735
       758               3345.7   -0.694350774569425
       759               3345.8   -0.718757985867763
       760               3345.9   -0.740284513650967
       761                 3346   -0.758908107366032
       762               3346.1   -0.774598747837333
       763               3346.2   -0.787398300191341
       764               3346.3   -0.797537957420227
       765               3346.4   -0.805516935245374
       766               3346.5   -0.812011725121409
       767               3346.6   -0.817606116779246
       768               3346.7   -0.822530767526933
       769               3346.8   -0.826629258423858
       770               3346.9   -0.829567193332891
       771                 3347   -0.831093407100567
       772               3347.1     -0.8311610409827
       773               3347.2   -0.829881194055014
       774               3347.3   -0.827418742324179
       775               3347.4   -0.823936717339604
       776               3347.5   -0.819599323875262
       777               3347.6   -0.814573142398861
       778               3347.7   -0.808991164733743
       779               3347.8    -0.80291740164382
       780               3347.9   -0.796365359592821
       781                 3348   -0.789362568217013
       782               3348.1   -0.782002207893387
       783               3348.2   -0.774432854218882
       784               3348.3   -0.766773547445476
       785               3348.4   -0.758987443059854
       786               3348.5   -0.750810948670802
       787               3348.6   -0.741843088380114
       788               3348.7   -0.731772051498856
       789               3348.8   -0.720557741345012
       790               3348.9   -0.708407564519888
       791                 3349   -0.695583618761371
       792               3349.1   -0.682232064208563
       793               3349.2   -0.668369521072528
       794               3349.3   -0.653994394259852
       795               3349.4   -0.639198977084743
       796               3349.5   -0.624191132648661
       797               3349.6   -0.609218130131193
       798               3349.7   -0.594452954833027
       799               3349.8   -0.579933173854554
       800               3349.9   -0.565616874564942
       801                 3350   -0.551528105950492
       802               3350.1   -0.537859092888331
       803               3350.2   -0.524901161883569
       804               3350.3   -0.512840014138274
       805               3350.4   -0.501614600562081
       806               3350.5    -0.49098911206319
       807               3350.6    -0.48076217652393
       808               3350.7   -0.470902301819259
       809               3350.8   -0.461496879917731
       810               3350.9   -0.452599412683765
       811                 3351   -0.444151864590608
       812               3351.1      -0.436076851054
       813               3351.2   -0.428456971629226
       814               3351.3   -0.421611259139232
       815               3351.4   -0.415967003892051
       816               3351.5   -0.411830274578462
       817               3351.6   -0.409244966884889
       818               3351.7   -0.408007761701052
       819               3351.8   -0.407758301728835
       820               3351.9   -0.408072236209512
       821                 3352   -0.408571933816956
       822               3352.1   -0.409057091854155
       823               3352.2   -0.409562638288838
       824               3352.3   -0.410252722273654
       825               3352.4   -0.411210669230407
       826               3352.5   -0.412315908125662
       827               3352.6   -0.413335756970021
       828               3352.7   -0.414151563770919
       829               3352.8    -0.41490392826316
       830               3352.9   -0.415917702255783
       831                 3353   -0.417470021515684
       832               3353.1   -0.419597292325014
       833               3353.2   -0.422091844953669
       834               3353.3   -0.424678528191815
       835               3353.4   -0.427232768667686
       836               3353.5   -0.429891529086811
       837               3353.6    -0.43298976357141
       838               3353.7   -0.436853084531936
       839               3353.8   -0.441550771731323
       840               3353.9   -0.446751757713265
       841                 3354   -0.451804594747457
       842               3354.1   -0.456043465383425
       843               3354.2   -0.459142784505862
       844               3354.3    -0.46126389383888
       845               3354.4   -0.462891022450165
       846               3354.5   -0.464516502728793
       847               3354.6      -0.466417364877
       848               3354.7   -0.468597544325517
       849               3354.8   -0.470810711048275
       850               3354.9   -0.472626934690306
       851                 3355    -0.47360862304813
       852               3355.1   -0.473580124317207
       853               3355.2   -0.472791567666885
       854               3355.3   -0.471790405816107
       855               3355.4   -0.471084595360701
       856               3355.5   -0.470897597957256
       857               3355.6   -0.471199495213634
       858               3355.7   -0.471893885537677
       859               3355.8   -0.472922980053041
       860               3355.9   -0.474224128201328
       861                 3356   -0.475659107796524
       862               3356.1   -0.477022397773787
       863               3356.2   -0.478111291826198
       864               3356.3   -0.478787789544836
       865               3356.4   -0.478990169503736
       866               3356.5   -0.478693881543312
       867               3356.6   -0.477866179861079
       868               3356.7   -0.476485628144486
       869               3356.8   -0.474641381729206
       870               3356.9   -0.472610234342396
       871                 3357   -0.470778627782885
       872               3357.1   -0.469416602897851
       873               3357.2   -0.468491372747104
       874               3357.3     -0.4677108560145
       875               3357.4   -0.466772895812212
       876               3357.5    -0.46558324005156
       877               3357.6   -0.464238175870636
       878               3357.7   -0.462824189945517
       879               3357.8   -0.461285068035322
       880               3357.9   -0.459518680002724
       881                 3358   -0.457587071501749
       882               3358.1    -0.45577779318299
       883               3358.2   -0.454417919503159
       884               3358.3   -0.453621303420226
       885               3358.4   -0.453210861523127
       886               3358.5   -0.452852224172733
       887               3358.6   -0.452244694790873
       888               3358.7   -0.451243069241549
       889               3358.8   -0.449900799887845
       890               3358.9   -0.448442661048183
       891                 3359   -0.447147649713414
       892               3359.1   -0.446182151552411
       893               3359.2   -0.445503342819127
       894               3359.3   -0.444908848506084
       895               3359.4   -0.444175434682697
       896               3359.5   -0.443163186384419
       897               3359.6   -0.441821363779398
       898               3359.7   -0.440139926307141
       899               3359.8   -0.438134026079224
       900               3359.9   -0.435884008396945
       901                 3360   -0.433563605026772
       902               3360.1   -0.431396620611006
       903               3360.2   -0.429570276083321
       904               3360.3   -0.428168575395508
       905               3360.4   -0.427145955035922
       906               3360.5   -0.426344207336789
       907               3360.6   -0.425578712369832
       908               3360.7     -0.4247786134561
       909               3360.8   -0.424065087378247
       910               3360.9   -0.423654353242177
       911                 3361   -0.423639151957771
       912               3361.1   -0.423856483286196
       913               3361.2   -0.423989036951764
       914               3361.3   -0.423816453224688
       915               3361.4   -0.423382082258678
       916               3361.5   -0.422935026598123
       917               3361.6   -0.422726797850116
       918               3361.7   -0.422839733995598
       919               3361.8   -0.423136085411762
       920               3361.9   -0.423306880504616
       921                 3362   -0.422993169130333
       922               3362.1   -0.421968751158438
       923               3362.2   -0.420306790663315
       924               3362.3   -0.418383834448001
       925               3362.4   -0.416662415625583
       926               3362.5   -0.415402881786323
       927               3362.6   -0.414549439569224
       928               3362.7   -0.413874191759846
       929               3362.8   -0.413208263285188
       930               3362.9   -0.412529053261636
       931                 3363   -0.411867946512562
       932               3363.1   -0.411206733963722
       933               3363.2   -0.410502959876909
       934               3363.3   -0.409792021858143
       935               3363.4   -0.409215133067207
       936               3363.5   -0.408916810998654
       937               3363.6   -0.408903767652933
       938               3363.7   -0.409002907052245
       939               3363.8   -0.408973501344118
       940               3363.9   -0.408687059419753
       941                 3364   -0.408210451178062
       942               3364.1   -0.407712366733413
       943               3364.2   -0.407289242238396
       944               3364.3   -0.406872650261361
       945               3364.4   -0.406273592745969
       946               3364.5   -0.405298538171201
       947               3364.6   -0.403862682052295
       948               3364.7   -0.402066620947741
       949               3364.8    -0.40020799317245
       950               3364.9   -0.398696653819199
       951                 3365   -0.397882094947985
       952               3365.1   -0.397869304069348
       953               3365.2   -0.398439722651636
       954               3365.3   -0.399155654531635
       955               3365.4   -0.399601053352892
       956               3365.5    -0.39959186064527
       957               3365.6   -0.399208538556165
       958               3365.7   -0.398660408502002
       959               3365.8   -0.398123352269577
       960               3365.9   -0.397673914606395
       961                 3366    -0.39732199934019
       962               3366.1   -0.397056299241679
       963               3366.2    -0.39683754146175
       964               3366.3   -0.396566805836157
       965               3366.4   -0.396107291802466
       966               3366.5   -0.395378789176412
       967               3366.6   -0.394444763463924
       968               3366.7   -0.393501486389622
       969               3366.8   -0.392771787927211
       970               3366.9   -0.392391558580557
       971                 3367   -0.392369959304983
       972               3367.1   -0.392628600238443
       973               3367.2   -0.393059760565368
       974               3367.3   -0.393547285115906
       975               3367.4   -0.393959242587525
       976               3367.5   -0.394170996472743
       977               3367.6   -0.394140824965319
       978               3367.7   -0.393975966494987
       979               3367.8   -0.393904164645411
       980               3367.9   -0.394139769266263
       981                 3368   -0.394728978763572
       982               3368.1   -0.395491074795925
       983               3368.2   -0.396114143736238
       984               3368.3   -0.396343132569738
       985               3368.4   -0.396106862158172
       986               3368.5   -0.395478907144722
       987               3368.6   -0.394539809003369
       988               3368.7   -0.393319410838468
       989               3368.8   -0.391895435340547
       990               3368.9   -0.390510533318167
       991                 3369   -0.389514517277829
       992               3369.1   -0.389138349392182
       993               3369.2   -0.389329236124975
       994               3369.3   -0.389833728822354
       995               3369.4   -0.390442653461329
       996               3369.5    -0.39113600846786
       997               3369.6   -0.391993435459952
       998               3369.7   -0.393000190628803
       999               3369.8   -0.393970211665747
      1000               3369.9   -0.394651625187232
      1001                 3370   -0.394885336107249
      1002               3370.1   -0.394665129310836
      1003               3370.2    -0.39408127107499
      1004               3370.3   -0.393243970525248
      1005               3370.4   -0.392267018893105
      1006               3370.5   -0.391298904835726
      1007               3370.6   -0.390538279730471
      1008               3370.7   -0.390199009104579
      1009               3370.8   -0.390434893445914
      1010               3370.9   -0.391251117168843
      1011                 3371   -0.392444921837912
      1012               3371.1   -0.393638928780979
      1013               3371.2   -0.394437333594854
      1014               3371.3   -0.394631529444212
      1015               3371.4   -0.394311026482281
      1016               3371.5    -0.39379692786719
      1017               3371.6   -0.393452439132612
      1018               3371.7   -0.393496505465321
      1019               3371.8   -0.393917402898358
      1020               3371.9   -0.394528070504063
      1021                 3372   -0.395145082791892
      1022               3372.1    -0.39577488360857
      1023               3372.2    -0.39663270554006
      1024               3372.3   -0.397939161556113
      1025               3372.4   -0.399667137149209
      1026               3372.5   -0.401482530729107
      1027               3372.6   -0.402935839290707
      1028               3372.7   -0.403734521375597
      1029               3372.8   -0.403897928716248
      1030               3372.9    -0.40373507705717
      1031                 3373   -0.403695230329382
      1032               3373.1   -0.404156984043714
      1033               3373.2   -0.405238483599443
      1034               3373.3   -0.406750555741644
      1035               3373.4   -0.408351961554235
      1036               3373.5   -0.409781757064469
      1037               3373.6   -0.410955551745585
      1038               3373.7   -0.411877099785789
      1039               3373.8   -0.412536453729381
      1040               3373.9   -0.412938566150489
      1041                 3374   -0.413185281771455
      1042               3374.1   -0.413453438702853
      1043               3374.2   -0.413873727673197
      1044               3374.3   -0.414457366281962
      1045               3374.4   -0.415146144124108
      1046               3374.5   -0.415911545322065
      1047               3374.6    -0.41679839795376
      1048               3374.7   -0.417885260964191
      1049               3374.8   -0.419205198581968
      1050               3374.9   -0.420698650514014
      1051                 3375   -0.422251680371655
      1052               3375.1   -0.423796308099302
      1053               3375.2   -0.425370178570026
      1054               3375.3   -0.427055685576514
      1055               3375.4   -0.428846369587047
      1056               3375.5   -0.430583770052801
      1057               3375.6   -0.432053359338484
      1058               3375.7   -0.433169087083228
      1059               3375.8   -0.434078849603675
      1060               3375.9   -0.435094524121797
      1061                 3376   -0.436509430023171
      1062               3376.1   -0.438440640267536
      1063               3376.2    -0.44077467329074
      1064               3376.3    -0.44320937558178
      1065               3376.4   -0.445355367483607
      1066               3376.5   -0.446861551131194
      1067               3376.6   -0.447526142833311
      1068               3376.7   -0.447360224776075
      1069               3376.8   -0.446587788709639
      1070               3376.9   -0.445575722661651
      1071                 3377   -0.444699307521587
      1072               3377.1   -0.444188551830415
      1073               3377.2   -0.444042009672138
      1074               3377.3    -0.44407292174918
      1075               3377.4   -0.444059375793006
      1076               3377.5   -0.443889294196196
      1077               3377.6   -0.443604829408598
      1078               3377.7   -0.443341237190618
      1079               3377.8    -0.44323214543442
      1080               3377.9   -0.443354737518541
      1081                 3378   -0.443728160169947
      1082               3378.1   -0.444321833519263
      1083               3378.2   -0.445039561721521
      1084               3378.3   -0.445709356357862
      1085               3378.4   -0.446136926417253
      1086               3378.5   -0.446217903981835
      1087               3378.6   -0.446022404769069
      1088               3378.7   -0.445771813367377
      1089               3378.8    -0.44571494906559
      1090               3378.9   -0.445983027324003
      1091                 3379   -0.446508927893495
      1092               3379.1   -0.447058575040095
      1093               3379.2   -0.447362944771832
      1094               3379.3   -0.447269370028268
      1095               3379.4   -0.446801581322399
      1096               3379.5   -0.446085273155836
      1097               3379.6   -0.445216337118743
      1098               3379.7   -0.444197081407459
      1099               3379.8   -0.442988493184809
      1100               3379.9   -0.441610036333475
      1101                 3380    -0.44018019253826
      1102               3380.1    -0.43885712926033
      1103               3380.2   -0.437736080018038
      1104               3380.3   -0.436794115277018
      1105               3380.4   -0.435919393738526
      1106               3380.5   -0.434986541457794
      1107               3380.6      -0.433919181087
      1108               3380.7   -0.432717324418014
      1109               3380.8   -0.431461406617708
      1110               3380.9   -0.430295399917616
      1111                 3381     -0.4293723112677
      1112               3381.1   -0.428776411708273
      1113               3381.2   -0.428489603906273
      1114               3381.3   -0.428440338664243
      1115               3381.4   -0.428566767095395
      1116               3381.5   -0.428798899045339
      1117               3381.6   -0.428984037594975
      1118               3381.7   -0.428881871788653
      1119               3381.8   -0.428284301230444
      1120               3381.9   -0.427158552964099
      1121                 3382   -0.425668330687145
      1122               3382.1   -0.424044614172102
      1123               3382.2    -0.42242811965388
      1124               3382.3   -0.420839115939194
      1125               3382.4   -0.419303677460109
      1126               3382.5   -0.417989968466187
      1127               3382.6   -0.417172748426074
      1128               3382.7   -0.417015362433628
      1129               3382.8   -0.417369472336868
      1130               3382.9   -0.417806657206167
      1131                 3383   -0.417877300368676
      1132               3383.1    -0.41736581763241
      1133               3383.2   -0.416326232256285
      1134               3383.3   -0.414924400254573
      1135               3383.4    -0.41330134775389
      1136               3383.5     -0.4115881450804
      1137               3383.6   -0.409973912664259
      1138               3383.7   -0.408666140095587
      1139               3383.8   -0.407760098552834
      1140               3383.9   -0.407187733114697
      1141                 3384   -0.406821315651174
      1142               3384.1   -0.406599870261724
      1143               3384.2   -0.406524101026909
      1144               3384.3   -0.406555289717526
      1145               3384.4   -0.406581749681123
      1146               3384.5   -0.406508347170337
      1147               3384.6   -0.406343570864184
      1148               3384.7   -0.406159939127226
      1149               3384.8   -0.405976958258975
      1150               3384.9   -0.405715879294584
      1151                 3385   -0.405276547017974
      1152               3385.1   -0.404640897173746
      1153               3385.2   -0.403894722666457
      1154               3385.3   -0.403151848372373
      1155               3385.4   -0.402446887171615
      1156               3385.5   -0.401697404151522
      1157               3385.6   -0.400802442392156
      1158               3385.7   -0.399814925861281
      1159               3385.8   -0.399009721103566
      1160               3385.9   -0.398741977317174
      1161                 3386   -0.399201481264029
      1162               3386.1   -0.400266599970721
      1163               3386.2   -0.401552659331168
      1164               3386.3   -0.402595954015893
      1165               3386.4   -0.403057755537288
      1166               3386.5   -0.402849970739249
      1167               3386.6   -0.402123842074628
      1168               3386.7   -0.401133008917639
      1169               3386.8   -0.400071524929407
      1170               3386.9      -0.399015506818
      1171                 3387   -0.398000260451741
      1172               3387.1   -0.397117476947587
      1173               3387.2   -0.396494968944938
      1174               3387.3   -0.396175056945088
      1175               3387.4   -0.396049242546184
      1176               3387.5   -0.395943825580822
      1177               3387.6   -0.395761304344891
      1178               3387.7   -0.395509540185971
      1179               3387.8   -0.395183691350572
      1180               3387.9   -0.394649054489112
      1181                 3388    -0.39369870896971
      1182               3388.1   -0.392280450350589
      1183               3388.2   -0.390673933026025
      1184               3388.3   -0.389396692262788
      1185               3388.4   -0.388871403110238
      1186               3388.5   -0.389136608961584
      1187               3388.6   -0.389846975560688
      1188               3388.7   -0.390535251577494
      1189               3388.8   -0.390905193781932
      1190               3388.9   -0.390961186315403
      1191                 3389   -0.390933479055778
      1192               3389.1   -0.391070056405136
      1193               3389.2    -0.39142799132789
      1194               3389.3   -0.391810515863097
      1195               3389.4   -0.391894359521577
      1196               3389.5   -0.391424807893443
      1197               3389.6   -0.390321893551741
      1198               3389.7   -0.388684280256794
      1199               3389.8   -0.386776128605961
      1200               3389.9   -0.384998503594828
      1201                 3390   -0.383756823455946
      1202               3390.1   -0.383231802496989
      1203               3390.2   -0.383230164043905
      1204               3390.3   -0.383286305274217
      1205               3390.4   -0.382979881864868
      1206               3390.5   -0.382236541474157
      1207               3390.6   -0.381379630148143
      1208               3390.7   -0.380897599151141
      1209               3390.8   -0.381116893579641
      1210               3390.9   -0.382027968120688
      1211                 3391   -0.383350845079835
      1212               3391.1   -0.384713704872999
      1213               3391.2   -0.385780816104993
      1214               3391.3   -0.386313339480995
      1215               3391.4   -0.386245638603893
      1216               3391.5   -0.385767858871951
      1217               3391.6    -0.38528728597027
      1218               3391.7   -0.385215151972638
      1219               3391.8   -0.385722890784795
      1220               3391.9   -0.386672846905337
      1221                 3392    -0.38776682713752
      1222               3392.1    -0.38875368467808
      1223               3392.2   -0.389505832891009
      1224               3392.3   -0.389934667665513
      1225               3392.4   -0.389896058113876
      1226               3392.5   -0.389243243430319
      1227               3392.6   -0.387996787099367
      1228               3392.7   -0.386432626891934
      1229               3392.8   -0.384954943104121
      1230               3392.9    -0.38385146978248
      1231                 3393   -0.383144332440878
      1232               3393.1   -0.382631971980569
      1233               3393.2   -0.382048088729727
      1234               3393.3   -0.381229243591039
      1235               3393.4   -0.380231907590636
      1236               3393.5   -0.379343655250697
      1237               3393.6   -0.378935887679709
      1238               3393.7   -0.379217024140333
      1239               3393.8   -0.380077178249379
      1240               3393.9   -0.381165558477308
      1241                 3394   -0.382127954688366
      1242               3394.1   -0.382801526511671
      1243               3394.2   -0.383245326064035
      1244               3394.3   -0.383638568574018
      1245               3394.4   -0.384138690124322
      1246               3394.5   -0.384766317619134
      1247               3394.6   -0.385365297664165
      1248               3394.7   -0.385681729058747
      1249               3394.8   -0.385550392711339
      1250               3394.9   -0.385066822726751
      1251                 3395   -0.384579914873045
      1252               3395.1   -0.384470401070795
      1253               3395.2   -0.384889489089272
      1254               3395.3   -0.385684233581378
      1255               3395.4   -0.386555197094727
      1256               3395.5   -0.387281479778865
      1257               3395.6   -0.387830042931557
      1258               3395.7   -0.388308800429332
      1259               3395.8   -0.388842225511047
      1260               3395.9   -0.389466355523399
      1261                 3396   -0.390105605221396
      1262               3396.1   -0.390640561057178
      1263               3396.2   -0.391008621516487
      1264               3396.3   -0.391243498538929
      1265               3396.4   -0.391408567417063
      1266               3396.5   -0.391485260261257
      1267               3396.6   -0.391337319935524
      1268               3396.7   -0.390810130751995
      1269               3396.8   -0.389887793777255
      1270               3396.9   -0.388754750213925
      1271                 3397   -0.387683551195212
      1272               3397.1   -0.386841980375049
      1273               3397.2   -0.386213579897258
      1274               3397.3   -0.385723192755839
      1275               3397.4   -0.385429644890872
      1276               3397.5   -0.385552599348038
      1277               3397.6    -0.38627936572663
      1278               3397.7   -0.387549151672609
      1279               3397.8   -0.389033802512693
      1280               3397.9   -0.390315783913412
      1281                 3398   -0.391083645640839
      1282               3398.1   -0.391211246356279
      1283               3398.2   -0.390742857672925
      1284               3398.3   -0.389854404287442
      1285               3398.4   -0.388792042609276
      1286               3398.5   -0.387772495366136
      1287               3398.6   -0.386910636547245
      1288               3398.7   -0.386258446076943
      1289               3398.8   -0.385910752682294
      1290               3398.9   -0.386023823410852
      1291                 3399   -0.386683205906511
      1292               3399.1   -0.387755762730078
      1293               3399.2   -0.388910801519321
      1294               3399.3   -0.389817984523952
      1295               3399.4   -0.390333385641286
      1296               3399.5   -0.390505552080983
      1297               3399.6   -0.390439003216848
      1298               3399.7   -0.390187766822436
      1299               3399.8   -0.389770955827904
      1300               3399.9   -0.389242862353258
      1301                 3400   -0.388711478858463
      1302               3400.1   -0.388285090153773
      1303               3400.2   -0.388003811964397
      1304               3400.3   -0.387815842739614
      1305               3400.4   -0.387618588208522
      1306               3400.5   -0.387341790805829
      1307               3400.6   -0.387020092434153
      1308               3400.7   -0.386800855299124
      1309               3400.8   -0.386869421221646
      1310               3400.9   -0.387333161137306
      1311                 3401   -0.388140776693435
      1312               3401.1   -0.389082972057052
      1313               3401.2   -0.389854139926294
      1314               3401.3   -0.390133530537771
      1315               3401.4   -0.389680435642199
      1316               3401.5   -0.388445795418397
      1317               3401.6   -0.386645892842118
      1318               3401.7   -0.384712660336176
      1319               3401.8   -0.383108356080257
      1320               3401.9   -0.382109912183082
      1321                 3402   -0.381707317089765
      1322               3402.1   -0.381678129289776
      1323               3402.2   -0.381766767087565
      1324               3402.3   -0.381826696904921
      1325               3402.4   -0.381834805052237
      1326               3402.5   -0.381807861651017
      1327               3402.6   -0.381729985900777
      1328               3402.7   -0.381573041277917
      1329               3402.8   -0.381385577763545
      1330               3402.9   -0.381334500891287
      1331                 3403   -0.381610118291166
      1332               3403.1   -0.382254246419765
      1333               3403.2   -0.383087741921199
      1334               3403.3   -0.383832770183455
      1335               3403.4   -0.384312676247717
      1336               3403.5   -0.384532020343989
      1337               3403.6   -0.384600413350156
      1338               3403.7   -0.384642666671188
      1339               3403.8    -0.38479044360296
      1340               3403.9   -0.385177234946147
      1341                 3404   -0.385843556944246
      1342               3404.1   -0.386625707635134
      1343               3404.2   -0.387184850687725
      1344               3404.3   -0.387198101625107
      1345               3404.4   -0.386561366993435
      1346               3404.5   -0.385454023716978
      1347               3404.6   -0.384249636364356
      1348               3404.7   -0.383353137910685
      1349               3404.8   -0.383045640706525
      1350               3404.9   -0.383391474484488
      1351                 3405   -0.384245557610749
      1352               3405.1    -0.38535938308659
      1353               3405.2   -0.386517769079024
      1354               3405.3   -0.387611446057447
      1355               3405.4   -0.388608403515531
      1356               3405.5    -0.38948253414185
      1357               3405.6   -0.390191185285549
      1358               3405.7   -0.390721652882838
      1359               3405.8   -0.391131083730066
      1360               3405.9   -0.391505603168274
      1361                 3406   -0.391865354600092
      1362               3406.1   -0.392113560318505
      1363               3406.2   -0.392082267738264
      1364               3406.3   -0.391632506477611
      1365               3406.4   -0.390739214589554
      1366               3406.5   -0.389536678664922
      1367               3406.6     -0.3883215067141
      1368               3406.7   -0.387474433699928
      1369               3406.8    -0.38727427186285
      1370               3406.9    -0.38770602651956
      1371                 3407   -0.388462051389678
      1372               3407.1   -0.389195702191297
      1373               3407.2   -0.389800513746939
      1374               3407.3   -0.390416136467471
      1375               3407.4   -0.391158452743797
      1376               3407.5    -0.39189801655082
      1377               3407.6   -0.392344497016745
      1378               3407.7   -0.392314340046953
      1379               3407.8   -0.391858767948843
      1380               3407.9    -0.39114344386813
      1381                 3408   -0.390280351845262
      1382               3408.1    -0.38932039390976
      1383               3408.2   -0.388363686406926
      1384               3408.3   -0.387591868628903
      1385               3408.4   -0.387154908472366
      1386               3408.5   -0.387056940680472
      1387               3408.6    -0.38719294804211
      1388               3408.7   -0.387488645406186
      1389               3408.8   -0.387960440217991
      1390               3408.9   -0.388616317792765
      1391                 3409   -0.389325629332794
      1392               3409.1   -0.389837669487465
      1393               3409.2   -0.389957650253465
      1394               3409.3   -0.389694556042165
      1395               3409.4   -0.389220865898957
      1396               3409.5   -0.388706878317929
      1397               3409.6   -0.388225011897281
      1398               3409.7   -0.387795002029931
      1399               3409.8   -0.387453471771748
      1400               3409.9   -0.387237466564024
      1401                 3410   -0.387118527236658
      1402               3410.1   -0.386983689930147
      1403               3410.2   -0.386687037329626
      1404               3410.3    -0.38612774710785
      1405               3410.4   -0.385312586707787
      1406               3410.5   -0.384375335259824
      1407               3410.6   -0.383529781801502
      1408               3410.7   -0.382967485529761
      1409               3410.8   -0.382764559572564
      1410               3410.9   -0.382861784318299
      1411                 3411   -0.383119510859919
      1412               3411.1   -0.383396432786502
      1413               3411.2   -0.383603104638653
      1414               3411.3   -0.383709993003798
      1415               3411.4   -0.383720642137799
      1416               3411.5    -0.38364711532328
      1417               3411.6   -0.383515701490769
      1418               3411.7   -0.383375385518082
      1419               3411.8   -0.383259254695528
      1420               3411.9    -0.38312245282807
      1421                 3412   -0.382849443447186
      1422               3412.1   -0.382353328978756
      1423               3412.2   -0.381659317542489
      1424               3412.3   -0.380877206001407
      1425               3412.4   -0.380120422128101
      1426               3412.5   -0.379495420096137
      1427               3412.6   -0.379163057946412
      1428               3412.7    -0.37933678237049
      1429               3412.8    -0.38012922276944
      1430               3412.9   -0.381352941494791
      1431                 3413   -0.382499420957389
      1432               3413.1     -0.3830026883242
      1433               3413.2   -0.382626102800053
      1434               3413.3    -0.38165682555357
      1435               3413.4   -0.380725269320358
      1436               3413.5      -0.380378677239
      1437               3413.6   -0.380743498306408
      1438               3413.7   -0.381525380343401
      1439               3413.8   -0.382300475202846
      1440               3413.9   -0.382815732043107
      1441                 3414    -0.38305259608703
      1442               3414.1   -0.383072154914995
      1443               3414.2   -0.382872934143742
      1444               3414.3   -0.382432614577822
      1445               3414.4   -0.381858962996295
      1446               3414.5   -0.381435689622554
      1447               3414.6   -0.381464939373385
      1448               3414.7   -0.382032800385015
      1449               3414.8   -0.382911742993271
      1450               3414.9    -0.38368862234988
      1451                 3415   -0.384014463415161
      1452               3415.1   -0.383797428611889
      1453               3415.2   -0.383231431186713
      1454               3415.3   -0.382663132233588
      1455               3415.4   -0.382380167195472
      1456               3415.5   -0.382455077514992
      1457               3415.6   -0.382762070901773
      1458               3415.7   -0.383146803515759
      1459               3415.8   -0.383574947495851
      1460               3415.9   -0.384105584654847
      1461                 3416   -0.384733784674537
      1462               3416.1   -0.385290667919481
      1463               3416.2   -0.385511663513377
      1464               3416.3   -0.385195233817731
      1465               3416.4   -0.384299294857358
      1466               3416.5   -0.382918966849556
      1467               3416.6   -0.381216038096098
      1468               3416.7   -0.379385457450051
      1469               3416.8   -0.377660216962885
      1470               3416.9   -0.376297296303223
      1471                 3417   -0.375525304836379
      1472               3417.1   -0.375498558219656
      1473               3417.2   -0.376284804692356
      1474               3417.3   -0.377843055274822
      1475               3417.4   -0.379959147358513
      1476               3417.5    -0.38221415973417
      1477               3417.6   -0.384099165371797
      1478               3417.7   -0.385260297323591
      1479               3417.8   -0.385697668136177
      1480               3417.9   -0.385744767035785
      1481                 3418   -0.385829477221654
      1482               3418.1   -0.386195604131529
      1483               3418.2   -0.386783714376569
      1484               3418.3   -0.387323186138484
      1485               3418.4   -0.387523819017644
      1486               3418.5    -0.38722632428062
      1487               3418.6   -0.386455341278166
      1488               3418.7   -0.385386055876457
      1489               3418.8   -0.384253546333449
      1490               3418.9   -0.383259605729363
      1491                 3419   -0.382538477473653
      1492               3419.1   -0.382167929160947
      1493               3419.2   -0.382143234400891
      1494               3419.3   -0.382305523573927
      1495               3419.4   -0.382346894365483
      1496               3419.5   -0.381974011460535
      1497               3419.6   -0.381103191230897
      1498               3419.7   -0.379885053352238
      1499               3419.8    -0.37855585728576
      1500               3419.9   -0.377289725676168
