     index            Field [G]         Intensity []

         1                 3270   -0.377712630979568
         2               3270.1   -0.377537833158985
         3               3270.2   -0.377142574567931
         4               3270.3   -0.376553500621571
         5               3270.4   -0.375917443578214
         6               3270.5   -0.375477748641071
         7               3270.6   -0.375433512361588
         8               3270.7   -0.375788273149726
         9               3270.8   -0.376351416970133
        10               3270.9   -0.376891073411911
        11                 3271   -0.377276036872268
        12               3271.1   -0.377503835787509
        13               3271.2   -0.377669590431766
        14               3271.3   -0.377948647563869
        15               3271.4   -0.378553978233838
        16               3271.5   -0.379606395943808
        17               3271.6   -0.380994870359584
        18               3271.7   -0.382397363320778
        19               3271.8   -0.383492914761437
        20               3271.9   -0.384167211581087
        21                 3272   -0.384507059644069
        22               3272.1   -0.384622936253532
        23               3272.2   -0.384517406248319
        24               3272.3   -0.384120180215399
        25               3272.4   -0.383409197507527
        26               3272.5   -0.382484456731407
        27               3272.6   -0.381546926759623
        28               3272.7   -0.380805634085357
        29               3272.8   -0.380360773368439
        30               3272.9   -0.380135947658432
        31                 3273   -0.379925108532201
        32               3273.1   -0.379535062810283
        33               3273.2   -0.378916664873955
        34               3273.3   -0.378191527718989
        35               3273.4   -0.377574028334274
        36               3273.5   -0.377252612239208
        37               3273.6   -0.377290558053244
        38               3273.7   -0.377585854130261
        39               3273.8   -0.377921450362762
        40               3273.9   -0.378100077403079
        41                 3274    -0.37808092251206
        42               3274.1   -0.378005885265283
        43               3274.2   -0.378088757243049
        44               3274.3   -0.378459721017552
        45               3274.4   -0.379079019322043
        46               3274.5   -0.379759663884259
        47               3274.6   -0.380270085514803
        48               3274.7   -0.380461483961326
        49               3274.8   -0.380353548960126
        50               3274.9   -0.380126889913951
        51                 3275   -0.380034432936531
        52               3275.1   -0.380297900974959
        53               3275.2   -0.381028394522144
        54               3275.3   -0.382164352256656
        55               3275.4   -0.383456202498948
        56               3275.5   -0.384569045769953
        57               3275.6   -0.385280020848862
        58               3275.7   -0.385608151446902
        59               3275.8   -0.385759844007912
        60               3275.9   -0.385967454394553
        61                 3276   -0.386370995200279
        62               3276.1   -0.386981520158521
        63               3276.2   -0.387684965633347
        64               3276.3   -0.388290147477547
        65               3276.4   -0.388638890860906
        66               3276.5   -0.388709819947189
        67               3276.6   -0.388612862300291
        68               3276.7   -0.388482178994541
        69               3276.8   -0.388395030460423
        70               3276.9   -0.388410525064297
        71                 3277   -0.388666737258205
        72               3277.1   -0.389381251789268
        73               3277.2   -0.390695453782589
        74               3277.3   -0.392496005301601
        75               3277.4    -0.39440605320334
        76               3277.5   -0.395975857232027
        77               3277.6   -0.396908514865726
        78               3277.7    -0.39715378225448
        79               3277.8   -0.396852775964594
        80               3277.9   -0.396212142632134
        81                 3278   -0.395367855667078
        82               3278.1   -0.394287715018081
        83               3278.2   -0.392797046706459
        84               3278.3   -0.390763729515409
        85               3278.4   -0.388308450273029
        86               3278.5    -0.38582157734936
        87               3278.6   -0.383735090716734
        88               3278.7   -0.382242973197073
        89               3278.8   -0.381195705934723
        90               3278.9   -0.380220307634085
        91                 3279   -0.378969491383562
        92               3279.1   -0.377363325283951
        93               3279.2   -0.375677934653918
        94               3279.3   -0.374388624872651
        95               3279.4   -0.373857393742738
        96               3279.5   -0.374116994121593
        97               3279.6   -0.374922296649837
        98               3279.7   -0.375979036060913
        99               3279.8   -0.377113954065443
       100               3279.9   -0.378254642831437
       101                 3280   -0.379295254246927
       102               3280.1   -0.380027333385076
       103               3280.2   -0.380236305876462
       104               3280.3   -0.379881765062888
       105               3280.4    -0.37917062324289
       106               3280.5   -0.378428852673023
       107               3280.6   -0.377893268048361
       108               3280.7   -0.377624600301323
       109               3280.8    -0.37758308856778
       110               3280.9   -0.377721946175854
       111                 3281   -0.377984726508458
       112               3281.1   -0.378261112365288
       113               3281.2   -0.378403877103226
       114               3281.3   -0.378304257272875
       115               3281.4   -0.377957006164035
       116               3281.5   -0.377487786413763
       117               3281.6   -0.377141386687128
       118               3281.7   -0.377203208385289
       119               3281.8   -0.377856417654088
       120               3281.9   -0.379067900926504
       121                 3282   -0.380600310789081
       122               3282.1   -0.382124886060872
       123               3282.2    -0.38332484647624
       124               3282.3   -0.383945479658582
       125               3282.4   -0.383840534508804
       126               3282.5   -0.383028037531879
       127               3282.6   -0.381681342575916
       128               3282.7   -0.380029241781245
       129               3282.8   -0.378274322661309
       130               3282.9   -0.376622816578464
       131                 3283   -0.375336006182452
       132               3283.1   -0.374649085914424
       133               3283.2   -0.374592416320269
       134               3283.3   -0.374926399872158
       135               3283.4    -0.37529603742513
       136               3283.5   -0.375459881648794
       137               3283.6   -0.375377488050179
       138               3283.7   -0.375113286217994
       139               3283.8   -0.374698979555875
       140               3283.9   -0.374096187387452
       141                 3284   -0.373264668117221
       142               3284.1   -0.372240769160144
       143               3284.2   -0.371150754540832
       144               3284.3   -0.370168430472731
       145               3284.4   -0.369473656137991
       146               3284.5   -0.369237402327071
       147               3284.6   -0.369603996295649
       148               3284.7   -0.370640401575735
       149               3284.8   -0.372274286173511
       150               3284.9   -0.374274941776194
       151                 3285   -0.376311453196069
       152               3285.1   -0.378078061749331
       153               3285.2   -0.379423406728549
       154               3285.3   -0.380385253403668
       155               3285.4   -0.381088838640983
       156               3285.5   -0.381604430394111
       157               3285.6   -0.381912350024674
       158               3285.7   -0.381996536576188
       159               3285.8   -0.381936462212672
       160               3285.9   -0.381883734608262
       161                 3286   -0.381950748397748
       162               3286.1    -0.38212345253884
       163               3286.2   -0.382273525758412
       164               3286.3   -0.382259226332724
       165               3286.4   -0.382042902422909
       166               3286.5   -0.381744385533818
       167               3286.6   -0.381594229797125
       168               3286.7   -0.381816184452782
       169               3286.8   -0.382506834055748
       170               3286.9   -0.383579550163472
       171                 3287   -0.384808919172039
       172               3287.1   -0.385948964787343
       173               3287.2   -0.386836494702106
       174               3287.3   -0.387405889136019
       175               3287.4   -0.387636389881702
       176               3287.5   -0.387517558825466
       177               3287.6   -0.387079647642351
       178               3287.7   -0.386448736250938
       179               3287.8   -0.385840875345036
       180               3287.9    -0.38544361982344
       181                 3288   -0.385239202788283
       182               3288.1    -0.38492419524462
       183               3288.2   -0.384050660181038
       184               3288.3   -0.382336329066555
       185               3288.4   -0.379927196568592
       186               3288.5   -0.377406360997032
       187               3288.6   -0.375514373942756
       188               3288.7   -0.374743152813672
       189               3288.8   -0.375060466016423
       190               3288.9    -0.37594813424813
       191                 3289   -0.376725756166119
       192               3289.1   -0.376934018659416
       193               3289.2   -0.376528797914865
       194               3289.3   -0.375799316245933
       195               3289.4    -0.37512234516765
       196               3289.5   -0.374742933897661
       197               3289.6   -0.374698119319829
       198               3289.7   -0.374872224592208
       199               3289.8   -0.375106458050382
       200               3289.9   -0.375296752590481
       201                 3290   -0.375441623490617
       202               3290.1   -0.375624412563563
       203               3290.2   -0.375950049111508
       204               3290.3   -0.376479344679663
       205               3290.4   -0.377179928755613
       206               3290.5    -0.37789391802155
       207               3290.6   -0.378361836805829
       208               3290.7   -0.378359134097094
       209               3290.8    -0.37789650049804
       210               3290.9   -0.377305692593285
       211                 3291   -0.377078897588241
       212               3291.1   -0.377549713786999
       213               3291.2    -0.37866232904285
       214               3291.3   -0.380001685446986
       215               3291.4    -0.38103938931088
       216               3291.5   -0.381403796787684
       217               3291.6   -0.381015779214368
       218               3291.7   -0.380067316410578
       219               3291.8   -0.378913879402236
       220               3291.9   -0.377948777792562
       221                 3292    -0.37748722415082
       222               3292.1    -0.37767532161719
       223               3292.2   -0.378453144943081
       224               3292.3   -0.379603134681495
       225               3292.4   -0.380877821674058
       226               3292.5   -0.382135144204582
       227               3292.6   -0.383379134560165
       228               3292.7    -0.38467142176004
       229               3292.8   -0.386000292297723
       230               3292.9   -0.387232888529194
       231                 3293    -0.38817985060664
       232               3293.1   -0.388689176877001
       233               3293.2   -0.388692117655494
       234               3293.3   -0.388212887352691
       235               3293.4   -0.387380502888596
       236               3293.5   -0.386415040939986
       237               3293.6   -0.385532930568878
       238               3293.7   -0.384803538937348
       239               3293.8   -0.384081485480141
       240               3293.9   -0.383102631837572
       241                 3294   -0.381697730224821
       242               3294.1    -0.37997483115681
       243               3294.2   -0.378326348756849
       244               3294.3   -0.377230278329899
       245               3294.4   -0.376972922488743
       246               3294.5   -0.377493130972276
       247               3294.6   -0.378452421202304
       248               3294.7   -0.379458257800445
       249               3294.8   -0.380273467657963
       250               3294.9   -0.380881720089534
       251                 3295   -0.381380082453312
       252               3295.1   -0.381783043891684
       253               3295.2   -0.381908693165947
       254               3295.3   -0.381481956324048
       255               3295.4   -0.380392979057503
       256               3295.5   -0.378863019700584
       257               3295.6   -0.377331313575432
       258               3295.7   -0.376154486462108
       259               3295.8   -0.375399574882872
       260               3295.9   -0.374904134475828
       261                 3296   -0.374506131808896
       262               3296.1   -0.374203776352579
       263               3296.2    -0.37411536634112
       264               3296.3   -0.374330902947391
       265               3296.4    -0.37483764484797
       266               3296.5   -0.375570529701208
       267               3296.6   -0.376464479572141
       268               3296.7   -0.377410254715896
       269               3296.8   -0.378200089380995
       270               3296.9   -0.378602955068449
       271                 3297   -0.378528069433252
       272               3297.1   -0.378086261980369
       273               3297.2   -0.377472457624383
       274               3297.3   -0.376806624401126
       275               3297.4    -0.37609487965532
       276               3297.5   -0.375310993299829
       277               3297.6    -0.37448193857124
       278               3297.7   -0.373699434199262
       279               3297.8   -0.373075191043411
       280               3297.9   -0.372690524630108
       281                 3298    -0.37255790528645
       282               3298.1    -0.37259191728088
       283               3298.2   -0.372614278285651
       284               3298.3   -0.372426495165556
       285               3298.4   -0.371920362696727
       286               3298.5   -0.371135523973781
       287               3298.6   -0.370218212319533
       288               3298.7   -0.369337317884987
       289               3298.8   -0.368633504429241
       290               3298.9   -0.368207219373528
       291                 3299   -0.368114767695268
       292               3299.1   -0.368371514127927
       293               3299.2   -0.368970039642469
       294               3299.3   -0.369891088815065
       295               3299.4   -0.371094231728408
       296               3299.5   -0.372518829945523
       297               3299.6    -0.37411243556299
       298               3299.7   -0.375842409891729
       299               3299.8   -0.377651869906239
       300               3299.9   -0.379407244724893
       301                 3300   -0.380922660405671
       302               3300.1   -0.382063777822993
       303               3300.2   -0.382830348874651
       304               3300.3   -0.383327264340577
       305               3300.4   -0.383650403083055
       306               3300.5   -0.383800632792624
       307               3300.6   -0.383702208778394
       308               3300.7   -0.383295028874711
       309               3300.8   -0.382617785537187
       310               3300.9   -0.381835295076028
       311                 3301    -0.38120836007541
       312               3301.1   -0.381002741298577
       313               3301.2   -0.381337976575874
       314               3301.3   -0.382042701667944
       315               3301.4   -0.382646467505406
       316               3301.5   -0.382584354560224
       317               3301.6   -0.381524267641588
       318               3301.7    -0.37959538848654
       319               3301.8   -0.377341406743766
       320               3301.9   -0.375427538996423
       321                 3302   -0.374316339496269
       322               3302.1   -0.374119107009193
       323               3302.2   -0.374653196292824
       324               3302.3   -0.375591451141103
       325               3302.4   -0.376602148569761
       326               3302.5   -0.377457926326614
       327               3302.6   -0.378106991761557
       328               3302.7   -0.378665247150421
       329               3302.8   -0.379306365480525
       330               3302.9   -0.380108929561413
       331                 3303   -0.380967738798766
       332               3303.1   -0.381625990901917
       333               3303.2   -0.381790635183054
       334               3303.3   -0.381253021519887
       335               3303.4   -0.379971524906018
       336               3303.5   -0.378114070080058
       337               3303.6   -0.376051607642464
       338               3303.7   -0.374269126135326
       339               3303.8   -0.373184846511118
       340               3303.9   -0.372945506187441
       341                 3304   -0.373325495215046
       342               3304.1   -0.373828530120029
       343               3304.2   -0.373964950402267
       344               3304.3   -0.373531121347416
       345               3304.4   -0.372682994760104
       346               3304.5   -0.371748493579342
       347               3304.6   -0.370948910283285
       348               3304.7   -0.370271045812713
       349               3304.8   -0.369570795617375
       350               3304.9   -0.368769387351506
       351                 3305   -0.367949058721544
       352               3305.1   -0.367291659137434
       353               3305.2   -0.366957648180168
       354               3305.3   -0.367017721601667
       355               3305.4   -0.367455097377814
       356               3305.5   -0.368193471318491
       357               3305.6   -0.369123535448912
       358               3305.7   -0.370127405836197
       359               3305.8   -0.371093943630135
       360               3305.9   -0.371922473178989
       361                 3306   -0.372535006972872
       362               3306.1   -0.372899402292748
       363               3306.2   -0.373023176993781
       364               3306.3    -0.37290536784351
       365               3306.4   -0.372515110854723
       366               3306.5   -0.371856935520435
       367               3306.6   -0.371064306113421
       368               3306.7   -0.370405547918053
       369               3306.8   -0.370178683535289
       370               3306.9   -0.370578832074114
       371                 3307   -0.371614863906804
       372               3307.1   -0.373092811600755
       373               3307.2   -0.374670526252212
       374               3307.3   -0.375985217823756
       375               3307.4   -0.376800318376468
       376               3307.5   -0.377073236055889
       377               3307.6   -0.376906541308467
       378               3307.7    -0.37646194067254
       379               3307.8   -0.375934885948762
       380               3307.9   -0.375570219000092
       381                 3308   -0.375605817109889
       382               3308.1   -0.376116629641509
       383               3308.2   -0.376908028014348
       384               3308.3   -0.377621305306919
       385               3308.4   -0.377995146590953
       386               3308.5   -0.378035455706353
       387               3308.6   -0.377943050400838
       388               3308.7   -0.377915960201896
       389               3308.8   -0.378035988644609
       390               3308.9   -0.378284742264355
       391                 3309   -0.378578247470188
       392               3309.1   -0.378759292588172
       393               3309.2   -0.378616048100418
       394               3309.3   -0.377993996597223
       395               3309.4   -0.376940007788067
       396               3309.5   -0.375731577233956
       397               3309.6    -0.37471277200599
       398               3309.7   -0.374038195567168
       399               3309.8    -0.37355359160519
       400               3309.9   -0.372953128711827
       401                 3310   -0.372084761766308
       402               3310.1   -0.371108625164126
       403               3310.2    -0.37036465458499
       404               3310.3   -0.370106188329169
       405               3310.4    -0.37035253921353
       406               3310.5    -0.37093925463398
       407               3310.6    -0.37165985963417
       408               3310.7   -0.372376559814721
       409               3310.8   -0.373046805085614
       410               3310.9   -0.373662809050835
       411                 3311   -0.374155782778561
       412               3311.1   -0.374370211095322
       413               3311.2    -0.37416760503502
       414               3311.3   -0.373577849269626
       415               3311.4   -0.372843948913327
       416               3311.5   -0.372296897467525
       417               3311.6   -0.372148614873192
       418               3311.7   -0.372360093660215
       419               3311.8   -0.372688305603169
       420               3311.9   -0.372876512217887
       421                 3312   -0.372825019033559
       422               3312.1   -0.372595917003676
       423               3312.2   -0.372279993169035
       424               3312.3   -0.371894808546009
       425               3312.4   -0.371413479711763
       426               3312.5     -0.3708436260248
       427               3312.6   -0.370234246149147
       428               3312.7   -0.369621809342572
       429               3312.8    -0.36901519466655
       430               3312.9   -0.368433797776398
       431                 3313   -0.367910280773961
       432               3313.1   -0.367423693468685
       433               3313.2   -0.366853090525203
       434               3313.3   -0.366039445133056
       435               3313.4   -0.364914699081634
       436               3313.5   -0.363576638021013
       437               3313.6   -0.362243430477754
       438               3313.7    -0.36112246296143
       439               3313.8    -0.36027386573879
       440               3313.9   -0.359547413734126
       441                 3314   -0.358651553088475
       442               3314.1   -0.357341216058238
       443               3314.2   -0.355595131636342
       444               3314.3   -0.353627886860567
       445               3314.4   -0.351726387004453
       446               3314.5   -0.350063317873588
       447               3314.6   -0.348631155558527
       448               3314.7   -0.347305077303046
       449               3314.8   -0.345957746829536
       450               3314.9   -0.344551446811284
       451                 3315   -0.343155755429363
       452               3315.1   -0.341878584133336
       453               3315.2   -0.340766980507797
       454               3315.3   -0.339762529340309
       455               3315.4   -0.338738564890453
       456               3315.5   -0.337573477522666
       457               3315.6     -0.3362025872803
       458               3315.7   -0.334621526447745
       459               3315.8   -0.332844821065987
       460               3315.9    -0.33085765398477
       461                 3316   -0.328623403785649
       462               3316.1   -0.326163488868981
       463               3316.2    -0.32361816111425
       464               3316.3   -0.321172909795624
       465               3316.4   -0.318886356029839
       466               3316.5   -0.316612832019819
       467               3316.6   -0.314134409800066
       468               3316.7   -0.311370696033697
       469               3316.8   -0.308443324823539
       470               3316.9    -0.30554827198788
       471                 3317    -0.30278927010922
       472               3317.1   -0.300127180896739
       473               3317.2   -0.297465054660628
       474               3317.3   -0.294778126272381
       475               3317.4   -0.292164751257985
       476               3317.5   -0.289742642126207
       477               3317.6   -0.287454286476098
       478               3317.7   -0.284978098417345
       479               3317.8   -0.281883235422215
       480               3317.9   -0.277917632182229
       481                 3318   -0.273163527708086
       482               3318.1   -0.267943813539725
       483               3318.2   -0.262628992130047
       484               3318.3    -0.25753444650217
       485               3318.4   -0.252899506041906
       486               3318.5   -0.248822652081376
       487               3318.6   -0.245156434176787
       488               3318.7   -0.241522489724242
       489               3318.8   -0.237529021950276
       490               3318.9   -0.233035101088465
       491                 3319   -0.228216121084254
       492               3319.1   -0.223374941225236
       493               3319.2   -0.218698993792912
       494               3319.3   -0.214189775772934
       495               3319.4   -0.209776358141662
       496               3319.5    -0.20543992703086
       497               3319.6   -0.201217782543024
       498               3319.7   -0.197124568714356
       499               3319.8   -0.193115037816162
       500               3319.9   -0.189149267430484
       501                 3320   -0.185296291547643
       502               3320.1   -0.181750082900596
       503               3320.2   -0.178705536598812
       504               3320.3   -0.176195158182742
       505               3320.4   -0.174046558216617
       506               3320.5   -0.172000451338154
       507               3320.6   -0.169874085650815
       508               3320.7   -0.167649601199531
       509               3320.8   -0.165471502285659
       510               3320.9    -0.16358804777859
       511                 3321    -0.16225073565181
       512               3321.1   -0.161599563354714
       513               3321.2   -0.161607145197134
       514               3321.3   -0.162125933395336
       515               3321.4   -0.162983063844378
       516               3321.5     -0.1640328540991
       517               3321.6   -0.165160092163944
       518               3321.7   -0.166302229354836
       519               3321.8   -0.167510724378417
       520               3321.9   -0.168977400847573
       521                 3322   -0.170963749069926
       522               3322.1   -0.173680960003558
       523               3322.2    -0.17721595483366
       524               3322.3    -0.18152202749775
       525               3322.4   -0.186423946611419
       526               3322.5   -0.191632747510999
       527               3322.6   -0.196827469882407
       528               3322.7   -0.201805316101796
       529               3322.8   -0.206590738408065
       530               3322.9   -0.211393120540657
       531                 3323   -0.216429951974028
       532               3323.1   -0.221752545464517
       533               3323.2   -0.227213943575183
       534               3323.3   -0.232600649503675
       535               3323.4   -0.237805242699048
       536               3323.5   -0.242887539925742
       537               3323.6   -0.247998447141741
       538               3323.7   -0.253273258166949
       539               3323.8   -0.258784656867336
       540               3323.9   -0.264537545784732
       541                 3324    -0.27045275361256
       542               3324.1   -0.276347809175792
       543               3324.2    -0.28196300082362
       544               3324.3   -0.287039784308604
       545               3324.4   -0.291404462514466
       546               3324.5   -0.295016994147705
       547               3324.6   -0.297983025857907
       548               3324.7    -0.30052548094017
       549               3324.8   -0.302892561504775
       550               3324.9   -0.305225860751799
       551                 3325   -0.307493846806676
       552               3325.1   -0.309569499742734
       553               3325.2   -0.311382111448656
       554               3325.3   -0.312986588260223
       555               3325.4   -0.314489849399642
       556               3325.5   -0.315928375849096
       557               3325.6   -0.317220664194714
       558               3325.7   -0.318225027489681
       559               3325.8   -0.318845463075401
       560               3325.9   -0.319105884580563
       561                 3326   -0.319134770291861
       562               3326.1   -0.319065231402922
       563               3326.2   -0.318942160265159
       564               3326.3   -0.318738565913906
       565               3326.4   -0.318460134703576
       566               3326.5   -0.318195272138516
       567               3326.6   -0.318025826352441
       568               3326.7   -0.317897955992412
       569               3326.8   -0.317624593411946
       570               3326.9   -0.317048403144529
       571                 3327   -0.316199667257446
       572               3327.1   -0.315263354554865
       573               3327.2   -0.314367895154938
       574               3327.3    -0.31342582331302
       575               3327.4   -0.312229056865237
       576               3327.5   -0.310717318040754
       577               3327.6   -0.309123056788786
       578               3327.7   -0.307827008558726
       579               3327.8   -0.307074077770855
       580               3327.9   -0.306814331774414
       581                 3328   -0.306760269984945
       582               3328.1   -0.306553190976526
       583               3328.2   -0.305909337975318
       584               3328.3   -0.304697206933749
       585               3328.4   -0.302943998035215
       586               3328.5   -0.300779926691786
       587               3328.6   -0.298359470870526
       588               3328.7   -0.295826663509931
       589               3328.8   -0.293352237769493
       590               3328.9   -0.291177707738829
       591                 3329   -0.289565843954641
       592               3329.1   -0.288653778456093
       593               3329.2   -0.288342933370884
       594               3329.3   -0.288355229592449
       595               3329.4   -0.288412638244022
       596               3329.5   -0.288370584214261
       597               3329.6    -0.28822077134165
       598               3329.7   -0.288039344526003
       599               3329.8   -0.287963996174204
       600               3329.9   -0.288173245291016
       601                 3330   -0.288821354189345
       602               3330.1   -0.289976694540188
       603               3330.2   -0.291642083155611
       604               3330.3   -0.293837491391413
       605               3330.4   -0.296644474676503
       606               3330.5    -0.30016400937628
       607               3330.6   -0.304446178452139
       608               3330.7   -0.309470691360203
       609               3330.8   -0.315182189929617
       610               3330.9   -0.321524621792173
       611                 3331   -0.328444881135903
       612               3331.1   -0.335890654232155
       613               3331.2   -0.343820183351016
       614               3331.3   -0.352190275966347
       615               3331.4   -0.360897944580546
       616               3331.5   -0.369734811069784
       617               3331.6   -0.378443824329547
       618               3331.7   -0.386869917090188
       619               3331.8   -0.395084750322503
       620               3331.9    -0.40337882394623
       621                 3332   -0.412121105058216
       622               3332.1   -0.421574323534316
       623               3332.2   -0.431780514088698
       624               3332.3   -0.442588307121206
       625               3332.4   -0.453780120212652
       626               3332.5   -0.465168732259246
       627               3332.6   -0.476591642093617
       628               3332.7   -0.487875525617563
       629               3332.8   -0.498872881612315
       630               3332.9   -0.509549635231333
       631                 3333   -0.520004978190567
       632               3333.1   -0.530364771237974
       633               3333.2   -0.540627991637553
       634               3333.3   -0.550601379936863
       635               3333.4   -0.559980399793154
       636               3333.5   -0.568515850526717
       637               3333.6   -0.576155550573899
       638               3333.7   -0.583083163250506
       639               3333.8   -0.589634715122698
       640               3333.9   -0.596129466230439
       641                 3334   -0.602703551158081
       642               3334.1   -0.609243785715652
       643               3334.2   -0.615451747852541
       644               3334.3   -0.620977938885652
       645               3334.4    -0.62554142424037
       646               3334.5   -0.628997704756897
       647               3334.6   -0.631361449182963
       648               3334.7   -0.632786391344086
       649               3334.8   -0.633491089991921
       650               3334.9   -0.633649227049644
       651                 3335   -0.633316868448762
       652               3335.1   -0.632467811443417
       653               3335.2   -0.631114754441776
       654               3335.3   -0.629387676548965
       655               3335.4   -0.627459607528125
       656               3335.5   -0.625374383900438
       657               3335.6   -0.622959413305078
       658               3335.7   -0.619921401555339
       659               3335.8    -0.61601938981594
       660               3335.9   -0.611146740721272
       661                 3336   -0.605289382136723
       662               3336.1   -0.598461345389303
       663               3336.2   -0.590701181787752
       664               3336.3    -0.58210930939091
       665               3336.4   -0.572848938393779
       666               3336.5    -0.56307193417891
       667               3336.6   -0.552822699479703
       668               3336.7   -0.542021084220539
       669               3336.8   -0.530563079095986
       670               3336.9    -0.51845999108019
       671                 3337    -0.50589101893207
       672               3337.1    -0.49312343490822
       673               3337.2   -0.480380875324187
       674               3337.3   -0.467784860597854
       675               3337.4   -0.455403037837343
       676               3337.5   -0.443309897970662
       677               3337.6   -0.431564675400655
       678               3337.7   -0.420133922614307
       679               3337.8   -0.408852459469389
       680               3337.9   -0.397454786334203
       681                 3338   -0.385651034929698
       682               3338.1   -0.373231429112655
       683               3338.2   -0.360165223005749
       684               3338.3    -0.34660955812985
       685               3338.4   -0.332789971192288
       686               3338.5   -0.318845452207666
       687               3338.6   -0.304767693194321
       688               3338.7   -0.290459301497917
       689               3338.8   -0.275840730339989
       690               3338.9   -0.260937517550873
       691                 3339   -0.245905467561314
       692               3339.1   -0.230962998347188
       693               3339.2   -0.216256491434584
       694               3339.3   -0.201767237231926
       695               3339.4    -0.18735138260555
       696               3339.5   -0.172872464664162
       697               3339.6   -0.158295393377837
       698               3339.7   -0.143660541423362
       699               3339.8   -0.128972509666842
       700               3339.9   -0.114113130681665
       701                 3340  -0.0988779238197593
       702               3340.1  -0.0831288409877505
       703               3340.2  -0.0669210073870448
       704               3340.3  -0.0504557887008058
       705               3340.4  -0.0338859101856721
       706               3340.5  -0.0171602272795223
       707               3340.6 -4.83201991356952e-05
       708               3340.7   0.0177039871035997
       709               3340.8   0.0362403998405163
       710               3340.9   0.0555694253457306
       711                 3341   0.0756289921343415
       712               3341.1   0.0963803334010011
       713               3341.2    0.117871917008263
       714               3341.3    0.140207841782944
       715               3341.4    0.163393670795986
       716               3341.5    0.187158427959559
       717               3341.6    0.210943719685802
       718               3341.7    0.234139730719514
       719               3341.8    0.256390757217348
       720               3341.9    0.277684610339189
       721                 3342    0.298147212894794
       722               3342.1    0.317764306986309
       723               3342.2     0.33629754708291
       724               3342.3    0.353423056770096
       725               3342.4    0.368892826773574
       726               3342.5    0.382532758935873
       727               3342.6    0.394084957659748
       728               3342.7    0.403061392154292
       729               3342.8    0.408758066738773
       730               3342.9    0.410422689001008
       731                 3343    0.407447558446669
       732               3343.1    0.399483236375661
       733               3343.2     0.38645565375242
       734               3343.3    0.368496932400194
       735               3343.4    0.345801698751892
       736               3343.5      0.3184791390002
       737               3343.6    0.286516983836581
       738               3343.7    0.249890998357632
       739               3343.8     0.20871206702808
       740               3343.9    0.163280382769685
       741                 3344    0.114032047851475
       742               3344.1   0.0614632201302008
       743               3344.2   0.0061027196211452
       744               3344.3  -0.0514640851906558
       745               3344.4   -0.110553289469622
       746               3344.5   -0.170359404488376
       747               3344.6   -0.229986277868954
       748               3344.7   -0.288541175448345
       749               3344.8   -0.345249302461732
       750               3344.9   -0.399530626371804
       751                 3345   -0.451028384842364
       752               3345.1   -0.499608119740225
       753               3345.2   -0.545308728904135
       754               3345.3   -0.588219051763308
       755               3345.4   -0.628340719438799
       756               3345.5   -0.665549922139672
       757               3345.6   -0.699669839604592
       758               3345.7   -0.730548364369625
       759               3345.8   -0.758082640255366
       760               3345.9   -0.782249756654837
       761                 3346   -0.803185641097489
       762               3346.1   -0.821237642654656
       763               3346.2   -0.836901609832189
       764               3346.3   -0.850666504386535
       765               3346.4   -0.862864373076839
       766               3346.5    -0.87358673981594
       767               3346.6   -0.882674921950049
       768               3346.7   -0.889790779252279
       769               3346.8   -0.894571712147973
       770               3346.9   -0.896819784823037
       771                 3347   -0.896624065376415
       772               3347.1   -0.894341260288533
       773               3347.2   -0.890448799795618
       774               3347.3   -0.885361972137262
       775               3347.4   -0.879320356433046
       776               3347.5   -0.872396696436349
       777               3347.6   -0.864597552676098
       778               3347.7   -0.855965266837785
       779               3347.8   -0.846603672124043
       780               3347.9   -0.836629973192021
       781                 3348    -0.82612691044981
       782               3348.1   -0.815153844938443
       783               3348.2   -0.803789126489572
       784               3348.3   -0.792125415625765
       785               3348.4   -0.780189267604969
       786               3348.5    -0.76784954820452
       787               3348.6   -0.754819531728153
       788               3348.7   -0.740808044180491
       789               3348.8   -0.725756549406542
       790               3348.9   -0.709983190478091
       791                 3349   -0.694071351847877
       792               3349.1    -0.67854521927499
       793               3349.2   -0.663587724882047
       794               3349.3   -0.649019987440677
       795               3349.4   -0.634505482482842
       796               3349.5   -0.619773972992118
       797               3349.6   -0.604735686822885
       798               3349.7   -0.589495030077993
       799               3349.8   -0.574289725202652
       800               3349.9    -0.55935470927143
       801                 3350   -0.544774660814721
       802               3350.1   -0.530463641660202
       803               3350.2   -0.516332140577898
       804               3350.3    -0.50250714951037
       805               3350.4   -0.489374845389796
       806               3350.5   -0.477353823462262
       807               3350.6    -0.46657423426326
       808               3350.7   -0.456764894026362
       809               3350.8   -0.447469075619849
       810               3350.9   -0.438383528052856
       811                 3351   -0.429503170293506
       812               3351.1    -0.42098158327941
       813               3351.2   -0.412912833158974
       814               3351.3   -0.405278906830373
       815               3351.4   -0.398088949224726
       816               3351.5    -0.39152760310782
       817               3351.6   -0.385936071939915
       818               3351.7   -0.381630350940436
       819               3351.8   -0.378712702816466
       820               3351.9   -0.377013898403247
       821                 3352    -0.37617601072607
       822               3352.1   -0.375804200705382
       823               3352.2   -0.375622928630497
       824               3352.3   -0.375587964264508
       825               3352.4   -0.375897587300058
       826               3352.5   -0.376872295470152
       827               3352.6   -0.378754101517251
       828               3352.7   -0.381543425963258
       829               3352.8   -0.384974757330655
       830               3352.9   -0.388644382329578
       831                 3353   -0.392208645749486
       832               3353.1   -0.395527889852016
       833               3353.2   -0.398673545042197
       834               3353.3   -0.401826385340396
       835               3353.4    -0.40517565732778
       836               3353.5   -0.408886998653501
       837               3353.6   -0.413095704278139
       838               3353.7   -0.417860711793223
       839               3353.8   -0.423110197171302
       840               3353.9   -0.428659276119447
       841                 3354   -0.434293252094566
       842               3354.1   -0.439821747514261
       843               3354.2   -0.445058600464635
       844               3354.3   -0.449789349455855
       845               3354.4   -0.453799160851268
       846               3354.5   -0.456959613722709
       847               3354.6   -0.459322682388233
       848               3354.7   -0.461162396238061
       849               3354.8   -0.462901305955199
       850               3354.9   -0.464901836777353
       851                 3355   -0.467229951127189
       852               3355.1   -0.469589416659129
       853               3355.2   -0.471521959188743
       854               3355.3   -0.472736173627946
       855               3355.4   -0.473310995476923
       856               3355.5   -0.473633086538709
       857               3355.6   -0.474136420717682
       858               3355.7   -0.475031278569895
       859               3355.8   -0.476189081967701
       860               3355.9   -0.477239523132922
       861                 3356   -0.477801633315113
       862               3356.1   -0.477690753205133
       863               3356.2   -0.476987767090666
       864               3356.3   -0.475982350677657
       865               3356.4   -0.475068609660832
       866               3356.5   -0.474627269590547
       867               3356.6   -0.474885367245613
       868               3356.7   -0.475795820194153
       869               3356.8   -0.477042581052574
       870               3356.9   -0.478218737933327
       871                 3357   -0.479071197230106
       872               3357.1   -0.479622227206351
       873               3357.2   -0.480069234657809
       874               3357.3   -0.480555817671063
       875               3357.4     -0.4810165488111
       876               3357.5   -0.481210318916881
       877               3357.6   -0.480864603973089
       878               3357.7   -0.479776867547983
       879               3357.8   -0.477835810410431
       880               3357.9   -0.475050094918205
       881                 3358   -0.471618587193255
       882               3358.1   -0.467937278023676
       883               3358.2   -0.464455064369344
       884               3358.3   -0.461477939063045
       885               3358.4   -0.459114163825559
       886               3358.5   -0.457390127967778
       887               3358.6   -0.456354122168202
       888               3358.7   -0.456018934728276
       889               3358.8    -0.45622497827545
       890               3358.9   -0.456613126792097
       891                 3359   -0.456759109078833
       892               3359.1    -0.45635441976988
       893               3359.2   -0.455314421488659
       894               3359.3   -0.453781849399685
       895               3359.4   -0.452039555453503
       896               3359.5   -0.450364561565878
       897               3359.6   -0.448900473047691
       898               3359.7   -0.447640335339245
       899               3359.8   -0.446524743578396
       900               3359.9   -0.445540630622232
       901                 3360   -0.444707622159827
       902               3360.1   -0.443984027330804
       903               3360.2   -0.443240108779028
       904               3360.3   -0.442369772093053
       905               3360.4   -0.441422256924517
       906               3360.5   -0.440577133487494
       907               3360.6   -0.439953689905747
       908               3360.7   -0.439446826295184
       909               3360.8   -0.438768039250302
       910               3360.9   -0.437650914289976
       911                 3361   -0.436017114448683
       912               3361.1   -0.433979024056314
       913               3361.2   -0.431752971476588
       914               3361.3   -0.429606471994824
       915               3361.4   -0.427830804266189
       916               3361.5   -0.426653997531442
       917               3361.6   -0.426121549393581
       918               3361.7   -0.426079928524812
       919               3361.8   -0.426293254906998
       920               3361.9   -0.426546721171626
       921                 3362   -0.426625905088551
       922               3362.1   -0.426268276071058
       923               3362.2   -0.425241653917602
       924               3362.3   -0.423517889549892
       925               3362.4    -0.42134946355975
       926               3362.5   -0.419140650942802
       927               3362.6     -0.4172081611156
       928               3362.7   -0.415609640661308
       929               3362.8   -0.414143431273488
       930               3362.9   -0.412509984871617
       931                 3363   -0.410543900058644
       932               3363.1   -0.408374186785233
       933               3363.2   -0.406386038490551
       934               3363.3   -0.404984081575859
       935               3363.4   -0.404319667153262
       936               3363.5   -0.404187213858847
       937               3363.6   -0.404163187969794
       938               3363.7   -0.403872550464351
       939               3363.8   -0.403185425829376
       940               3363.9   -0.402228674946545
       941                 3364   -0.401252517236915
       942               3364.1   -0.400479109624042
       943               3364.2   -0.400021774299223
       944               3364.3   -0.399869233319702
       945               3364.4   -0.399888923480098
       946               3364.5   -0.399853119660374
       947               3364.6   -0.399540013598877
       948               3364.7   -0.398892163091826
       949               3364.8   -0.398087168444618
       950               3364.9   -0.397407343978035
       951                 3365   -0.397018054703712
       952               3365.1   -0.396889133060245
       953               3365.2   -0.396919666503994
       954               3365.3   -0.397079739718633
       955               3365.4   -0.397394552664548
       956               3365.5    -0.39782349065056
       957               3365.6   -0.398212236719123
       958               3365.7   -0.398383302696058
       959               3365.8   -0.398255338887523
       960               3365.9   -0.397861362028086
       961                 3366   -0.397271470004404
       962               3366.1   -0.396532948085773
       963               3366.2   -0.395692798232382
       964               3366.3   -0.394848179046321
       965               3366.4   -0.394141066621768
       966               3366.5    -0.39368952593748
       967               3366.6   -0.393512578836647
       968               3366.7   -0.393502563570419
       969               3366.8   -0.393469432833578
       970               3366.9   -0.393245570594901
       971                 3367   -0.392787316495648
       972               3367.1   -0.392187723885591
       973               3367.2   -0.391584192997776
       974               3367.3   -0.391049997884553
       975               3367.4   -0.390571838436276
       976               3367.5   -0.390116587660644
       977               3367.6    -0.38970441779473
       978               3367.7   -0.389422996065551
       979               3367.8   -0.389381295084931
       980               3367.9    -0.38963013806785
       981                 3368   -0.390088902971307
       982               3368.1   -0.390543983431902
       983               3368.2   -0.390765487400551
       984               3368.3   -0.390685446137206
       985               3368.4   -0.390489791013485
       986               3368.5   -0.390518928392844
       987               3368.6   -0.391031537307922
       988               3368.7    -0.39201889366245
       989               3368.8   -0.393226384459389
       990               3368.9   -0.394353189769695
       991                 3369   -0.395239676192767
       992               3369.1   -0.395889682219925
       993               3369.2   -0.396362996783966
       994               3369.3    -0.39669075889509
       995               3369.4   -0.396896025205506
       996               3369.5   -0.397055384509269
       997               3369.6   -0.397293854204729
       998               3369.7   -0.397699739556852
       999               3369.8    -0.39825123733726
      1000               3369.9   -0.398835683696923
      1001                 3370   -0.399339267574092
      1002               3370.1   -0.399719486255418
      1003               3370.2   -0.400007768989799
      1004               3370.3   -0.400263815310772
      1005               3370.4   -0.400538047955232
      1006               3370.5   -0.400878392475389
      1007               3370.6   -0.401362452131532
      1008               3370.7   -0.402091365730865
      1009               3370.8   -0.403113817235322
      1010               3370.9   -0.404348054886172
      1011                 3371   -0.405607379183643
      1012               3371.1   -0.406735376680757
      1013               3371.2   -0.407735303466246
      1014               3371.3   -0.408774969430816
      1015               3371.4   -0.410046514321947
      1016               3371.5   -0.411567427338894
      1017               3371.6   -0.413078109512616
      1018               3371.7   -0.414160507959858
      1019               3371.8   -0.414519548499878
      1020               3371.9   -0.414178942652458
      1021                 3372   -0.413407773047262
      1022               3372.1   -0.412491309676653
      1023               3372.2   -0.411614300423028
      1024               3372.3   -0.410929085611807
      1025               3372.4   -0.410624385877195
      1026               3372.5   -0.410854380261587
      1027               3372.6   -0.411626491469264
      1028               3372.7   -0.412807852392009
      1029               3372.8   -0.414234199596641
      1030               3372.9   -0.415779679595946
      1031                 3373    -0.41733468867102
      1032               3373.1   -0.418778433030378
      1033               3373.2   -0.420024860353618
      1034               3373.3   -0.421097775487827
      1035               3373.4   -0.422133184686752
      1036               3373.5   -0.423292787774546
      1037               3373.6   -0.424680539248508
      1038               3373.7   -0.426329869074026
      1039               3373.8    -0.42821385908605
      1040               3373.9   -0.430210322580321
      1041                 3374    -0.43206743253413
      1042               3374.1   -0.433480465457755
      1043               3374.2    -0.43428187328877
      1044               3374.3   -0.434591885849283
      1045               3374.4   -0.434772533079964
      1046               3374.5   -0.435191376925785
      1047               3374.6   -0.435976202109265
      1048               3374.7   -0.436967781143658
      1049               3374.8   -0.437913771807591
      1050               3374.9   -0.438721828518642
      1051                 3375   -0.439533683994107
      1052               3375.1   -0.440578377284609
      1053               3375.2   -0.441988806424677
      1054               3375.3   -0.443749588248155
      1055               3375.4   -0.445750938266958
      1056               3375.5   -0.447842254954736
      1057               3375.6   -0.449868486574628
      1058               3375.7   -0.451723251608435
      1059               3375.8   -0.453387370012161
      1060               3375.9   -0.454893832188335
      1061                 3376   -0.456242666436658
      1062               3376.1   -0.457356843492368
      1063               3376.2   -0.458127607658059
      1064               3376.3   -0.458502365518592
      1065               3376.4   -0.458524189683221
      1066               3376.5   -0.458283972095705
      1067               3376.6    -0.45784512349164
      1068               3376.7   -0.457226949013648
      1069               3376.8   -0.456442443739532
      1070               3376.9   -0.455510652016722
      1071                 3377    -0.45442698611145
      1072               3377.1   -0.453175033751378
      1073               3377.2   -0.451820065445285
      1074               3377.3   -0.450582297447634
      1075               3377.4   -0.449764915462496
      1076               3377.5   -0.449567510558296
      1077               3377.6   -0.449957252210441
      1078               3377.7    -0.45071673920574
      1079               3377.8   -0.451602224874939
      1080               3377.9   -0.452447907299194
      1081                 3378   -0.453145506331521
      1082               3378.1   -0.453583730532355
      1083               3378.2   -0.453655935067019
      1084               3378.3   -0.453325214624794
      1085               3378.4   -0.452650344720395
      1086               3378.5   -0.451739083423206
      1087               3378.6   -0.450703430369632
      1088               3378.7    -0.44967860691974
      1089               3378.8   -0.448853092446491
      1090               3378.9   -0.448416084825005
      1091                 3379   -0.448430437877882
      1092               3379.1   -0.448745954235844
      1093               3379.2   -0.449039084189964
      1094               3379.3   -0.448949635945133
      1095               3379.4    -0.44822827835054
      1096               3379.5   -0.446840276183808
      1097               3379.6    -0.44499735066126
      1098               3379.7   -0.443075280674418
      1099               3379.8   -0.441410279694292
      1100               3379.9   -0.440094330616124
      1101                 3380   -0.438958817006508
      1102               3380.1   -0.437786179348841
      1103               3380.2   -0.436540925830008
      1104               3380.3   -0.435375204731032
      1105               3380.4   -0.434416698016877
      1106               3380.5   -0.433590050720277
      1107               3380.6   -0.432667373911246
      1108               3380.7   -0.431474222516403
      1109               3380.8   -0.430022986702923
      1110               3380.9   -0.428460075013003
      1111                 3381   -0.426919675400506
      1112               3381.1   -0.425431992714351
      1113               3381.2   -0.423934487802229
      1114               3381.3   -0.422352005055438
      1115               3381.4   -0.420702608945624
      1116               3381.5   -0.419166175362814
      1117               3381.6   -0.418029613087785
      1118               3381.7   -0.417506936848518
      1119               3381.8   -0.417584044055566
      1120               3381.9   -0.418045598484151
      1121                 3382   -0.418646222480636
      1122               3382.1   -0.419225914363668
      1123               3382.2    -0.41966041856521
      1124               3382.3   -0.419765755923641
      1125               3382.4   -0.419335652835988
      1126               3382.5   -0.418303616691707
      1127               3382.6   -0.416845406032032
      1128               3382.7   -0.415301718669652
      1129               3382.8   -0.413999349727333
      1130               3382.9   -0.413125152899379
      1131                 3383   -0.412709733757959
      1132               3383.1    -0.41266865301724
      1133               3383.2   -0.412842790849424
      1134               3383.3   -0.413033681343592
      1135               3383.4   -0.413052695469982
      1136               3383.5   -0.412772209902872
      1137               3383.6   -0.412140350005694
      1138               3383.7   -0.411153612281662
      1139               3383.8   -0.409836888788234
      1140               3383.9   -0.408273528997484
      1141                 3384   -0.406658418426097
      1142               3384.1   -0.405299698706038
      1143               3384.2   -0.404517803916164
      1144               3384.3   -0.404464973117829
      1145               3384.4   -0.404978666985159
      1146               3384.5   -0.405616246866992
      1147               3384.6   -0.405906530874255
      1148               3384.7   -0.405646991221873
      1149               3384.8   -0.404991971041247
      1150               3384.9    -0.40424769752187
      1151                 3385   -0.403560870302349
      1152               3385.1   -0.402784650085879
      1153               3385.2   -0.401634613085096
      1154               3385.3   -0.399979767580127
      1155               3385.4   -0.398006155960275
      1156               3385.5   -0.396130849950063
      1157               3385.6   -0.394771532718553
      1158               3385.7   -0.394162533050687
      1159               3385.8   -0.394303939817472
      1160               3385.9    -0.39499465450797
      1161                 3386   -0.395884876326838
      1162               3386.1   -0.396560481180964
      1163               3386.2   -0.396698440288258
      1164               3386.3   -0.396248735848247
      1165               3386.4   -0.395507945234375
      1166               3386.5   -0.394989333273264
      1167               3386.6   -0.395150422927015
      1168               3386.7   -0.396151621272792
      1169               3386.8   -0.397779108670501
      1170               3386.9   -0.399541694909375
      1171                 3387   -0.400878270049291
      1172               3387.1   -0.401403916912518
      1173               3387.2   -0.401100489703846
      1174               3387.3   -0.400329701422707
      1175               3387.4   -0.399618502548787
      1176               3387.5   -0.399340147002673
      1177               3387.6   -0.399519619230584
      1178               3387.7   -0.399894302456209
      1179               3387.8   -0.400146630250689
      1180               3387.9   -0.400107210254638
      1181                 3388   -0.399802821004436
      1182               3388.1    -0.39938188880014
      1183               3388.2   -0.399015139563018
      1184               3388.3   -0.398817445551442
      1185               3388.4   -0.398795788828368
      1186               3388.5   -0.398853221987452
      1187               3388.6   -0.398870318484685
      1188               3388.7   -0.398798988624136
      1189               3388.8    -0.39866981837558
      1190               3388.9   -0.398520079877808
      1191                 3389   -0.398354672471178
      1192               3389.1   -0.398193952992758
      1193               3389.2   -0.398122075753626
      1194               3389.3   -0.398234591161863
      1195               3389.4   -0.398518720239695
      1196               3389.5    -0.39879999332399
      1197               3389.6   -0.398827648113767
      1198               3389.7   -0.398430958742965
      1199               3389.8   -0.397618568034905
      1200               3389.9   -0.396558188728732
      1201                 3390   -0.395480340545712
      1202               3390.1   -0.394596621946859
      1203               3390.2   -0.394080721268055
      1204               3390.3    -0.39407801725623
      1205               3390.4   -0.394671853444494
      1206               3390.5    -0.39579076352804
      1207               3390.6   -0.397142281818409
      1208               3390.7   -0.398282039063404
      1209               3390.8   -0.398814028693336
      1210               3390.9   -0.398583347678777
      1211                 3391   -0.397728431689989
      1212               3391.1   -0.396588695450757
      1213               3391.2   -0.395546275728582
      1214               3391.3   -0.394859728751274
      1215               3391.4   -0.394537330822706
      1216               3391.5    -0.39433897176138
      1217               3391.6    -0.39395927382467
      1218               3391.7   -0.393279254349859
      1219               3391.8   -0.392463744545521
      1220               3391.9   -0.391806237970653
      1221                 3392    -0.39147350862771
      1222               3392.1   -0.391394901670496
      1223               3392.2   -0.391374367186833
      1224               3392.3   -0.391278530213827
      1225               3392.4   -0.391114899445486
      1226               3392.5   -0.390964524780641
      1227               3392.6   -0.390877938284148
      1228               3392.7   -0.390841222554878
      1229               3392.8   -0.390812361065084
      1230               3392.9   -0.390750773909949
      1231                 3393    -0.39059455474553
      1232               3393.1   -0.390235707953922
      1233               3393.2   -0.389578162321435
      1234               3393.3   -0.388669008310118
      1235               3393.4   -0.387768442842426
      1236               3393.5   -0.387241999154344
      1237               3393.6   -0.387338531372386
      1238               3393.7   -0.388054587442951
      1239               3393.8   -0.389194969111151
      1240               3393.9    -0.39052043284113
      1241                 3394   -0.391809476581095
      1242               3394.1   -0.392832853110068
      1243               3394.2   -0.393392175283006
      1244               3394.3   -0.393469697613861
      1245               3394.4   -0.393313431662092
      1246               3394.5   -0.393280732549077
      1247               3394.6   -0.393536669521649
      1248               3394.7    -0.39391030296987
      1249               3394.8   -0.394069704567413
      1250               3394.9   -0.393842142436305
      1251                 3395   -0.393366439387496
      1252               3395.1   -0.392951535789742
      1253               3395.2     -0.3927945813872
      1254               3395.3   -0.392811094864329
      1255               3395.4   -0.392710119944505
      1256               3395.5   -0.392248691285744
      1257               3395.6   -0.391465385395998
      1258               3395.7   -0.390700824059171
      1259               3395.8   -0.390370498016874
      1260               3395.9   -0.390660893157189
      1261                 3396   -0.391394177095567
      1262               3396.1   -0.392164074226996
      1263               3396.2   -0.392617780354789
      1264               3396.3   -0.392660918632196
      1265               3396.4   -0.392457260716476
      1266               3396.5   -0.392264299589443
      1267               3396.6   -0.392250195197464
      1268               3396.7   -0.392419100944059
      1269               3396.8   -0.392660653614084
      1270               3396.9   -0.392841321858387
      1271                 3397   -0.392865125608576
      1272               3397.1   -0.392705253992192
      1273               3397.2   -0.392420212721639
      1274               3397.3   -0.392119263161203
      1275               3397.4   -0.391863269840733
      1276               3397.5   -0.391590745396574
      1277               3397.6   -0.391172936993114
      1278               3397.7   -0.390554435763867
      1279               3397.8   -0.389820600360165
      1280               3397.9   -0.389127819079096
      1281                 3398   -0.388603105574752
      1282               3398.1   -0.388318169612748
      1283               3398.2   -0.388300046062822
      1284               3398.3   -0.388502440054506
      1285               3398.4   -0.388780571408212
      1286               3398.5   -0.388963997064544
      1287               3398.6   -0.388986869577201
      1288               3398.7   -0.388912242856662
      1289               3398.8   -0.388794953035891
      1290               3398.9   -0.388548650997022
      1291                 3399   -0.388003265342537
      1292               3399.1   -0.387106667231639
      1293               3399.2   -0.386044236252054
      1294               3399.3    -0.38515357401755
      1295               3399.4   -0.384734604494008
      1296               3399.5   -0.384912948972742
      1297               3399.6   -0.385608057510083
      1298               3399.7   -0.386582431170694
      1299               3399.8   -0.387549606881913
      1300               3399.9   -0.388297280830588
      1301                 3400   -0.388743978680624
      1302               3400.1   -0.388893710695003
      1303               3400.2   -0.388759129816022
      1304               3400.3   -0.388347660609803
      1305               3400.4   -0.387711466296496
      1306               3400.5   -0.386975792881599
      1307               3400.6   -0.386284331819013
      1308               3400.7   -0.385700113797724
      1309               3400.8   -0.385166996963331
      1310               3400.9   -0.384590791323945
      1311                 3401   -0.383968856187478
      1312               3401.1   -0.383425965007232
      1313               3401.2    -0.38310710284375
      1314               3401.3   -0.383037971680553
      1315               3401.4    -0.38310026882705
      1316               3401.5   -0.383145864978458
      1317               3401.6   -0.383136544500037
      1318               3401.7   -0.383178528307452
      1319               3401.8   -0.383424518341801
      1320               3401.9    -0.38393362744532
      1321                 3402   -0.384601767804288
      1322               3402.1   -0.385201272103326
      1323               3402.2   -0.385495283760931
      1324               3402.3   -0.385370484262824
      1325               3402.4   -0.384922124241915
      1326               3402.5   -0.384423200639166
      1327               3402.6   -0.384172805086224
      1328               3402.7   -0.384324777985577
      1329               3402.8   -0.384822175339717
      1330               3402.9   -0.385464953718559
      1331                 3403   -0.386035859821214
      1332               3403.1   -0.386403948938084
      1333               3403.2   -0.386569873961614
      1334               3403.3   -0.386632844318063
      1335               3403.4   -0.386673439052332
      1336               3403.5   -0.386620403007395
      1337               3403.6   -0.386244896288291
      1338               3403.7   -0.385360282333763
      1339               3403.8    -0.38408892456977
      1340               3403.9   -0.382911372255169
      1341                 3404   -0.382367672450129
      1342               3404.1   -0.382638935405634
      1343               3404.2   -0.383406520683687
      1344               3404.3   -0.384137890601433
      1345               3404.4   -0.384531362321354
      1346               3404.5    -0.38470981561694
      1347               3404.6   -0.385013920324551
      1348               3404.7   -0.385620538836069
      1349               3404.8   -0.386341900381185
      1350               3404.9   -0.386761212371695
      1351                 3405   -0.386554789808404
      1352               3405.1   -0.385722132368548
      1353               3405.2   -0.384566993680927
      1354               3405.3   -0.383489893825923
      1355               3405.4   -0.382778813888974
      1356               3405.5   -0.382547362527722
      1357               3405.6    -0.38281691058372
      1358               3405.7   -0.383605290698584
      1359               3405.8   -0.384904890339071
      1360               3405.9   -0.386589802285572
      1361                 3406   -0.388393454196476
      1362               3406.1    -0.39001184982824
      1363               3406.2    -0.39123266116752
      1364               3406.3   -0.391977741995245
      1365               3406.4   -0.392273264395605
      1366               3406.5   -0.392225147128561
      1367               3406.6   -0.391996027698044
      1368               3406.7   -0.391718636462004
      1369               3406.8   -0.391375709185662
      1370               3406.9   -0.390793458449468
      1371                 3407   -0.389816560220415
      1372               3407.1   -0.388510830179608
      1373               3407.2   -0.387169999950753
      1374               3407.3   -0.386112373714683
      1375               3407.4    -0.38549204978073
      1376               3407.5   -0.385310411528877
      1377               3407.6   -0.385554406833869
      1378               3407.7   -0.386255884251387
      1379               3407.8   -0.387413021884788
      1380               3407.9   -0.388901040844178
      1381                 3408   -0.390474642145952
      1382               3408.1   -0.391827352275494
      1383               3408.2   -0.392651166142758
      1384               3408.3   -0.392710155315908
      1385               3408.4   -0.391934546752185
      1386               3408.5   -0.390470725414855
      1387               3408.6   -0.388631421359912
      1388               3408.7   -0.386781658870952
      1389               3408.8   -0.385242998607471
      1390               3408.9   -0.384253754042381
      1391                 3409    -0.38395800650498
      1392               3409.1   -0.384381218237662
      1393               3409.2   -0.385385862755739
      1394               3409.3   -0.386647306784668
      1395               3409.4   -0.387709168976305
      1396               3409.5   -0.388142958273909
      1397               3409.6   -0.387751564159201
      1398               3409.7    -0.38668249551165
      1399               3409.8   -0.385350153943232
      1400               3409.9   -0.384211778089852
      1401                 3410   -0.383557879094521
      1402               3410.1   -0.383437679417538
      1403               3410.2   -0.383705881627225
      1404               3410.3   -0.384112235510129
      1405               3410.4    -0.38439505522732
      1406               3410.5   -0.384373878248489
      1407               3410.6   -0.384007798376221
      1408               3410.7   -0.383375143140607
      1409               3410.8   -0.382597630308729
      1410               3410.9    -0.38179058463636
      1411                 3411   -0.381069164937598
      1412               3411.1   -0.380548426973193
      1413               3411.2   -0.380286675371426
      1414               3411.3   -0.380221169287241
      1415               3411.4    -0.38018244166109
      1416               3411.5   -0.379997155504644
      1417               3411.6   -0.379600396054386
      1418               3411.7   -0.379068531511812
      1419               3411.8   -0.378547854195016
      1420               3411.9   -0.378136281375187
      1421                 3412   -0.377815935071715
      1422               3412.1   -0.377495033663939
      1423               3412.2   -0.377117852766832
      1424               3412.3   -0.376727895463729
      1425               3412.4   -0.376409649487408
      1426               3412.5   -0.376168377696475
      1427               3412.6    -0.37588728411645
      1428               3412.7   -0.375417980016102
      1429               3412.8   -0.374708659259766
      1430               3412.9   -0.373840633630964
      1431                 3413   -0.372952136309846
      1432               3413.1    -0.37213514710207
      1433               3413.2   -0.371397359852325
      1434               3413.3   -0.370714883499091
      1435               3413.4   -0.370123611515522
      1436               3413.5   -0.369754830509121
      1437               3413.6   -0.369756539031908
      1438               3413.7   -0.370152713406769
      1439               3413.8   -0.370782034540089
      1440               3413.9   -0.371407045928811
      1441                 3414   -0.371907669139032
      1442               3414.1   -0.372361132294932
      1443               3414.2   -0.372928782547486
      1444               3414.3   -0.373697527625909
      1445               3414.4   -0.374661129162075
      1446               3414.5   -0.375821595015411
      1447               3414.6   -0.377235071342339
      1448               3414.7   -0.378929330874815
      1449               3414.8   -0.380810731628521
      1450               3414.9   -0.382684698555609
      1451                 3415   -0.384354384760133
      1452               3415.1   -0.385680331000954
      1453               3415.2   -0.386574136131757
      1454               3415.3     -0.3869946640698
      1455               3415.4   -0.386970072872221
      1456               3415.5    -0.38658258091902
      1457               3415.6   -0.385893184764386
      1458               3415.7   -0.384897529549992
      1459               3415.8   -0.383594052421948
      1460               3415.9     -0.3820978808887
      1461                 3416   -0.380660898477613
      1462               3416.1   -0.379569377700734
      1463               3416.2   -0.379023331186013
      1464               3416.3   -0.379080465628572
      1465               3416.4   -0.379644302283728
      1466               3416.5   -0.380469914493881
      1467               3416.6   -0.381240391042481
      1468               3416.7   -0.381748584787874
      1469               3416.8   -0.382060982663309
      1470               3416.9   -0.382467169829655
      1471                 3417    -0.38320292490042
      1472               3417.1   -0.384194518367348
      1473               3417.2   -0.385076832976769
      1474               3417.3   -0.385464922596971
      1475               3417.4   -0.385220061708008
      1476               3417.5   -0.384493898750751
      1477               3417.6   -0.383574663493223
      1478               3417.7   -0.382722559743687
      1479               3417.8   -0.382114877679638
      1480               3417.9   -0.381853355477531
      1481                 3418   -0.381949216773099
      1482               3418.1   -0.382310359774781
      1483               3418.2   -0.382802471809278
      1484               3418.3   -0.383350872378511
      1485               3418.4   -0.383963284240413
      1486               3418.5   -0.384636106240869
      1487               3418.6   -0.385253667357653
      1488               3418.7   -0.385607133893111
      1489               3418.8   -0.385532620606372
      1490               3418.9   -0.385048733578179
      1491                 3419   -0.384373643482512
      1492               3419.1   -0.383798892619348
      1493               3419.2   -0.383508957036924
      1494               3419.3   -0.383486942524394
      1495               3419.4   -0.383585543632007
      1496               3419.5   -0.383691991203561
      1497               3419.6   -0.383820064043635
      1498               3419.7   -0.384054269465532
      1499               3419.8   -0.384443728746215
      1500               3419.9   -0.384962899390429
