     index            Field [G]         Intensity []

         1                 3270   -0.381740651878855
         2               3270.1   -0.380714838323906
         3               3270.2    -0.37980308619032
         4               3270.3   -0.379233237901587
         5               3270.4   -0.379159468606099
         6               3270.5   -0.379544222481888
         7               3270.6   -0.380159845026843
         8               3270.7   -0.380729179983708
         9               3270.8   -0.381072076341854
        10               3270.9   -0.381156517448049
        11                 3271     -0.3810764144325
        12               3271.1   -0.380993367291363
        13               3271.2   -0.381045101009191
        14               3271.3   -0.381257706831759
        15               3271.4   -0.381543046896983
        16               3271.5   -0.381805521052553
        17               3271.6   -0.382061441488587
        18               3271.7    -0.38243685848439
        19               3271.8   -0.383019350137927
        20               3271.9   -0.383692044548509
        21                 3272   -0.384116715144328
        22               3272.1   -0.383915173532198
        23               3272.2   -0.382933318122893
        24               3272.3   -0.381396739471901
        25               3272.4   -0.379826341155447
        26               3272.5   -0.378739546956459
        27               3272.6   -0.378335328131942
        28               3272.7   -0.378411665064145
        29               3272.8   -0.378585933036937
        30               3272.9   -0.378607950587731
        31                 3273   -0.378482286320006
        32               3273.1   -0.378347491895469
        33               3273.2   -0.378301585010921
        34               3273.3   -0.378335371371259
        35               3273.4   -0.378358932937266
        36               3273.5   -0.378255665734022
        37               3273.6   -0.377959747939686
        38               3273.7   -0.377534697037463
        39               3273.8   -0.377158964319967
        40               3273.9   -0.376987074100212
        41                 3274   -0.377016938508778
        42               3274.1   -0.377113552438687
        43               3274.2   -0.377163962001241
        44               3274.3   -0.377195434204835
        45               3274.4   -0.377344036972321
        46               3274.5   -0.377716508880017
        47               3274.6   -0.378269329419648
        48               3274.7    -0.37879920635349
        49               3274.8   -0.379062796683616
        50               3274.9   -0.378958222118305
        51                 3275    -0.37863419423778
        52               3275.1   -0.378416737408092
        53               3275.2   -0.378584329887795
        54               3275.3   -0.379160709883951
        55               3275.4    -0.37988683834881
        56               3275.5    -0.38039038327326
        57               3275.6   -0.380424208813569
        58               3275.7   -0.380000325751696
        59               3275.8   -0.379331557637977
        60               3275.9     -0.3786539482885
        61                 3276   -0.378094821591067
        62               3276.1   -0.377671630494698
        63               3276.2   -0.377353330945212
        64               3276.3    -0.37708556313312
        65               3276.4   -0.376791999194327
        66               3276.5   -0.376427863318956
        67               3276.6     -0.3760672290145
        68               3276.7   -0.375897494169144
        69               3276.8   -0.376062746184551
        70               3276.9   -0.376485354929296
        71                 3277   -0.376860331559146
        72               3277.1   -0.376863350441686
        73               3277.2   -0.376407307856298
        74               3277.3    -0.37573280383598
        75               3277.4   -0.375259246525806
        76               3277.5   -0.375319985004873
        77               3277.6   -0.375984340001884
        78               3277.7    -0.37706928810933
        79               3277.8   -0.378279099092628
        80               3277.9   -0.379347360809966
        81                 3278   -0.380109293674979
        82               3278.1   -0.380496197643847
        83               3278.2   -0.380477479331524
        84               3278.3   -0.380015144122358
        85               3278.4   -0.379104968639684
        86               3278.5   -0.377885991033696
        87               3278.6   -0.376684455775293
        88               3278.7   -0.375893004509015
        89               3278.8   -0.375761698632657
        90               3278.9   -0.376279272347673
        91                 3279   -0.377230269019418
        92               3279.1    -0.37835092213444
        93               3279.2   -0.379447194904978
        94               3279.3   -0.380407773515706
        95               3279.4   -0.381154105485224
        96               3279.5   -0.381622922872671
        97               3279.6   -0.381825346469125
        98               3279.7   -0.381911733256631
        99               3279.8    -0.38212198897715
       100               3279.9   -0.382607267871808
       101                 3280   -0.383278444585241
       102               3280.1   -0.383858163406854
       103               3280.2   -0.384118318503454
       104               3280.3    -0.38407685595439
       105               3280.4    -0.38395439242317
       106               3280.5   -0.383932973795115
       107               3280.6   -0.383954040208095
       108               3280.7   -0.383745861345543
       109               3280.8   -0.383049088745427
       110               3280.9   -0.381837925650429
       111                 3281   -0.380364742157766
       112               3281.1   -0.379027551941477
       113               3281.2   -0.378184076157367
       114               3281.3   -0.378018887946233
       115               3281.4   -0.378494430606716
       116               3281.5   -0.379380945465572
       117               3281.6   -0.380348426933311
       118               3281.7   -0.381078741429317
       119               3281.8   -0.381352037225057
       120               3281.9    -0.38109626259372
       121                 3282    -0.38040508481355
       122               3282.1   -0.379505127103141
       123               3282.2   -0.378655327539627
       124               3282.3   -0.378023276640943
       125               3282.4   -0.377628766050944
       126               3282.5    -0.37739620149393
       127               3282.6   -0.377254620121799
       128               3282.7   -0.377179371143907
       129               3282.8   -0.377137415873693
       130               3282.9   -0.377010878369473
       131                 3283   -0.376608321825221
       132               3283.1   -0.375787849757422
       133               3283.2   -0.374599488950224
       134               3283.3    -0.37332362210271
       135               3283.4   -0.372358181866253
       136               3283.5   -0.372018257411071
       137               3283.6   -0.372376513896967
       138               3283.7   -0.373246246911458
       139               3283.8   -0.374305553825938
       140               3283.9   -0.375267793924028
       141                 3284   -0.376000531601758
       142               3284.1   -0.376554085169227
       143               3284.2   -0.377103887380878
       144               3284.3   -0.377837630880857
       145               3284.4   -0.378852846494881
       146               3284.5   -0.380120181382126
       147               3284.6   -0.381491826509047
       148               3284.7   -0.382707953285485
       149               3284.8   -0.383433986783114
       150               3284.9   -0.383394308420083
       151                 3285   -0.382540609920841
       152               3285.1   -0.381081410055436
       153               3285.2   -0.379314803892948
       154               3285.3   -0.377430304604164
       155               3285.4   -0.375478664667528
       156               3285.5   -0.373507549548818
       157               3285.6   -0.371683211537569
       158               3285.7     -0.3702605688656
       159               3285.8   -0.369443071861281
       160               3285.9   -0.369276468337709
       161                 3286   -0.369656376765955
       162               3286.1   -0.370400748325208
       163               3286.2   -0.371297900523563
       164               3286.3   -0.372111957965399
       165               3286.4   -0.372598322790772
       166               3286.5   -0.372568404546508
       167               3286.6   -0.371980022179828
       168               3286.7   -0.370988116786752
       169               3286.8   -0.369895721826338
       170               3286.9   -0.369001629488507
       171                 3287   -0.368433593375318
       172               3287.1   -0.368102523666866
       173               3287.2   -0.367824245841073
       174               3287.3   -0.367489177746028
       175               3287.4   -0.367113739526458
       176               3287.5    -0.36676116105444
       177               3287.6   -0.366480543177844
       178               3287.7   -0.366353285732489
       179               3287.8   -0.366537741566946
       180               3287.9   -0.367170092347232
       181                 3288   -0.368183896358515
       182               3288.1   -0.369262291025741
       183               3288.2   -0.370011791346395
       184               3288.3    -0.37021463766595
       185               3288.4   -0.369962849457406
       186               3288.5   -0.369604637909255
       187               3288.6   -0.369556827702002
       188               3288.7   -0.370088032197937
       189               3288.8    -0.37119195849625
       190               3288.9   -0.372623727008883
       191                 3289   -0.374056304190366
       192               3289.1   -0.375239742342996
       193               3289.2   -0.376084073875572
       194               3289.3   -0.376651815613993
       195               3289.4   -0.377069969640144
       196               3289.5   -0.377408473300659
       197               3289.6   -0.377622166524499
       198               3289.7   -0.377611259143058
       199               3289.8   -0.377335927880643
       200               3289.9     -0.3768825116285
       201                 3290   -0.376447726447826
       202               3290.1   -0.376249903600923
       203               3290.2   -0.376380978879342
       204               3290.3   -0.376685320525805
       205               3290.4   -0.376817027428634
       206               3290.5   -0.376496848087845
       207               3290.6   -0.375751282456637
       208               3290.7   -0.374896394690267
       209               3290.8    -0.37429301494114
       210               3290.9   -0.374119299221062
       211                 3291   -0.374327434147944
       212               3291.1   -0.374730861088654
       213               3291.2   -0.375099822074736
       214               3291.3   -0.375241194157679
       215               3291.4   -0.375089772811255
       216               3291.5   -0.374764619402463
       217               3291.6   -0.374501399868857
       218               3291.7   -0.374472685372444
       219               3291.8   -0.374639995390093
       220               3291.9   -0.374773960954626
       221                 3292   -0.374633250623003
       222               3292.1   -0.374160023974112
       223               3292.2   -0.373546626219802
       224               3292.3   -0.373130768836875
       225               3292.4   -0.373182732819105
       226               3292.5   -0.373707151669096
       227               3292.6   -0.374400317217683
       228               3292.7   -0.374843113098692
       229               3292.8   -0.374827018416311
       230               3292.9   -0.374541667517091
       231                 3293   -0.374432585408318
       232               3293.1   -0.374841545741352
       233               3293.2   -0.375737732690724
       234               3293.3   -0.376733486069924
       235               3293.4   -0.377329808075666
       236               3293.5   -0.377209771531999
       237               3293.6   -0.376417266616856
       238               3293.7    -0.37532690897546
       239               3293.8   -0.374414381639685
       240               3293.9    -0.37397581481629
       241                 3294   -0.374003255104872
       242               3294.1   -0.374292526904525
       243               3294.2   -0.374648273929036
       244               3294.3   -0.374991888074938
       245               3294.4   -0.375323067262648
       246               3294.5   -0.375639888662485
       247               3294.6   -0.375916369903387
       248               3294.7   -0.376129444276329
       249               3294.8   -0.376276248931061
       250               3294.9   -0.376362981820952
       251                 3295   -0.376392191943491
       252               3295.1   -0.376371102029534
       253               3295.2   -0.376335591735525
       254               3295.3   -0.376364482714228
       255               3295.4   -0.376553663013769
       256               3295.5   -0.376946225392547
       257               3295.6   -0.377471971951097
       258               3295.7   -0.377969612549885
       259               3295.8   -0.378293174054552
       260               3295.9   -0.378409128406058
       261                 3296   -0.378392991757923
       262               3296.1   -0.378338998815822
       263               3296.2   -0.378282741815247
       264               3296.3   -0.378208788435514
       265               3296.4   -0.378114959695948
       266               3296.5   -0.378053046955548
       267               3296.6   -0.378107792218762
       268               3296.7   -0.378337791844661
       269               3296.8   -0.378718706083251
       270               3296.9   -0.379124989406225
       271                 3297   -0.379379016166916
       272               3297.1   -0.379349820910565
       273               3297.2    -0.37902115175101
       274               3297.3   -0.378465941779853
       275               3297.4   -0.377759364529449
       276               3297.5    -0.37691066894211
       277               3297.6   -0.375853328473779
       278               3297.7   -0.374496718105335
       279               3297.8    -0.37283753697703
       280               3297.9   -0.371076645009222
       281                 3298   -0.369614759060882
       282               3298.1   -0.368856878596213
       283               3298.2   -0.368939714535072
       284               3298.3   -0.369602551971485
       285               3298.4    -0.37032159932844
       286               3298.5   -0.370625399671481
       287               3298.6   -0.370377837401715
       288               3298.7   -0.369836669532866
       289               3298.8   -0.369455274700519
       290               3298.9   -0.369589615376999
       291                 3299   -0.370330293306535
       292               3299.1   -0.371532894841546
       293               3299.2   -0.372936438417088
       294               3299.3   -0.374251110513171
       295               3299.4   -0.375218397015792
       296               3299.5   -0.375683725805553
       297               3299.6   -0.375641738321912
       298               3299.7   -0.375193378221688
       299               3299.8   -0.374447566153249
       300               3299.9   -0.373458589450912
       301                 3300   -0.372235496684272
       302               3300.1    -0.37079569862964
       303               3300.2    -0.36923381234592
       304               3300.3   -0.367776170995266
       305               3300.4   -0.366761806740563
       306               3300.5   -0.366514260595451
       307               3300.6   -0.367172511880104
       308               3300.7   -0.368612155555696
       309               3300.8   -0.370512336361072
       310               3300.9   -0.372496639162045
       311                 3301   -0.374246024803775
       312               3301.1   -0.375550774482249
       313               3301.2   -0.376319336554497
       314               3301.3   -0.376550997191835
       315               3301.4   -0.376276042981054
       316               3301.5   -0.375512024283328
       317               3301.6   -0.374308220731477
       318               3301.7   -0.372868489185994
       319               3301.8   -0.371605226954166
       320               3301.9   -0.370971135912617
       321                 3302   -0.371135992294978
       322               3302.1   -0.371809531947885
       323               3302.2   -0.372433175711904
       324               3302.3   -0.372598009820537
       325               3302.4   -0.372310308579033
       326               3302.5   -0.371893563878059
       327               3302.6   -0.371670437868792
       328               3302.7   -0.371719870982655
       329               3302.8   -0.371866866309213
       330               3302.9    -0.37185010207316
       331                 3303   -0.371514552804502
       332               3303.1   -0.370902681550099
       333               3303.2   -0.370204071367703
       334               3303.3   -0.369624356424618
       335               3303.4   -0.369293231799539
       336               3303.5   -0.369279405377247
       337               3303.6   -0.369648744244508
       338               3303.7   -0.370447683979816
       339               3303.8   -0.371601065219745
       340               3303.9   -0.372844206317231
       341                 3304   -0.373789828950867
       342               3304.1   -0.374100455099612
       343               3304.2   -0.373657204141583
       344               3304.3   -0.372630226764222
       345               3304.4    -0.37140517840959
       346               3304.5   -0.370390449753023
       347               3304.6   -0.369818285089171
       348               3304.7   -0.369677580292859
       349               3304.8   -0.369814728512819
       350               3304.9   -0.370093997528761
       351                 3305   -0.370469463191462
       352               3305.1   -0.370928429767357
       353               3305.2   -0.371405594984184
       354               3305.3   -0.371783090550175
       355               3305.4   -0.371971283699762
       356               3305.5   -0.371967183153938
       357               3305.6   -0.371830528252962
       358               3305.7   -0.371620234167694
       359               3305.8   -0.371359965777004
       360               3305.9   -0.371056614709839
       361                 3306   -0.370750693867903
       362               3306.1   -0.370540929715308
       363               3306.2    -0.37051684435683
       364               3306.3   -0.370622861275052
       365               3306.4   -0.370609378804111
       366               3306.5   -0.370195246699437
       367               3306.6   -0.369333291126384
       368               3306.7   -0.368313560229394
       369               3306.8   -0.367588810596796
       370               3306.9   -0.367491566814484
       371                 3307   -0.368087439231657
       372               3307.1   -0.369228191457513
       373               3307.2   -0.370685620085015
       374               3307.3   -0.372237873571724
       375               3307.4   -0.373680402731047
       376               3307.5   -0.374818719828127
       377               3307.6   -0.375507024068992
       378               3307.7   -0.375721899042085
       379               3307.8   -0.375582492140656
       380               3307.9   -0.375263973923024
       381                 3308   -0.374877878143031
       382               3308.1   -0.374438592258459
       383               3308.2    -0.37392687455131
       384               3308.3     -0.3733484090683
       385               3308.4   -0.372719478291454
       386               3308.5   -0.372027775385229
       387               3308.6   -0.371244391032879
       388               3308.7   -0.370378886650473
       389               3308.8    -0.36950828081047
       390               3308.9     -0.3687526178799
       391                 3309   -0.368236666982534
       392               3309.1   -0.368071708799406
       393               3309.2    -0.36833576952913
       394               3309.3   -0.369021589927593
       395               3309.4   -0.369989607665028
       396               3309.5   -0.371011715467374
       397               3309.6   -0.371909066463242
       398               3309.7   -0.372640895520096
       399               3309.8   -0.373211274660083
       400               3309.9   -0.373480668864586
       401                 3310   -0.373133667146522
       402               3310.1   -0.371915146016588
       403               3310.2   -0.369940353442525
       404               3310.3   -0.367766953974213
       405               3310.4   -0.366116559273273
       406               3310.5    -0.36543346434063
       407               3310.6   -0.365598691498831
       408               3310.7   -0.366005340117579
       409               3310.8   -0.365950091535403
       410               3310.9   -0.365067809669632
       411                 3311   -0.363496835255052
       412               3311.1   -0.361683063104118
       413               3311.2   -0.360043256278524
       414               3311.3   -0.358793311930759
       415               3311.4   -0.358009269203754
       416               3311.5    -0.35772467401177
       417               3311.6   -0.357898952814409
       418               3311.7   -0.358330490919467
       419               3311.8   -0.358684808859059
       420               3311.9   -0.358655673340233
       421                 3312   -0.358116325800648
       422               3312.1   -0.357146040784108
       423               3312.2   -0.355948864900441
       424               3312.3   -0.354747866015872
       425               3312.4   -0.353709592266291
       426               3312.5   -0.352905056364196
       427               3312.6   -0.352303525514298
       428               3312.7   -0.351810258180746
       429               3312.8   -0.351342540173267
       430               3312.9   -0.350887288892552
       431                 3313   -0.350479013302862
       432               3313.1   -0.350114501432846
       433               3313.2   -0.349691706395589
       434               3313.3   -0.349038652031529
       435               3313.4    -0.34801539102102
       436               3313.5   -0.346612968515212
       437               3313.6   -0.344979052794105
       438               3313.7   -0.343356255376534
       439               3313.8   -0.341977524160556
       440               3313.9   -0.340976556879416
       441                 3314   -0.340343680476743
       442               3314.1   -0.339931294580666
       443               3314.2   -0.339504305274389
       444               3314.3   -0.338820122575899
       445               3314.4   -0.337704154853523
       446               3314.5    -0.33608697311291
       447               3314.6   -0.334003004687431
       448               3314.7   -0.331582742228227
       449               3314.8    -0.32905328040025
       450               3314.9   -0.326711598067235
       451                 3315   -0.324829120427472
       452               3315.1   -0.323516987635891
       453               3315.2   -0.322653921766199
       454               3315.3   -0.321959372359736
       455               3315.4   -0.321186947660913
       456               3315.5   -0.320303736726867
       457               3315.6   -0.319500071685803
       458               3315.7   -0.318987514992978
       459               3315.8   -0.318736233118175
       460               3315.9   -0.318396434959281
       461                 3316   -0.317502336561672
       462               3316.1   -0.315792540329499
       463               3316.2   -0.313377241689591
       464               3316.3    -0.31063111358527
       465               3316.4   -0.307916019536955
       466               3316.5   -0.305352334163193
       467               3316.6   -0.302807222629463
       468               3316.7   -0.300083768953231
       469               3316.8   -0.297107557175916
       470               3316.9   -0.293921874427534
       471                 3317   -0.290539949358436
       472               3317.1   -0.286878149165656
       473               3317.2   -0.282869405432348
       474               3317.3   -0.278597774623577
       475               3317.4    -0.27425806515153
       476               3317.5   -0.269975233669776
       477               3317.6   -0.265701638892204
       478               3317.7   -0.261312073544265
       479               3317.8   -0.256778526124711
       480               3317.9   -0.252227774497618
       481                 3318   -0.247839955311536
       482               3318.1   -0.243724732464067
       483               3318.2   -0.239898861846377
       484               3318.3   -0.236331589740579
       485               3318.4   -0.232955362022791
       486               3318.5   -0.229641063635057
       487               3318.6   -0.226222368262134
       488               3318.7   -0.222577073374228
       489               3318.8   -0.218674416696336
       490               3318.9   -0.214550624188612
       491                 3319   -0.210281036801836
       492               3319.1    -0.20599354003184
       493               3319.2   -0.201876292336698
       494               3319.3   -0.198139627130376
       495               3319.4   -0.194959918776911
       496               3319.5   -0.192428409988444
       497               3319.6     -0.1904891994116
       498               3319.7   -0.188889140994505
       499               3319.8   -0.187225697347817
       500               3319.9   -0.185133833175914
       501                 3320   -0.182512764922125
       502               3320.1   -0.179610684766461
       503               3320.2   -0.176872067202211
       504               3320.3   -0.174654390571912
       505               3320.4   -0.173046197418683
       506               3320.5    -0.17192007791768
       507               3320.6   -0.171127342265647
       508               3320.7   -0.170637552310121
       509               3320.8   -0.170536453581126
       510               3320.9   -0.170947148975061
       511                 3321   -0.171960957648563
       512               3321.1    -0.17360385024831
       513               3321.2   -0.175843637208833
       514               3321.3   -0.178642901061465
       515               3321.4   -0.182007739492789
       516               3321.5   -0.185945742509958
       517               3321.6   -0.190349726030476
       518               3321.7   -0.194964330067555
       519               3321.8   -0.199534711663517
       520               3321.9   -0.204006817249557
       521                 3322   -0.208561520741328
       522               3322.1   -0.213455591474712
       523               3322.2   -0.218846550980016
       524               3322.3   -0.224732809986706
       525               3322.4   -0.230967220807465
       526               3322.5   -0.237275186669161
       527               3322.6   -0.243314379119156
       528               3322.7   -0.248819824713983
       529               3322.8   -0.253749054677068
       530               3322.9    -0.25828835029527
       531                 3323   -0.262704573864234
       532               3323.1   -0.267169093799741
       533               3323.2   -0.271677627560947
       534               3323.3   -0.276084954301817
       535               3323.4   -0.280201653573262
       536               3323.5   -0.283900335885305
       537               3323.6   -0.287194786859264
       538               3323.7   -0.290253092185988
       539               3323.8   -0.293317733852673
       540               3323.9   -0.296564918462005
       541                 3324    -0.30000390183748
       542               3324.1   -0.303508932136836
       543               3324.2   -0.306966524666942
       544               3324.3   -0.310405252249582
       545               3324.4   -0.313979527431689
       546               3324.5   -0.317810793091529
       547               3324.6   -0.321825522845837
       548               3324.7   -0.325742201915213
       549               3324.8   -0.329232011821147
       550               3324.9   -0.332116765232022
       551                 3325   -0.334426757303149
       552               3325.1   -0.336278512586929
       553               3325.2   -0.337711976658254
       554               3325.3   -0.338647131314645
       555               3325.4   -0.338973742034836
       556               3325.5   -0.338670404341301
       557               3325.6   -0.337869471198937
       558               3325.7   -0.336843273814093
       559               3325.8   -0.335903844656116
       560               3325.9   -0.335248490498171
       561                 3326   -0.334859494992966
       562               3326.1   -0.334551516568342
       563               3326.2   -0.334125080532441
       564               3326.3    -0.33349375456092
       565               3326.4   -0.332709801065878
       566               3326.5   -0.331908978986179
       567               3326.6   -0.331214845947126
       568               3326.7   -0.330637613176232
       569               3326.8   -0.330038448598665
       570               3326.9   -0.329226108398558
       571                 3327   -0.328128933852683
       572               3327.1   -0.326869267042078
       573               3327.2   -0.325649471375533
       574               3327.3   -0.324572164322145
       575               3327.4   -0.323587098704225
       576               3327.5   -0.322593334498974
       577               3327.6   -0.321549810151347
       578               3327.7   -0.320471281423538
       579               3327.8   -0.319345354809582
       580               3327.9   -0.318090783459466
       581                 3328   -0.316605822298747
       582               3328.1   -0.314842077656523
       583               3328.2   -0.312826584807273
       584               3328.3   -0.310635729961492
       585               3328.4   -0.308375526815045
       586               3328.5   -0.306190048170806
       587               3328.6   -0.304271045903727
       588               3328.7   -0.302833076673165
       589               3328.8   -0.302036370530904
       590               3328.9   -0.301875788214782
       591                 3329   -0.302108793234724
       592               3329.1   -0.302313054469099
       593               3329.2   -0.302085149428584
       594               3329.3   -0.301264699534393
       595               3329.4   -0.300022809691764
       596               3329.5   -0.298749426482943
       597               3329.6   -0.297827182170702
       598               3329.7   -0.297453101672491
       599               3329.8   -0.297612789608848
       600               3329.9   -0.298188491460014
       601                 3330   -0.299095974019433
       602               3330.1   -0.300354026195467
       603               3330.2    -0.30206701476347
       604               3330.3   -0.304359549724847
       605               3330.4   -0.307299518579368
       606               3330.5   -0.310829879438892
       607               3330.6    -0.31474658073858
       608               3330.7   -0.318768366392075
       609               3330.8   -0.322688537312085
       610               3330.9   -0.326513587233579
       611                 3331   -0.330473079348757
       612               3331.1   -0.334871838150479
       613               3331.2   -0.339886340755026
       614               3331.3   -0.345462194441541
       615               3331.4   -0.351386358115813
       616               3331.5   -0.357457437507679
       617               3331.6   -0.363603736379793
       618               3331.7   -0.369868875703497
       619               3331.8   -0.376320584481926
       620               3331.9   -0.383000837054507
       621                 3332   -0.389963284055999
       622               3332.1   -0.397316955818067
       623               3332.2   -0.405167467016098
       624               3332.3   -0.413476549181117
       625               3332.4   -0.422004228452302
       626               3332.5   -0.430452280165709
       627               3332.6    -0.43870642765185
       628               3332.7   -0.446935743105395
       629               3332.8   -0.455431658815594
       630               3332.9   -0.464321388373383
       631                 3333   -0.473403276776389
       632               3333.1   -0.482240002390117
       633               3333.2   -0.490439354954664
       634               3333.3   -0.497914114976161
       635               3333.4    -0.50493022251843
       636               3333.5   -0.511915388903665
       637               3333.6   -0.519183732290024
       638               3333.7   -0.526774521437497
       639               3333.8   -0.534474595296771
       640               3333.9     -0.5419402524337
       641                 3334   -0.548808861974527
       642               3334.1   -0.554778476388067
       643               3334.2   -0.559690768197507
       644               3334.3   -0.563605871124116
       645               3334.4   -0.566800868475961
       646               3334.5   -0.569662646636849
       647               3334.6   -0.572528302231867
       648               3334.7   -0.575542067933131
       649               3334.8    -0.57857245227425
       650               3334.9   -0.581245914487461
       651                 3335   -0.583139774363875
       652               3335.1    -0.58404747526637
       653               3335.2   -0.584110814859195
       654               3335.3   -0.583705719799671
       655               3335.4   -0.583196213234581
       656               3335.5    -0.58275542618296
       657               3335.6   -0.582319097354979
       658               3335.7   -0.581610425808857
       659               3335.8   -0.580211479335999
       660               3335.9   -0.577719827775218
       661                 3336   -0.573956234254842
       662               3336.1   -0.569076813675969
       663               3336.2   -0.563481982593423
       664               3336.3   -0.557579513824675
       665               3336.4   -0.551565171795964
       666               3336.5   -0.545350430249024
       667               3336.6   -0.538657540222414
       668               3336.7   -0.531202584481508
       669               3336.8   -0.522850448562391
       670               3336.9    -0.51366539987148
       671                 3337   -0.503851811736261
       672               3337.1   -0.493628224491806
       673               3337.2   -0.483105561306073
       674               3337.3    -0.47225135929469
       675               3337.4   -0.460974217920552
       676               3337.5   -0.449257085954101
       677               3337.6   -0.437211423964999
       678               3337.7   -0.424999493138612
       679               3337.8   -0.412705230386048
       680               3337.9     -0.4002826256142
       681                 3338   -0.387632595787084
       682               3338.1   -0.374737744323631
       683               3338.2   -0.361729800348554
       684               3338.3   -0.348826463483924
       685               3338.4   -0.336197167932153
       686               3338.5   -0.323877684237372
       687               3338.6   -0.311788328403596
       688               3338.7   -0.299797408376335
       689               3338.8   -0.287741827825486
       690               3338.9   -0.275400987031372
       691                 3339   -0.262510318635603
       692               3339.1   -0.248872315108399
       693               3339.2   -0.234491818625995
       694               3339.3   -0.219592335878689
       695               3339.4   -0.204473100364541
       696               3339.5   -0.189333474698572
       697               3339.6   -0.174218839201278
       698               3339.7   -0.159101330919561
       699               3339.8   -0.143972374773972
       700               3339.9   -0.128840203198959
       701                 3340   -0.113658663172969
       702               3340.1  -0.0983028680738226
       703               3340.2  -0.0826461352635139
       704               3340.3  -0.0666576962630089
       705               3340.4  -0.0504097805703686
       706               3340.5   -0.033996663685246
       707               3340.6  -0.0174659326832974
       708               3340.7 -0.000816203365210259
       709               3340.8   0.0159836928823098
       710               3340.9   0.0329995867565828
       711                 3341   0.0503337916154145
       712               3341.1   0.0680895958056389
       713               3341.2     0.08632995420235
       714               3341.3    0.105074371999784
       715               3341.4    0.124312028478331
       716               3341.5    0.143984102755457
       717               3341.6    0.163944911805193
       718               3341.7    0.183944265614454
       719               3341.8    0.203634419724416
       720               3341.9    0.222582545505804
       721                 3342    0.240306804105393
       722               3342.1    0.256366539684404
       723               3342.2    0.270474873695116
       724               3342.3    0.282547562421881
       725               3342.4    0.292638581480354
       726               3342.5    0.300798461645649
       727               3342.6    0.306935223955367
       728               3342.7    0.310748545721168
       729               3342.8    0.311780496791522
       730               3342.9    0.309568539696443
       731                 3343    0.303798234121728
       732               3343.1    0.294334174606261
       733               3343.2    0.281127810060056
       734               3343.3    0.264132529100173
       735               3343.4    0.243319199782674
       736               3343.5    0.218726166382776
       737               3343.6    0.190426248912341
       738               3343.7    0.158429146570558
       739               3343.8    0.122665616083853
       740               3343.9   0.0831254080339043
       741                 3344   0.0400336236563958
       742               3344.1   -0.006097671432259
       743               3344.2  -0.0545584709472472
       744               3344.3   -0.104556976270389
       745               3344.4   -0.155293405186624
       746               3344.5   -0.206020106584987
       747               3344.6   -0.256102821636535
       748               3344.7   -0.305035730102811
       749               3344.8   -0.352399512200442
       750               3344.9   -0.397833818677862
       751                 3345   -0.441068341907136
       752               3345.1   -0.481951734748759
       753               3345.2   -0.520404736203721
       754               3345.3   -0.556327404927469
       755               3345.4   -0.589558299444653
       756               3345.5   -0.619925555232538
       757               3345.6   -0.647334157671113
       758               3345.7   -0.671819613880643
       759               3345.8   -0.693551406575456
       760               3345.9    -0.71279367743516
       761                 3346   -0.729816895323011
       762               3346.1   -0.744786703712862
       763               3346.2   -0.757731446249076
       764               3346.3   -0.768669387813458
       765               3346.4   -0.777805883368174
       766               3346.5   -0.785576112447909
       767               3346.6    -0.79242441659918
       768               3346.7   -0.798491929301998
       769               3346.8   -0.803507954400799
       770               3346.9   -0.806997728797574
       771                 3347   -0.808636681090888
       772               3347.1   -0.808483160300962
       773               3347.2   -0.806953182239462
       774               3347.3   -0.804597177002093
       775               3347.4   -0.801844601903406
       776               3347.5   -0.798862769034546
       777               3347.6   -0.795578733954385
       778               3347.7   -0.791803088298613
       779               3347.8   -0.787339372193473
       780               3347.9    -0.78201353705836
       781                 3348    -0.77567423278308
       782               3348.1   -0.768254571858569
       783               3348.2   -0.759877473324707
       784               3348.3    -0.75086921273602
       785               3348.4   -0.741603710363943
       786               3348.5   -0.732286103093794
       787               3348.6   -0.722864270658275
       788               3348.7   -0.713130132308118
       789               3348.8   -0.702896661722374
       790               3348.9   -0.692102253908793
       791                 3349     -0.6807979001902
       792               3349.1    -0.66907748108946
       793               3349.2   -0.657032245747492
       794               3349.3   -0.644760367658825
       795               3349.4   -0.632391439885475
       796               3349.5   -0.620056344327578
       797               3349.6   -0.607792923868317
       798               3349.7   -0.595481305219262
       799               3349.8   -0.582918693043684
       800               3349.9   -0.570018604437016
       801                 3350   -0.556975394114668
       802               3350.1   -0.544232956643378
       803               3350.2   -0.532250933203266
       804               3350.3   -0.521238148542657
       805               3350.4   -0.511071005641586
       806               3350.5    -0.50147339920063
       807               3350.6   -0.492293109554026
       808               3350.7    -0.48359429467438
       809               3350.8   -0.475464864008493
       810               3350.9   -0.467765588880681
       811                 3351   -0.460145338780206
       812               3351.1   -0.452356736776259
       813               3351.2   -0.444548717626391
       814               3351.3   -0.437217522935929
       815               3351.4   -0.430861985627937
       816               3351.5     -0.4256836210523
       817               3351.6   -0.421582074684354
       818               3351.7   -0.418372028764974
       819               3351.8   -0.415965273329309
       820               3351.9   -0.414370679672706
       821                 3352   -0.413578285147339
       822               3352.1   -0.413474732032632
       823               3352.2   -0.413863502241512
       824               3352.3    -0.41456478485181
       825               3352.4   -0.415519902896589
       826               3352.5    -0.41681631658579
       827               3352.6   -0.418596548387544
       828               3352.7   -0.420918480302587
       829               3352.8   -0.423688349101984
       830               3352.9   -0.426701956562721
       831                 3353   -0.429712772597098
       832               3353.1   -0.432469016607208
       833               3353.2   -0.434773838318046
       834               3353.3   -0.436612835906343
       835               3353.4   -0.438244371631591
       836               3353.5   -0.440098205047479
       837               3353.6    -0.44250842669984
       838               3353.7   -0.445513157058349
       839               3353.8     -0.4489073117108
       840               3353.9    -0.45246783622994
       841                 3354   -0.456100192843109
       842               3354.1   -0.459778697030229
       843               3354.2   -0.463399882530258
       844               3354.3   -0.466732942155698
       845               3354.4   -0.469499253786704
       846               3354.5    -0.47148154068132
       847               3354.6   -0.472591979150199
       848               3354.7   -0.472901432163085
       849               3354.8   -0.472629748811076
       850               3354.9   -0.472079224156456
       851                 3355   -0.471533216634351
       852               3355.1   -0.471180894917489
       853               3355.2   -0.471102404859152
       854               3355.3   -0.471298257153005
       855               3355.4   -0.471727146705481
       856               3355.5   -0.472321760981863
       857               3355.6   -0.472975980444559
       858               3355.7   -0.473539618614922
       859               3355.8   -0.473865789371828
       860               3355.9   -0.473889530477666
       861                 3356   -0.473654655558974
       862               3356.1   -0.473254479999847
       863               3356.2   -0.472755048650115
       864               3356.3   -0.472176721611659
       865               3356.4    -0.47151889383773
       866               3356.5   -0.470770214695755
       867               3356.6   -0.469903473754246
       868               3356.7    -0.46889546086956
       869               3356.8   -0.467766796619479
       870               3356.9   -0.466588394109927
       871                 3357   -0.465433950472606
       872               3357.1     -0.4643255567347
       873               3357.2   -0.463228215090971
       874               3357.3   -0.462090623450657
       875               3357.4   -0.460883926751062
       876               3357.5   -0.459614859322407
       877               3357.6   -0.458337207571407
       878               3357.7   -0.457166559956253
       879               3357.8   -0.456237949155242
       880               3357.9   -0.455569936603409
       881                 3358   -0.454947843950698
       882               3358.1   -0.454013909438906
       883               3358.2   -0.452564532853187
       884               3358.3   -0.450776457560403
       885               3358.4   -0.449100652461347
       886               3358.5   -0.447914230704135
       887               3358.6   -0.447275679814158
       888               3358.7   -0.446973676162791
       889               3358.8   -0.446729854116353
       890               3358.9   -0.446324572068447
       891                 3359   -0.445594190371523
       892               3359.1   -0.444404543634002
       893               3359.2   -0.442672355923005
       894               3359.3   -0.440403082608851
       895               3359.4   -0.437696744337516
       896               3359.5    -0.43472784686274
       897               3359.6    -0.43172539862179
       898               3359.7    -0.42894541762737
       899               3359.8   -0.426613945286107
       900               3359.9   -0.424852481857711
       901                 3360   -0.423627725746346
       902               3360.1   -0.422758307612208
       903               3360.2   -0.421984968414033
       904               3360.3   -0.421082740229029
       905               3360.4   -0.419959090320651
       906               3360.5   -0.418669585917863
       907               3360.6   -0.417336159066115
       908               3360.7   -0.416042841499144
       909               3360.8   -0.414808293977217
       910               3360.9   -0.413645130445048
       911                 3361   -0.412606409384223
       912               3361.1   -0.411734829568198
       913               3361.2   -0.410972401272864
       914               3361.3   -0.410173113311527
       915               3361.4   -0.409245746760142
       916               3361.5    -0.40826874128258
       917               3361.6    -0.40742611231989
       918               3361.7   -0.406828402621704
       919               3361.8    -0.40642297958286
       920               3361.9   -0.406080080973097
       921                 3362   -0.405735431404339
       922               3362.1   -0.405436016657658
       923               3362.2   -0.405269728974773
       924               3362.3   -0.405270047897259
       925               3362.4   -0.405383377718402
       926               3362.5   -0.405524100972294
       927               3362.6   -0.405669558349655
       928               3362.7   -0.405893301872918
       929               3362.8    -0.40627563679528
       930               3362.9    -0.40677420689596
       931                 3363   -0.407213238954928
       932               3363.1    -0.40742059837637
       933               3363.2   -0.407360276749491
       934               3363.3   -0.407125234934549
       935               3363.4   -0.406835287179179
       936               3363.5    -0.40656813081349
       937               3363.6   -0.406359066570487
       938               3363.7   -0.406211810665609
       939               3363.8   -0.406086536495133
       940               3363.9   -0.405886228626597
       941                 3364   -0.405460580521524
       942               3364.1   -0.404633574190155
       943               3364.2   -0.403274723432181
       944               3364.3    -0.40140756402884
       945               3364.4   -0.399267582713562
       946               3364.5   -0.397217910309958
       947               3364.6   -0.395567259856462
       948               3364.7   -0.394442670159782
       949               3364.8   -0.393796454761631
       950               3364.9   -0.393490299881676
       951                 3365     -0.3933838195562
       952               3365.1   -0.393408089241694
       953               3365.2    -0.39358848693044
       954               3365.3   -0.393961339898667
       955               3365.4    -0.39443187859239
       956               3365.5   -0.394735337901439
       957               3365.6   -0.394583466778273
       958               3365.7     -0.3938677677951
       959               3365.8   -0.392721386356205
       960               3365.9   -0.391403457288006
       961                 3366   -0.390153926725923
       962               3366.1   -0.389160671716249
       963               3366.2   -0.388620520707562
       964               3366.3   -0.388761946760232
       965               3366.4    -0.38975201120021
       966               3366.5   -0.391562285737495
       967               3366.6    -0.39393707727689
       968               3366.7   -0.396499132197678
       969               3366.8   -0.398869098706223
       970               3366.9   -0.400681012828673
       971                 3367   -0.401554308144062
       972               3367.1   -0.401182554102623
       973               3367.2   -0.399551895161825
       974               3367.3   -0.397085803511387
       975               3367.4   -0.394522925791271
       976               3367.5   -0.392577960149055
       977               3367.6   -0.391628628526098
       978               3367.7    -0.39161898039678
       979               3367.8   -0.392171261814812
       980               3367.9   -0.392775920590296
       981                 3368   -0.392963281146589
       982               3368.1   -0.392445293170049
       983               3368.2   -0.391219002477693
       984               3368.3   -0.389565979060805
       985               3368.4   -0.387906040372013
       986               3368.5   -0.386592730286567
       987               3368.6   -0.385801074192613
       988               3368.7   -0.385552907548312
       989               3368.8    -0.38579513130322
       990               3368.9   -0.386449879541556
       991                 3369   -0.387429032815724
       992               3369.1   -0.388622570775256
       993               3369.2   -0.389864378731565
       994               3369.3   -0.390921761667966
       995               3369.4   -0.391571947042962
       996               3369.5   -0.391737788070552
       997               3369.6   -0.391559589553512
       998               3369.7   -0.391328148450985
       999               3369.8   -0.391337783399459
      1000               3369.9   -0.391759006983692
      1001                 3370    -0.39255975612344
      1002               3370.1   -0.393468642874944
      1003               3370.2   -0.394026476690287
      1004               3370.3   -0.393785084050213
      1005               3370.4   -0.392591751672191
      1006               3370.5    -0.39075738097395
      1007               3370.6   -0.388938630251992
      1008               3370.7    -0.38778447534163
      1009               3370.8   -0.387597948007548
      1010               3370.9   -0.388242039848923
      1011                 3371   -0.389309245364851
      1012               3371.1   -0.390393304487043
      1013               3371.2   -0.391287724681911
      1014               3371.3   -0.392032835800744
      1015               3371.4   -0.392826563802182
      1016               3371.5   -0.393864054971639
      1017               3371.6   -0.395188510331543
      1018               3371.7    -0.39662479240621
      1019               3371.8   -0.397833218760138
      1020               3371.9   -0.398472941173711
      1021                 3372   -0.398405628825012
      1022               3372.1   -0.397821418902348
      1023               3372.2   -0.397185402502514
      1024               3372.3   -0.397012131174308
      1025               3372.4   -0.397604698629074
      1026               3372.5    -0.39892253863741
      1027               3372.6   -0.400642940957559
      1028               3372.7   -0.402355334392866
      1029               3372.8   -0.403766527098386
      1030               3372.9   -0.404803485809336
      1031                 3373   -0.405561440908296
      1032               3373.1     -0.4061511824873
      1033               3373.2    -0.40658310997678
      1034               3373.3   -0.406790965640816
      1035               3373.4   -0.406763329496065
      1036               3373.5   -0.406654311576064
      1037               3373.6   -0.406774911348896
      1038               3373.7   -0.407469914777694
      1039               3373.8   -0.408960212023661
      1040               3373.9   -0.411236045570201
      1041                 3374   -0.414046445517282
      1042               3374.1   -0.416984859468111
      1043               3374.2   -0.419641776718496
      1044               3374.3   -0.421769112971376
      1045               3374.4   -0.423368084537818
      1046               3374.5   -0.424620882561327
      1047               3374.6   -0.425696148237738
      1048               3374.7    -0.42660060735022
      1049               3374.8   -0.427241076713069
      1050               3374.9   -0.427648540101062
      1051                 3375   -0.428112841309095
      1052               3375.1   -0.429033362296649
      1053               3375.2   -0.430577579186618
      1054               3375.3   -0.432463350209079
      1055               3375.4   -0.434102779934123
      1056               3375.5   -0.435022405809247
      1057               3375.6   -0.435211004141367
      1058               3375.7   -0.435105142152797
      1059               3375.8   -0.435247971837278
      1060               3375.9   -0.435922672706418
      1061                 3376   -0.437029477006606
      1062               3376.1   -0.438230227949996
      1063               3376.2   -0.439186233960633
      1064               3376.3    -0.43970755806092
      1065               3376.4   -0.439757096672841
      1066               3376.5   -0.439372375480387
      1067               3376.6   -0.438600655388115
      1068               3376.7   -0.437500774361593
      1069               3376.8   -0.436201031768486
      1070               3376.9   -0.434955532575859
      1071                 3377   -0.434129130248057
      1072               3377.1   -0.434073211872375
      1073               3377.2   -0.434934117952386
      1074               3377.3   -0.436525880684333
      1075               3377.4   -0.438400126590284
      1076               3377.5   -0.440096140699512
      1077               3377.6   -0.441372285596041
      1078               3377.7   -0.442222893236203
      1079               3377.8   -0.442699674487873
      1080               3377.9   -0.442749920229246
      1081                 3378   -0.442243715573744
      1082               3378.1   -0.441147943515624
      1083               3378.2    -0.43965476279289
      1084               3378.3   -0.438130991556982
      1085               3378.4   -0.436933044010525
      1086               3378.5   -0.436235689643128
      1087               3378.6    -0.43598298059238
      1088               3378.7   -0.435972972855679
      1089               3378.8   -0.436011151945739
      1090               3378.9   -0.436023029984343
      1091                 3379   -0.436040485880579
      1092               3379.1   -0.436090755200149
      1093               3379.2   -0.436115959808964
      1094               3379.3   -0.436007944322698
      1095               3379.4   -0.435708787451329
      1096               3379.5   -0.435267166809154
      1097               3379.6   -0.434803672867806
      1098               3379.7   -0.434421335994347
      1099               3379.8   -0.434119472735646
      1100               3379.9   -0.433757374471628
      1101                 3380      -0.433107946155
      1102               3380.1   -0.432006934678222
      1103               3380.2    -0.43051764876732
      1104               3380.3   -0.428972862706715
      1105               3380.4   -0.427821426034114
      1106               3380.5   -0.427364954415696
      1107               3380.6    -0.42757231067444
      1108               3380.7   -0.428099785261704
      1109               3380.8   -0.428476201230179
      1110               3380.9   -0.428303736414188
      1111                 3381   -0.427374513456845
      1112               3381.1   -0.425713226855239
      1113               3381.2   -0.423575045465275
      1114               3381.3   -0.421372563301462
      1115               3381.4   -0.419518377290027
      1116               3381.5   -0.418268285699695
      1117               3381.6   -0.417679391053481
      1118               3381.7   -0.417678902106203
      1119               3381.8   -0.418122408265491
      1120               3381.9   -0.418777956221973
      1121                 3382   -0.419329083951725
      1122               3382.1   -0.419504408374127
      1123               3382.2   -0.419259167782285
      1124               3382.3   -0.418802396951901
      1125               3382.4   -0.418399092296391
      1126               3382.5   -0.418137109371511
      1127               3382.6   -0.417896486002017
      1128               3382.7   -0.417522137398618
      1129               3382.8   -0.416979491228149
      1130               3382.9   -0.416335187256926
      1131                 3383   -0.415639894612886
      1132               3383.1   -0.414882943431348
      1133               3383.2   -0.414047612406859
      1134               3383.3   -0.413146395749558
      1135               3383.4   -0.412168348373895
      1136               3383.5   -0.411033937934401
      1137               3383.6    -0.40966863708081
      1138               3383.7    -0.40813063636046
      1139               3383.8   -0.406617612182019
      1140               3383.9   -0.405318097535232
      1141                 3384   -0.404278318639571
      1142               3384.1   -0.403430549965655
      1143               3384.2   -0.402716725108536
      1144               3384.3   -0.402143496263589
      1145               3384.4   -0.401724404198004
      1146               3384.5   -0.401403342644024
      1147               3384.6   -0.401053646884713
      1148               3384.7   -0.400565056037239
      1149               3384.8   -0.399959362622855
      1150               3384.9   -0.399432658821194
      1151                 3385   -0.399242156916804
      1152               3385.1    -0.39948363883388
      1153               3385.2   -0.399950329083056
      1154               3385.3   -0.400235515889299
      1155               3385.4   -0.400016897587195
      1156               3385.5   -0.399274498217917
      1157               3385.6   -0.398260088830432
      1158               3385.7   -0.397277963162143
      1159               3385.8    -0.39649195447138
      1160               3385.9   -0.395902675188311
      1161                 3386      -0.395450350273
      1162               3386.1   -0.395096833504606
      1163               3386.2   -0.394809131750948
      1164               3386.3   -0.394501886767865
      1165               3386.4   -0.394039442250717
      1166               3386.5   -0.393316764961185
      1167               3386.6   -0.392343172536263
      1168               3386.7     -0.3912502216108
      1169               3386.8   -0.390224666641452
      1170               3386.9   -0.389433471025509
      1171                 3387   -0.388986942351369
      1172               3387.1    -0.38891174837938
      1173               3387.2   -0.389096819483092
      1174               3387.3   -0.389271278043538
      1175               3387.4   -0.389126137635222
      1176               3387.5   -0.388558002022543
      1177               3387.6   -0.387820808404619
      1178               3387.7   -0.387392456999263
      1179               3387.8    -0.38762615730911
      1180               3387.9   -0.388478660155537
      1181                 3388   -0.389542163855912
      1182               3388.1   -0.390327836847974
      1183               3388.2   -0.390546745769037
      1184               3388.3   -0.390188194713608
      1185               3388.4    -0.38940732680019
      1186               3388.5    -0.38837696580756
      1187               3388.6   -0.387228372511155
      1188               3388.7   -0.386077585730454
      1189               3388.8   -0.385046051384823
      1190               3388.9   -0.384215212820263
      1191                 3389   -0.383562212649549
      1192               3389.1   -0.382973385447634
      1193               3389.2   -0.382350634595407
      1194               3389.3   -0.381712300709195
      1195               3389.4   -0.381191239108837
      1196               3389.5   -0.380940573685792
      1197               3389.6   -0.381036538086775
      1198               3389.7    -0.38144915052419
      1199               3389.8   -0.382086197595923
      1200               3389.9   -0.382862109826862
      1201                 3390    -0.38372190009139
      1202               3390.1   -0.384592357087119
      1203               3390.2   -0.385332336867707
      1204               3390.3   -0.385790517043422
      1205               3390.4   -0.385950993368491
      1206               3390.5   -0.385989481802115
      1207               3390.6   -0.386124295408395
      1208               3390.7   -0.386399966513596
      1209               3390.8   -0.386651794866796
      1210               3390.9   -0.386693899473349
      1211                 3391    -0.38651633591992
      1212               3391.1   -0.386294592697941
      1213               3391.2   -0.386240965318792
      1214               3391.3   -0.386453853415084
      1215               3391.4   -0.386857205342476
      1216               3391.5   -0.387238318061575
      1217               3391.6   -0.387376121066703
      1218               3391.7   -0.387208984592417
      1219               3391.8   -0.386905584114973
      1220               3391.9   -0.386732777144149
      1221                 3392   -0.386813464016312
      1222               3392.1   -0.387016779364663
      1223               3392.2   -0.387108607761938
      1224               3392.3   -0.387015417092797
      1225               3392.4   -0.386924546582579
      1226               3392.5     -0.3871046830107
      1227               3392.6   -0.387618894739942
      1228               3392.7   -0.388224645351915
      1229               3392.8   -0.388570420851636
      1230               3392.9   -0.388484473491208
      1231                 3393    -0.38805644642276
      1232               3393.1   -0.387458486356164
      1233               3393.2    -0.38674555195327
      1234               3393.3   -0.385860312821864
      1235               3393.4   -0.384793531432283
      1236               3393.5    -0.38368020131875
      1237               3393.6   -0.382726217791921
      1238               3393.7   -0.382067515808102
      1239               3393.8   -0.381713542290184
      1240               3393.9   -0.381611220731699
      1241                 3394   -0.381742019192447
      1242               3394.1   -0.382143869055245
      1243               3394.2   -0.382832381403893
      1244               3394.3   -0.383708688982713
      1245               3394.4   -0.384570485013391
      1246               3394.5   -0.385233684295668
      1247               3394.6   -0.385639491170649
      1248               3394.7   -0.385842627513776
      1249               3394.8   -0.385930801584655
      1250               3394.9   -0.385994427046078
      1251                 3395   -0.386154973073811
      1252               3395.1   -0.386550435709357
      1253               3395.2   -0.387239042825265
      1254               3395.3   -0.388115881864358
      1255               3395.4   -0.388939491191648
      1256               3395.5   -0.389441967760345
      1257               3395.6   -0.389422022504902
      1258               3395.7   -0.388772917452449
      1259               3395.8   -0.387483171394836
      1260               3395.9   -0.385662316996151
      1261                 3396   -0.383584194007413
      1262               3396.1   -0.381678392534565
      1263               3396.2   -0.380409850914528
      1264               3396.3   -0.380076809046677
      1265               3396.4   -0.380650419186403
      1266               3396.5   -0.381778030282589
      1267               3396.6   -0.382964590615306
      1268               3396.7   -0.383820155768872
      1269               3396.8   -0.384216236155968
      1270               3396.9   -0.384261021160787
      1271                 3397   -0.384134297905326
      1272               3397.1   -0.383926045486181
      1273               3397.2     -0.3836152549571
      1274               3397.3   -0.383190949999204
      1275               3397.4   -0.382761789689341
      1276               3397.5   -0.382501712114593
      1277               3397.6    -0.38247426194402
      1278               3397.7   -0.382547251685194
      1279               3397.8   -0.382521617579646
      1280               3397.9   -0.382345351807278
      1281                 3398   -0.382179549077605
      1282               3398.1   -0.382246431749584
      1283               3398.2   -0.382609643608327
      1284               3398.3   -0.383081784813873
      1285               3398.4   -0.383324988433215
      1286               3398.5   -0.383062127697589
      1287               3398.6   -0.382255074689079
      1288               3398.7   -0.381138324592081
      1289               3398.8   -0.380088311826636
      1290               3398.9   -0.379416769962581
      1291                 3399   -0.379233542981357
      1292               3399.1   -0.379470183691216
      1293               3399.2   -0.380015552311583
      1294               3399.3   -0.380817497075945
      1295               3399.4   -0.381858482333548
      1296               3399.5    -0.38305896691733
      1297               3399.6   -0.384230888945499
      1298               3399.7   -0.385131403714466
      1299               3399.8   -0.385565968402828
      1300               3399.9   -0.385470235892162
      1301                 3400   -0.384935981718139
      1302               3400.1   -0.384172635927963
      1303               3400.2    -0.38342017524606
      1304               3400.3   -0.382861653884288
      1305               3400.4   -0.382577664244029
      1306               3400.5   -0.382535225568318
      1307               3400.6   -0.382588106625208
      1308               3400.7   -0.382508223072448
      1309               3400.8   -0.382080872384671
      1310               3400.9   -0.381231254887092
      1311                 3401   -0.380088867643515
      1312               3401.1   -0.378933472325069
      1313               3401.2   -0.378069135428877
      1314               3401.3   -0.377723447734772
      1315               3401.4   -0.378015557747171
      1316               3401.5   -0.378959355953456
      1317               3401.6   -0.380466989305787
      1318               3401.7   -0.382370378084584
      1319               3401.8   -0.384482276385989
      1320               3401.9   -0.386658282073377
      1321                 3402   -0.388794931258445
      1322               3402.1   -0.390764703807933
      1323               3402.2    -0.39237318829829
      1324               3402.3   -0.393417103051689
      1325               3402.4   -0.393813344690904
      1326               3402.5    -0.39366762661436
      1327               3402.6   -0.393186252452962
      1328               3402.7   -0.392503744210229
      1329               3402.8   -0.391614237477079
      1330               3402.9   -0.390485217115365
      1331                 3403   -0.389212123549199
      1332               3403.1   -0.388029182707895
      1333               3403.2   -0.387174719909443
      1334               3403.3    -0.38675673358335
      1335               3403.4   -0.386711396509401
      1336               3403.5    -0.38683818428708
      1337               3403.6   -0.386885311034261
      1338               3403.7    -0.38667473798547
      1339               3403.8   -0.386205107660522
      1340               3403.9   -0.385641880792834
      1341                 3404   -0.385188190804417
      1342               3404.1   -0.384938012403836
      1343               3404.2   -0.384816877744631
      1344               3404.3   -0.384635088626443
      1345               3404.4   -0.384213285227732
      1346               3404.5   -0.383513678097643
      1347               3404.6   -0.382694252184194
      1348               3404.7   -0.382027980841391
      1349               3404.8    -0.38173371480199
      1350               3404.9    -0.38186010749462
      1351                 3405   -0.382306390872066
      1352               3405.1   -0.382904355173558
      1353               3405.2   -0.383447838484279
      1354               3405.3   -0.383693785832976
      1355               3405.4    -0.38344143892053
      1356               3405.5   -0.382669935199372
      1357               3405.6   -0.381576859819008
      1358               3405.7   -0.380452266029492
      1359               3405.8   -0.379522408186963
      1360               3405.9   -0.378908320745314
      1361                 3406   -0.378670840889179
      1362               3406.1   -0.378825335721674
      1363               3406.2    -0.37930083937774
      1364               3406.3   -0.379919751145385
      1365               3406.4   -0.380458908380186
      1366               3406.5   -0.380766234457496
      1367               3406.6   -0.380837962201073
      1368               3406.7   -0.380776250094884
      1369               3406.8   -0.380661997981924
      1370               3406.9    -0.38047815232969
      1371                 3407   -0.380161704093297
      1372               3407.1   -0.379712927507845
      1373               3407.2   -0.379246764744688
      1374               3407.3   -0.378955289124318
      1375               3407.4   -0.379015058987025
      1376               3407.5   -0.379480364962108
      1377               3407.6   -0.380226566986187
      1378               3407.7   -0.381017852605223
      1379               3407.8   -0.381682060393929
      1380               3407.9   -0.382248380132805
      1381                 3408   -0.382911601220862
      1382               3408.1   -0.383849838739358
      1383               3408.2   -0.385066732347476
      1384               3408.3   -0.386394394773838
      1385               3408.4   -0.387619550743562
      1386               3408.5   -0.388580918052576
      1387               3408.6   -0.389159525425692
      1388               3408.7   -0.389237903593372
      1389               3408.8   -0.388731585672463
      1390               3408.9   -0.387672443179972
      1391                 3409   -0.386230645475236
      1392               3409.1   -0.384628788707159
      1393               3409.2   -0.383039634901671
      1394               3409.3   -0.381589709815758
      1395               3409.4   -0.380462143266578
      1396               3409.5   -0.379944479518418
      1397               3409.6   -0.380292942179754
      1398               3409.7   -0.381491992526535
      1399               3409.8   -0.383146368127559
      1400               3409.9   -0.384647453565437
      1401                 3410   -0.385501017601783
      1402               3410.1   -0.385566317797505
      1403               3410.2   -0.385052294756839
      1404               3410.3   -0.384313048239244
      1405               3410.4   -0.383614843288765
      1406               3410.5   -0.383041413447133
      1407               3410.6   -0.382570190225008
      1408               3410.7   -0.382191642398563
      1409               3410.8   -0.381929222794483
      1410               3410.9   -0.381774484113563
      1411                 3411   -0.381666643155414
      1412               3411.1   -0.381557567195273
      1413               3411.2   -0.381460997134331
      1414               3411.3   -0.381412364680473
      1415               3411.4     -0.3814042540782
      1416               3411.5   -0.381386189499177
      1417               3411.6    -0.38130756159901
      1418               3411.7   -0.381132765000883
      1419               3411.8   -0.380833392235953
      1420               3411.9    -0.38041047284183
      1421                 3412   -0.379934180486976
      1422               3412.1   -0.379534002989747
      1423               3412.2   -0.379332055664368
      1424               3412.3   -0.379386085965902
      1425               3412.4   -0.379676507542901
      1426               3412.5   -0.380103829147369
      1427               3412.6   -0.380487976904364
      1428               3412.7   -0.380628474335798
      1429               3412.8    -0.38044235306705
      1430               3412.9   -0.380065212914073
      1431                 3413   -0.379777274173129
      1432               3413.1   -0.379781421453415
      1433               3413.2   -0.380035233085404
      1434               3413.3   -0.380305705149766
      1435               3413.4   -0.380392400720759
      1436               3413.5   -0.380293745278139
      1437               3413.6   -0.380164737081116
      1438               3413.7   -0.380147764707906
      1439               3413.8   -0.380274672237337
      1440               3413.9    -0.38050912426235
      1441                 3414   -0.380814617362496
      1442               3414.1   -0.381140831449203
      1443               3414.2   -0.381378754070354
      1444               3414.3   -0.381397279819382
      1445               3414.4   -0.381155069292258
      1446               3414.5   -0.380760042350286
      1447               3414.6    -0.38039594444908
      1448               3414.7   -0.380186539743316
      1449               3414.8    -0.38013294951336
      1450               3414.9    -0.38017019611916
      1451                 3415   -0.380258111679278
      1452               3415.1   -0.380395622341316
      1453               3415.2   -0.380552397366235
      1454               3415.3   -0.380626937183513
      1455               3415.4   -0.380515543754779
      1456               3415.5   -0.380223200078043
      1457               3415.6   -0.379866839906802
      1458               3415.7   -0.379548218990197
      1459               3415.8   -0.379249850096815
      1460               3415.9   -0.378882848360495
      1461                 3416   -0.378421661288651
      1462               3416.1   -0.377964888684101
      1463               3416.2    -0.37766430508885
      1464               3416.3   -0.377596003151384
      1465               3416.4   -0.377674069081976
      1466               3416.5   -0.377672321455894
      1467               3416.6    -0.37736457552993
      1468               3416.7   -0.376701456043182
      1469               3416.8   -0.375880914043326
      1470               3416.9   -0.375246542501012
      1471                 3417    -0.37510019868111
      1472               3417.1   -0.375567001580939
      1473               3417.2   -0.376567150746405
      1474               3417.3   -0.377862096234385
      1475               3417.4   -0.379134631992252
      1476               3417.5   -0.380083095794483
      1477               3417.6   -0.380506147676748
      1478               3417.7   -0.380349448742249
      1479               3417.8   -0.379703876495136
      1480               3417.9   -0.378764343471984
      1481                 3418   -0.377763811167952
      1482               3418.1   -0.376905483643159
      1483               3418.2   -0.376323372174116
      1484               3418.3   -0.376080142409498
      1485               3418.4   -0.376177144574873
      1486               3418.5   -0.376555736698055
      1487               3418.6   -0.377107692162568
      1488               3418.7   -0.377719864317998
      1489               3418.8   -0.378330471849245
      1490               3418.9   -0.378937125546222
      1491                 3419   -0.379535434439301
      1492               3419.1   -0.380046224300075
      1493               3419.2   -0.380310458687648
      1494               3419.3   -0.380167597339935
      1495               3419.4   -0.379563569722507
      1496               3419.5   -0.378616018958398
      1497               3419.6   -0.377582517201045
      1498               3419.7   -0.376737894263757
      1499               3419.8   -0.376250886206806
      1500               3419.9    -0.37614769880693
