     index            Field [G]         Intensity []

         1                 3270   -0.395278130173498
         2               3270.1   -0.396828317472276
         3               3270.2   -0.398219384792769
         4               3270.3   -0.399365085168167
         5               3270.4   -0.400250506131971
         6               3270.5   -0.400962214394651
         7               3270.6   -0.401647011253807
         8               3270.7   -0.402407693556654
         9               3270.8   -0.403203844550223
        10               3270.9   -0.403827363872242
        11                 3271   -0.403987507430285
        12               3271.1   -0.403478372381351
        13               3271.2   -0.402323009362175
        14               3271.3   -0.400781454734432
        15               3271.4   -0.399222949318422
        16               3271.5   -0.397977961027296
        17               3271.6   -0.397264178405869
        18               3271.7   -0.397172983527763
        19               3271.8   -0.397666475993122
        20               3271.9   -0.398584376596642
        21                 3272   -0.399679797742532
        22               3272.1   -0.400674515383453
        23               3272.2   -0.401328111046705
        24               3272.3   -0.401531867576363
        25               3272.4   -0.401383659682056
        26               3272.5   -0.401140520791158
        27               3272.6   -0.401028255744184
        28               3272.7   -0.401057019848254
        29               3272.8     -0.4010221713095
        30               3272.9   -0.400699388573212
        31                 3273   -0.400063749313103
        32               3273.1   -0.399351884065214
        33               3273.2   -0.398923986885102
        34               3273.3   -0.399035823319846
        35               3273.4    -0.39968879290071
        36               3273.5   -0.400655807449021
        37               3273.6   -0.401644791707293
        38               3273.7   -0.402467891061076
        39               3273.8   -0.403093962726018
        40               3273.9   -0.403563118698635
        41                 3274   -0.403865781443126
        42               3274.1   -0.403918680205364
        43               3274.2   -0.403650707229577
        44               3274.3   -0.403073085683306
        45               3274.4   -0.402234535271077
        46               3274.5   -0.401119916911857
        47               3274.6   -0.399629449558637
        48               3274.7   -0.397687630754917
        49               3274.8   -0.395395224415603
        50               3274.9   -0.393085812497628
        51                 3275   -0.391210621233002
        52               3275.1   -0.390112328557004
        53               3275.2    -0.38985693055813
        54               3275.3   -0.390249463455981
        55               3275.4   -0.390987943120942
        56               3275.5   -0.391806337388894
        57               3275.6   -0.392530628590786
        58               3275.7   -0.393083167402512
        59               3275.8   -0.393464279840291
        60               3275.9   -0.393690164788655
        61                 3276   -0.393712889205719
        62               3276.1   -0.393421006877666
        63               3276.2   -0.392750582121936
        64               3276.3   -0.391785017726165
        65               3276.4    -0.39071988679904
        66               3276.5   -0.389740261572562
        67               3276.6   -0.388957654848192
        68               3276.7   -0.388448477069602
        69               3276.8   -0.388297019786483
        70               3276.9   -0.388560986209795
        71                 3277   -0.389192743941779
        72               3277.1   -0.390007755001209
        73               3277.2   -0.390748433229119
        74               3277.3   -0.391207256750772
        75               3277.4   -0.391322485074645
        76               3277.5   -0.391188142068421
        77               3277.6   -0.390996387551399
        78               3277.7     -0.3909659949689
        79               3277.8   -0.391275353094439
        80               3277.9   -0.391984538331685
        81                 3278   -0.392963172365766
        82               3278.1   -0.393899880927222
        83               3278.2   -0.394453394085116
        84               3278.3   -0.394478521317724
        85               3278.4   -0.394138526061729
        86               3278.5   -0.393772000850568
        87               3278.6   -0.393613979439912
        88               3278.7   -0.393634577317273
        89               3278.8   -0.393641922240938
        90               3278.9   -0.393512348692338
        91                 3279   -0.393294295840161
        92               3279.1   -0.393115330523843
        93               3279.2   -0.393049454057144
        94               3279.3   -0.393086670109423
        95               3279.4   -0.393168763000557
        96               3279.5    -0.39319861080265
        97               3279.6   -0.393035886971256
        98               3279.7   -0.392548401315889
        99               3279.8   -0.391705812741878
       100               3279.9   -0.390623218469034
       101                 3280   -0.389506668046685
       102               3280.1   -0.388555437046284
       103               3280.2   -0.387903614268094
       104               3280.3   -0.387616556432368
       105               3280.4   -0.387700599263477
       106               3280.5    -0.38810620097884
       107               3280.6   -0.388743580471653
       108               3280.7   -0.389513824205787
       109               3280.8   -0.390329526576675
       110               3280.9   -0.391118946954243
       111                 3281   -0.391835396978132
       112               3281.1   -0.392472234479482
       113               3281.2   -0.393056608450739
       114               3281.3    -0.39361999776444
       115               3281.4   -0.394178105291411
       116               3281.5   -0.394734479499239
       117               3281.6   -0.395287532647544
       118               3281.7   -0.395831890643369
       119               3281.8   -0.396370377607777
       120               3281.9   -0.396931405755981
       121                 3282   -0.397554073290849
       122               3282.1   -0.398233427582258
       123               3282.2     -0.3988811050328
       124               3282.3   -0.399356655218866
       125               3282.4    -0.39955253544333
       126               3282.5   -0.399456840079349
       127               3282.6   -0.399137273190103
       128               3282.7   -0.398669330943961
       129               3282.8   -0.398088926451881
       130               3282.9   -0.397411306929798
       131                 3283    -0.39666572512867
       132               3283.1   -0.395882870696982
       133               3283.2   -0.395061322939625
       134               3283.3    -0.39418124108157
       135               3283.4    -0.39325561220568
       136               3283.5    -0.39234884757299
       137               3283.6   -0.391552160534712
       138               3283.7   -0.390969628823262
       139               3283.8   -0.390722106100976
       140               3283.9   -0.390914562411579
       141                 3284   -0.391561318776292
       142               3284.1   -0.392543511596286
       143               3284.2   -0.393643167899295
       144               3284.3   -0.394608767037625
       145               3284.4   -0.395207436043396
       146               3284.5   -0.395290894255834
       147               3284.6   -0.394891187107809
       148               3284.7   -0.394258288075382
       149               3284.8   -0.393738890117445
       150               3284.9   -0.393555429775393
       151                 3285   -0.393683303807965
       152               3285.1   -0.393937235632644
       153               3285.2   -0.394159415224575
       154               3285.3   -0.394319023061806
       155               3285.4   -0.394459046858816
       156               3285.5   -0.394586315413356
       157               3285.6   -0.394632039510354
       158               3285.7   -0.394520233297396
       159               3285.8   -0.394272033443762
       160               3285.9   -0.394039889914681
       161                 3286   -0.394036788025156
       162               3286.1   -0.394426102312856
       163               3286.2   -0.395254044737976
       164               3286.3   -0.396439506770641
       165               3286.4   -0.397793139818417
       166               3286.5   -0.399058844385968
       167               3286.6   -0.399985706106084
       168               3286.7    -0.40040965234009
       169               3286.8    -0.40030178782758
       170               3286.9   -0.399759914929625
       171                 3287    -0.39895749705712
       172               3287.1   -0.398089805985648
       173               3287.2   -0.397351861674864
       174               3287.3   -0.396939526927784
       175               3287.4   -0.397021321079134
       176               3287.5   -0.397651089978749
       177               3287.6   -0.398678355811057
       178               3287.7   -0.399760379960528
       179               3287.8   -0.400506100373271
       180               3287.9   -0.400654957132131
       181                 3288   -0.400164814841236
       182               3288.1   -0.399186807681954
       183               3288.2   -0.398001778939026
       184               3288.3   -0.396965003501702
       185               3288.4   -0.396423736334811
       186               3288.5   -0.396580209403791
       187               3288.6    -0.39737008802088
       188               3288.7   -0.398471207795154
       189               3288.8   -0.399467305595795
       190               3288.9   -0.400052458801451
       191                 3289     -0.4001272378741
       192               3289.1   -0.399753010260804
       193               3289.2   -0.399071152284844
       194               3289.3   -0.398291387632467
       195               3289.4   -0.397710121411404
       196               3289.5   -0.397633545780246
       197               3289.6   -0.398190399704821
       198               3289.7   -0.399194279141421
       199               3289.8    -0.40021594647971
       200               3289.9   -0.400830489409529
       201                 3290   -0.400838080288358
       202               3290.1    -0.40030222976877
       203               3290.2    -0.39943064566462
       204               3290.3   -0.398428156334209
       205               3290.4   -0.397403278687793
       206               3290.5     -0.3963362216649
       207               3290.6   -0.395118581129954
       208               3290.7    -0.39367739391139
       209               3290.8   -0.392114649833884
       210               3290.9   -0.390725653709467
       211                 3291   -0.389844442971338
       212               3291.1   -0.389638043588222
       213               3291.2   -0.390027662544495
       214               3291.3   -0.390783869103232
       215               3291.4   -0.391681815311858
       216               3291.5   -0.392585044053771
       217               3291.6   -0.393431365550616
       218               3291.7   -0.394177359893997
       219               3291.8   -0.394761369522212
       220               3291.9   -0.395117769902894
       221                 3292   -0.395239156650802
       222               3292.1   -0.395226886353891
       223               3292.2   -0.395251025947185
       224               3292.3    -0.39542431749688
       225               3292.4   -0.395707698350248
       226               3292.5   -0.395954326513509
       227               3292.6   -0.396052908047679
       228               3292.7    -0.39602110446127
       229               3292.8   -0.395968289479581
       230               3292.9    -0.39601100308581
       231                 3293   -0.396260360432993
       232               3293.1   -0.396850519108094
       233               3293.2   -0.397873349059113
       234               3293.3   -0.399224400620971
       235               3293.4   -0.400563852227539
       236               3293.5   -0.401521896352502
       237               3293.6   -0.401982124539714
       238               3293.7   -0.402154792881597
       239               3293.8   -0.402369009532359
       240               3293.9   -0.402790680696026
       241                 3294   -0.403309533420055
       242               3294.1   -0.403659094238758
       243               3294.2   -0.403649392999342
       244               3294.3    -0.40332923436324
       245               3294.4   -0.402955277912971
       246               3294.5   -0.402787259525666
       247               3294.6   -0.402871861515934
       248               3294.7   -0.403000497386583
       249               3294.8   -0.402878160396986
       250               3294.9   -0.402348072761176
       251                 3295   -0.401476853917748
       252               3295.1   -0.400455120563748
       253               3295.2   -0.399444347377803
       254               3295.3   -0.398526495803035
       255               3295.4   -0.397776537775342
       256               3295.5   -0.397331801501661
       257               3295.6   -0.397341274046455
       258               3295.7   -0.397832339323258
       259               3295.8   -0.398639695323061
       260               3295.9   -0.399474459402115
       261                 3296   -0.400073698651099
       262               3296.1   -0.400322039262102
       263               3296.2   -0.400284867807891
       264               3296.3   -0.400153431627573
       265               3296.4   -0.400141052826528
       266               3296.5   -0.400386687852267
       267               3296.6   -0.400906705501964
       268               3296.7   -0.401599542413961
       269               3296.8   -0.402288905838913
       270               3296.9   -0.402795858191499
       271                 3297   -0.403024322969341
       272               3297.1   -0.403017179586665
       273               3297.2   -0.402930504371062
       274               3297.3   -0.402918905361648
       275               3297.4   -0.403006481825871
       276               3297.5   -0.403062704685702
       277               3297.6   -0.402935439274321
       278               3297.7   -0.402634178809367
       279               3297.8   -0.402367131171601
       280               3297.9   -0.402360427959688
       281                 3298   -0.402621813833243
       282               3298.1   -0.402882432633775
       283               3298.2   -0.402775270633571
       284               3298.3   -0.402097647187918
       285               3298.4   -0.400963866033927
       286               3298.5   -0.399759947878505
       287               3298.6   -0.398937274479475
       288               3298.7   -0.398765965576191
       289               3298.8   -0.399195835895661
       290               3298.9   -0.399913104733172
       291                 3299    -0.40054835792031
       292               3299.1   -0.400882050506635
       293               3299.2   -0.400904111265308
       294               3299.3   -0.400712370326344
       295               3299.4   -0.400373234056224
       296               3299.5   -0.399883123288085
       297               3299.6   -0.399237790417859
       298               3299.7    -0.39849091092311
       299               3299.8   -0.397719868675791
       300               3299.9   -0.396952403797632
       301                 3300   -0.396148938172303
       302               3300.1   -0.395249333428771
       303               3300.2      -0.394227830095
       304               3300.3   -0.393124127273248
       305               3300.4   -0.392046290691488
       306               3300.5   -0.391131487166209
       307               3300.6   -0.390471078469135
       308               3300.7   -0.390062975196423
       309               3300.8   -0.389847620889975
       310               3300.9   -0.389792460767851
       311                 3301   -0.389929994939468
       312               3301.1   -0.390307497540982
       313               3301.2   -0.390904152664517
       314               3301.3   -0.391603994832537
       315               3301.4   -0.392259636719561
       316               3301.5   -0.392801074393711
       317               3301.6   -0.393300978451768
       318               3301.7   -0.393933364100071
       319               3301.8   -0.394840029792199
       320               3301.9   -0.395993429481822
       321                 3302   -0.397161176259675
       322               3302.1   -0.398021900611987
       323               3302.2   -0.398382624922183
       324               3302.3   -0.398358364508963
       325               3302.4   -0.398363565136118
       326               3302.5   -0.398874663565363
       327               3302.6   -0.400103016157035
       328               3302.7    -0.40182216869538
       329               3302.8   -0.403502383080102
       330               3302.9   -0.404662747112985
       331                 3303   -0.405162136162651
       332               3303.1   -0.405200725794242
       333               3303.2   -0.405063263311363
       334               3303.3   -0.404858985449911
       335               3303.4   -0.404481532936889
       336               3303.5   -0.403770830580189
       337               3303.6   -0.402673561636692
       338               3303.7   -0.401256210721453
       339               3303.8   -0.399623854115765
       340               3303.9   -0.397888141424384
       341                 3304   -0.396219268371061
       342               3304.1    -0.39487307500194
       343               3304.2   -0.394097181038049
       344               3304.3   -0.393969930633346
       345               3304.4   -0.394324374224352
       346               3304.5   -0.394838537028984
       347               3304.6   -0.395217727442818
       348               3304.7    -0.39532542734736
       349               3304.8   -0.395189507843972
       350               3304.9   -0.394919003367153
       351                 3305   -0.394609927667993
       352               3305.1   -0.394298274506129
       353               3305.2   -0.393977469352227
       354               3305.3   -0.393649609692053
       355               3305.4   -0.393350434681743
       356               3305.5   -0.393121136411409
       357               3305.6   -0.392965838074186
       358               3305.7     -0.3928415945542
       359               3305.8   -0.392677784021434
       360               3305.9   -0.392405822505111
       361                 3306   -0.392008662286707
       362               3306.1   -0.391586033572688
       363               3306.2   -0.391372659553775
       364               3306.3   -0.391647914206858
       365               3306.4   -0.392569915463523
       366               3306.5   -0.394054332349522
       367               3306.6   -0.395800003266524
       368               3306.7   -0.397448532561178
       369               3306.8    -0.39874967556342
       370               3306.9   -0.399601444081713
       371                 3307   -0.399968715234036
       372               3307.1   -0.399821210132861
       373               3307.2   -0.399194257808927
       374               3307.3   -0.398290945728889
       375               3307.4   -0.397455093322683
       376               3307.5   -0.396989476235673
       377               3307.6   -0.396992089695606
       378               3307.7   -0.397369754563983
       379               3307.8   -0.397978747717116
       380               3307.9   -0.398711186325021
       381                 3308   -0.399456460327331
       382               3308.1   -0.400055520397312
       383               3308.2   -0.400367887255338
       384               3308.3   -0.400389892664831
       385               3308.4   -0.400267532226098
       386               3308.5   -0.400181132322376
       387               3308.6   -0.400242639680293
       388               3308.7   -0.400500600537196
       389               3308.8   -0.400974735161426
       390               3308.9   -0.401611446562961
       391                 3309   -0.402210837498996
       392               3309.1   -0.402479696302225
       393               3309.2   -0.402235586656099
       394               3309.3    -0.40157750817556
       395               3309.4   -0.400829063474295
       396               3309.5   -0.400280910124022
       397               3309.6   -0.399961658646432
       398               3309.7   -0.399641770415711
       399               3309.8   -0.399063962043731
       400               3309.9   -0.398194978609434
       401                 3310   -0.397280797534032
       402               3310.1    -0.39667243460501
       403               3310.2    -0.39658978785165
       404               3310.3   -0.397007865868295
       405               3310.4   -0.397707863909911
       406               3310.5   -0.398419057005921
       407               3310.6   -0.398958166421313
       408               3310.7   -0.399284650965334
       409               3310.8   -0.399425947964226
       410               3310.9     -0.3993326517602
       411                 3311    -0.39882145662453
       412               3311.1   -0.397699813117409
       413               3311.2   -0.395966981653188
       414               3311.3   -0.393883005886274
       415               3311.4   -0.391829347898643
       416               3311.5   -0.390099374117774
       417               3311.6    -0.38880302510671
       418               3311.7    -0.38792045839183
       419               3311.8   -0.387393570113163
       420               3311.9    -0.38715023844649
       421                 3312   -0.387064128497573
       422               3312.1   -0.386933596746675
       423               3312.2    -0.38654731081032
       424               3312.3   -0.385809324565122
       425               3312.4   -0.384814112178838
       426               3312.5   -0.383793426260651
       427               3312.6   -0.382981678385334
       428               3312.7   -0.382515741074217
       429               3312.8    -0.38241787699618
       430               3312.9   -0.382612135289013
       431                 3313    -0.38292465423722
       432               3313.1   -0.383091165704277
       433               3313.2   -0.382827145308231
       434               3313.3   -0.381965335045202
       435               3313.4   -0.380585063763626
       436               3313.5   -0.379029168048466
       437               3313.6   -0.377769273930888
       438               3313.7   -0.377187589393386
       439               3313.8   -0.377389257653311
       440               3313.9   -0.378124813065877
       441                 3314   -0.378865881554032
       442               3314.1   -0.379047742348616
       443               3314.2   -0.378387413406991
       444               3314.3   -0.377054913728832
       445               3314.4   -0.375529173540224
       446               3314.5   -0.374243419537128
       447               3314.6   -0.373323454735552
       448               3314.7   -0.372601878375293
       449               3314.8   -0.371811659914532
       450               3314.9   -0.370754926155861
       451                 3315   -0.369363020139846
       452               3315.1   -0.367691654049694
       453               3315.2   -0.365894545844669
       454               3315.3   -0.364173959462386
       455               3315.4   -0.362709067585268
       456               3315.5   -0.361582080607489
       457               3315.6   -0.360723366980669
       458               3315.7   -0.359907122501908
       459               3315.8   -0.358835959063908
       460               3315.9   -0.357303139809475
       461                 3316   -0.355340326925506
       462               3316.1   -0.353234264177333
       463               3316.2    -0.35136548676112
       464               3316.3   -0.349955358493426
       465               3316.4   -0.348912378102462
       466               3316.5   -0.347909997377197
       467               3316.6   -0.346610322978857
       468               3316.7   -0.344819490275416
       469               3316.8   -0.342494394178287
       470               3316.9   -0.339705756238239
       471                 3317   -0.336623602361511
       472               3317.1   -0.333453049395103
       473               3317.2   -0.330300770117349
       474               3317.3   -0.327115470685942
       475               3317.4   -0.323804416110071
       476               3317.5   -0.320397421966649
       477               3317.6   -0.317052671520439
       478               3317.7   -0.313899572361089
       479               3317.8   -0.310916093440741
       480               3317.9   -0.307980827145702
       481                 3318   -0.305018810137633
       482               3318.1    -0.30205773812284
       483               3318.2   -0.299135305673935
       484               3318.3   -0.296183368604627
       485               3318.4   -0.293040220344083
       486               3318.5   -0.289588607989055
       487               3318.6   -0.285873791863703
       488               3318.7   -0.282082444636983
       489               3318.8   -0.278405727758453
       490               3318.9   -0.274904549961898
       491                 3319   -0.271474405829249
       492               3319.1   -0.267923916653108
       493               3319.2   -0.264103783111498
       494               3319.3   -0.259996047600573
       495               3319.4   -0.255712985366051
       496               3319.5   -0.251418533436845
       497               3319.6   -0.247216799227595
       498               3319.7   -0.243064435006531
       499               3319.8   -0.238781266091648
       500               3319.9    -0.23419309668315
       501                 3320   -0.229303983116124
       502               3320.1   -0.224312770688921
       503               3320.2   -0.219429897325309
       504               3320.3   -0.214691595778159
       505               3320.4   -0.209992581613383
       506               3320.5   -0.205299738817191
       507               3320.6   -0.200780750723471
       508               3320.7   -0.196673465907017
       509               3320.8   -0.193028872776229
       510               3320.9   -0.189617348282509
       511                 3321   -0.186113386986753
       512               3321.1   -0.182377418840605
       513               3321.2   -0.178569948965595
       514               3321.3   -0.175027214211019
       515               3321.4   -0.172050423394387
       516               3321.5   -0.169784005757524
       517               3321.6   -0.168218551452959
       518               3321.7   -0.167238651880219
       519               3321.8   -0.166647213269123
       520               3321.9   -0.166185166680427
       521                 3322   -0.165610197936336
       522               3322.1   -0.164834009906994
       523               3322.2   -0.164011676576606
       524               3322.3   -0.163475587336462
       525               3322.4   -0.163548803933753
       526               3322.5   -0.164396832920281
       527               3322.6   -0.166016697143235
       528               3322.7    -0.16830138172994
       529               3322.8   -0.171087040156938
       530               3322.9   -0.174203691778752
       531                 3323   -0.177574633891458
       532               3323.1   -0.181275762501004
       533               3323.2   -0.185423869614444
       534               3323.3   -0.189961132436679
       535               3323.4   -0.194584182195812
       536               3323.5   -0.198937082809594
       537               3323.6    -0.20288782493131
       538               3323.7   -0.206622157685076
       539               3323.8   -0.210499651132168
       540               3323.9   -0.214830746046264
       541                 3324   -0.219727636948216
       542               3324.1   -0.225062558096377
       543               3324.2   -0.230519767017869
       544               3324.3   -0.235737898491741
       545               3324.4   -0.240496278837678
       546               3324.5   -0.244825810013254
       547               3324.6   -0.248949789157723
       548               3324.7   -0.253101839894089
       549               3324.8   -0.257380714514779
       550               3324.9    -0.26175139755141
       551                 3325   -0.266141297534321
       552               3325.1   -0.270494651701314
       553               3325.2    -0.27473518314457
       554               3325.3   -0.278729993394661
       555               3325.4   -0.282350440766289
       556               3325.5   -0.285574965225904
       557               3325.6    -0.28848931244592
       558               3325.7   -0.291160080856492
       559               3325.8   -0.293531490738021
       560               3325.9   -0.295474439978766
       561                 3326   -0.296929330776681
       562               3326.1   -0.297984240553921
       563               3326.2   -0.298825555976745
       564               3326.3   -0.299633583017749
       565               3326.4   -0.300509935744508
       566               3326.5   -0.301451906453079
       567               3326.6   -0.302355295415403
       568               3326.7   -0.303051518543742
       569               3326.8   -0.303388209105914
       570               3326.9   -0.303314756049614
       571                 3327   -0.302902794812603
       572               3327.1   -0.302275716886954
       573               3327.2   -0.301504908499993
       574               3327.3   -0.300567987276103
       575               3327.4   -0.299411981895352
       576               3327.5   -0.298058050901038
       577               3327.6   -0.296624004187449
       578               3327.7   -0.295215164018359
       579               3327.8   -0.293793423193941
       580               3327.9    -0.29218873631202
       581                 3328   -0.290268547505445
       582               3328.1   -0.288095082788457
       583               3328.2   -0.285908299150599
       584               3328.3   -0.283956226276482
       585               3328.4   -0.282331333561576
       586               3328.5   -0.280936492654821
       587               3328.6   -0.279582892756082
       588               3328.7   -0.278141744366905
       589               3328.8   -0.276655577700493
       590               3328.9   -0.275337334331956
       591                 3329   -0.274452862500929
       592               3329.1   -0.274178430104566
       593               3329.2   -0.274551060526259
       594               3329.3   -0.275529030111681
       595               3329.4   -0.277068873522195
       596               3329.5   -0.279148105382893
       597               3329.6   -0.281760647054454
       598               3329.7   -0.284920780150059
       599               3329.8   -0.288647159598665
       600               3329.9   -0.292911471918361
       601                 3330   -0.297614104503011
       602               3330.1   -0.302633853760026
       603               3330.2   -0.307896362334204
       604               3330.3   -0.313391585845082
       605               3330.4    -0.31916652995072
       606               3330.5   -0.325352279025926
       607               3330.6   -0.332198622583065
       608               3330.7   -0.340038768921168
       609               3330.8   -0.349175790191495
       610               3330.9   -0.359760122046829
       611                 3331   -0.371718997582241
       612               3331.1    -0.38475964799174
       613               3331.2   -0.398456980957395
       614               3331.3   -0.412411275747147
       615               3331.4   -0.426395530299754
       616               3331.5   -0.440382871505302
       617               3331.6   -0.454429030785777
       618               3331.7   -0.468525575849161
       619               3331.8   -0.482579567754356
       620               3331.9   -0.496544985057869
       621                 3332   -0.510561387100667
       622               3332.1   -0.524939995973854
       623               3332.2   -0.539993045220673
       624               3332.3   -0.555847206183143
       625               3332.4   -0.572369742123937
       626               3332.5   -0.589217946031708
       627               3332.6   -0.605940840205967
       628               3332.7   -0.622072206858597
       629               3332.8    -0.63720660644275
       630               3332.9   -0.651077328081335
       631                 3333   -0.663626071013915
       632               3333.1   -0.675004099063261
       633               3333.2   -0.685457358028793
       634               3333.3   -0.695145712368293
       635               3333.4   -0.704029856572311
       636               3333.5   -0.711922301813328
       637               3333.6   -0.718661921672793
       638               3333.7    -0.72426227752264
       639               3333.8    -0.72891117751863
       640               3333.9    -0.73284322386273
       641                 3334   -0.736217936938102
       642               3334.1   -0.739090340454141
       643               3334.2   -0.741434192930599
       644               3334.3   -0.743154646701305
       645               3334.4   -0.744119255907267
       646               3334.5   -0.744254448811977
       647               3334.6   -0.743630491175555
       648               3334.7   -0.742396267578154
       649               3334.8   -0.740579951140851
       650               3334.9   -0.737960905714023
       651                 3335   -0.734173220025126
       652               3335.1   -0.728963173475981
       653               3335.2   -0.722376755944449
       654               3335.3   -0.714742843334806
       655               3335.4   -0.706501624824378
       656               3335.5   -0.698006283538006
       657               3335.6   -0.689383320747966
       658               3335.7   -0.680496678534131
       659               3335.8   -0.671053693499174
       660               3335.9   -0.660822073995222
       661                 3336   -0.649808009126644
       662               3336.1   -0.638249512617357
       663               3336.2   -0.626452672756975
       664               3336.3    -0.61463493296294
       665               3336.4   -0.602882005605831
       666               3336.5   -0.591188959053068
       667               3336.6   -0.579514472504263
       668               3336.7   -0.567815245651485
       669               3336.8   -0.556045045196502
       670               3336.9   -0.544109015437653
       671                 3337   -0.531817665370786
       672               3337.1   -0.518929837700394
       673               3337.2   -0.505300550653876
       674               3337.3   -0.491011367764053
       675               3337.4   -0.476349540926504
       676               3337.5   -0.461656553205176
       677               3337.6    -0.44718746754062
       678               3337.7   -0.433067490373514
       679               3337.8   -0.419314349324948
       680               3337.9   -0.405869644267717
       681                 3338   -0.392621332117131
       682               3338.1   -0.379412993909161
       683               3338.2   -0.366041869105537
       684               3338.3   -0.352282065001707
       685               3338.4   -0.337971990509136
       686               3338.5    -0.32313054854328
       687               3338.6   -0.307995950912365
       688               3338.7   -0.292919681601619
       689               3338.8   -0.278173080065977
       690               3338.9   -0.263803354644422
       691                 3339    -0.24962869306856
       692               3339.1   -0.235352101819555
       693               3339.2   -0.220713022368601
       694               3339.3   -0.205602299932331
       695               3339.4   -0.190088587555657
       696               3339.5   -0.174338297857792
       697               3339.6   -0.158476435952141
       698               3339.7   -0.142486820862047
       699               3339.8   -0.126224304980112
       700               3339.9   -0.109523196887977
       701                 3340  -0.0923064109687022
       702               3340.1  -0.0745931565057567
       703               3340.2  -0.0563934950040599
       704               3340.3  -0.0376005272973292
       705               3340.4   -0.018007910655141
       706               3340.5  0.00255064991111601
       707               3340.6   0.0240780185520322
       708               3340.7   0.0464275104623974
       709               3340.8   0.0694370353913448
       710               3340.9   0.0930564140692117
       711                 3341     0.11734836710927
       712               3341.1    0.142358443223038
       713               3341.2    0.167989648708492
       714               3341.3    0.194039834109586
       715               3341.4    0.220385106686316
       716               3341.5    0.247091247910692
       717               3341.6     0.27428872750436
       718               3341.7    0.301934608210099
       719               3341.8     0.32973827616406
       720               3341.9     0.35733018861097
       721                 3342    0.384456575486187
       722               3342.1    0.410964482017774
       723               3342.2    0.436604831117856
       724               3342.3    0.460891110670279
       725               3342.4    0.483173806676835
       726               3342.5    0.502843428917437
       727               3342.6    0.519446586948503
       728               3342.7     0.53261655808748
       729               3342.8    0.541926329214881
       730               3342.9     0.54682615833997
       731                 3343    0.546692574474155
       732               3343.1    0.540891535596941
       733               3343.2    0.528797207194955
       734               3343.3    0.509815201599914
       735               3343.4    0.483468423209548
       736               3343.5    0.449520394468578
       737               3343.6    0.408059117771356
       738               3343.7    0.359490242839546
       739               3343.8    0.304440467000115
       740               3343.9    0.243613967818379
       741                 3344    0.177678296022297
       742               3344.1    0.107259917667099
       743               3344.2   0.0330609319408968
       744               3344.3  -0.0440058519970488
       745               3344.4   -0.122808153353878
       746               3344.5   -0.202151691839692
       747               3344.6    -0.28098721682295
       748               3344.7   -0.358511095464409
       749               3344.8   -0.434113864762539
       750               3344.9   -0.507255795985473
       751                 3345    -0.57736981299587
       752               3345.1   -0.643838032029366
       753               3345.2   -0.706042349163035
       754               3345.3   -0.763462921982076
       755               3345.4   -0.815765052881906
       756               3345.5   -0.862807304070925
       757               3345.6   -0.904566813797606
       758               3345.7   -0.941061663358097
       759               3345.8   -0.972351892751739
       760               3345.9   -0.998607644189886
       761                 3346    -1.02014791473831
       762               3346.1    -1.03737682644545
       763               3346.2    -1.05066091069265
       764               3346.3    -1.06027325397365
       765               3346.4    -1.06647003349037
       766               3346.5    -1.06961407696798
       767               3346.6     -1.0701939514856
       768               3346.7    -1.06869471041214
       769               3346.8    -1.06544089713551
       770               3346.9    -1.06056413740997
       771                 3347    -1.05410982262135
       772               3347.1    -1.04615359638134
       773               3347.2    -1.03681552539822
       774               3347.3    -1.02619869768561
       775               3347.4    -1.01435544466355
       776               3347.5    -1.00132412524076
       777               3347.6   -0.987192880698948
       778               3347.7   -0.972137687053822
       779               3347.8   -0.956417411489561
       780               3347.9   -0.940322921646868
       781                 3348   -0.924084636717261
       782               3348.1     -0.9077777202419
       783               3348.2   -0.891293060173696
       784               3348.3   -0.874410394943518
       785               3348.4   -0.856937310773497
       786               3348.5   -0.838838788125918
       787               3348.6   -0.820298166509577
       788               3348.7   -0.801676384335871
       789               3348.8   -0.783360661332191
       790               3348.9   -0.765558707147931
       791                 3349   -0.748176322207385
       792               3349.1   -0.730896205252295
       793               3349.2   -0.713412318792905
       794               3349.3   -0.695619076529537
       795               3349.4   -0.677595074432256
       796               3349.5   -0.659435062926245
       797               3349.6   -0.641139030956623
       798               3349.7   -0.622685039890932
       799               3349.8   -0.604184652109375
       800               3349.9   -0.585911833730382
       801                 3350   -0.568138921621962
       802               3350.1   -0.550943405676138
       803               3350.2   -0.534194758242008
       804               3350.3   -0.517733916396968
       805               3350.4   -0.501550713000137
       806               3350.5   -0.485785834817838
       807               3350.6   -0.470589965022363
       808               3350.7   -0.456008716013476
       809               3350.8   -0.441990182677551
       810               3350.9    -0.42845982135719
       811                 3351   -0.415366991752031
       812               3351.1   -0.402688333055879
       813               3351.2   -0.390435288234754
       814               3351.3    -0.37868809379666
       815               3351.4   -0.367632421913342
       816               3351.5   -0.357562732236182
       817               3351.6   -0.348818768949937
       818               3351.7   -0.341643327579553
       819               3351.8   -0.336024894329688
       820               3351.9   -0.331655616766724
       821                 3352   -0.328072559414808
       822               3352.1   -0.324891660323047
       823               3352.2   -0.321975183307253
       824               3352.3   -0.319463321893703
       825               3352.4   -0.317705312295805
       826               3352.5    -0.31712710988152
       827               3352.6   -0.318044716726742
       828               3352.7   -0.320481032832937
       829               3352.8   -0.324114971555982
       830               3352.9   -0.328443480594516
       831                 3353   -0.333064085736318
       832               3353.1   -0.337863646444683
       833               3353.2   -0.342977924158515
       834               3353.3   -0.348592062019344
       835               3353.4   -0.354768321710793
       836               3353.5   -0.361414660081173
       837               3353.6   -0.368359198093325
       838               3353.7   -0.375435190331177
       839               3353.8   -0.382531335363412
       840               3353.9   -0.389612731905483
       841                 3354   -0.396702652727659
       842               3354.1   -0.403806886112473
       843               3354.2   -0.410828191821614
       844               3354.3   -0.417569940485808
       845               3354.4   -0.423851121635793
       846               3354.5   -0.429627963861595
       847               3354.6   -0.435016580238521
       848               3354.7   -0.440230401702661
       849               3354.8   -0.445505949556032
       850               3354.9    -0.45102781363768
       851                 3355   -0.456825311847922
       852               3355.1    -0.46269541836012
       853               3355.2   -0.468267671100815
       854               3355.3   -0.473210147956595
       855               3355.4    -0.47740602418119
       856               3355.5   -0.480957431654888
       857               3355.6   -0.484068149923098
       858               3355.7   -0.486946401527333
       859               3355.8   -0.489770593101434
       860               3355.9   -0.492668734564213
       861                 3356   -0.495688025471179
       862               3356.1    -0.49877081393808
       863               3356.2   -0.501743397027135
       864               3356.3   -0.504331545000517
       865               3356.4   -0.506240848047582
       866               3356.5   -0.507294366709394
       867               3356.6   -0.507533872222851
       868               3356.7   -0.507198112099965
       869               3356.8   -0.506600718228555
       870               3356.9   -0.506003551460307
       871                 3357   -0.505549369417876
       872               3357.1   -0.505254652200008
       873               3357.2   -0.505042666593474
       874               3357.3   -0.504804058048579
       875               3357.4   -0.504468678054523
       876               3357.5   -0.504056762986577
       877               3357.6   -0.503674162353073
       878               3357.7   -0.503443609821985
       879               3357.8   -0.503412785229861
       880               3357.9   -0.503505945427402
       881                 3358   -0.503552108297245
       882               3358.1   -0.503360790091843
       883               3358.2   -0.502797137917567
       884               3358.3   -0.501835349477045
       885               3358.4   -0.500576438332817
       886               3358.5   -0.499196939128099
       887               3358.6   -0.497825491844539
       888               3358.7   -0.496433357692789
       889               3358.8   -0.494854873025192
       890               3358.9   -0.492944940108268
       891                 3359   -0.490734807864116
       892               3359.1   -0.488440124831932
       893               3359.2    -0.48632532996216
       894               3359.3   -0.484559333909793
       895               3359.4     -0.4831683208001
       896               3359.5    -0.48207842078689
       897               3359.6   -0.481190701514334
       898               3359.7   -0.480441841328533
       899               3359.8    -0.47980611191261
       900               3359.9   -0.479222100670449
       901                 3360   -0.478516127122022
       902               3360.1    -0.47743449661389
       903               3360.2   -0.475796755310071
       904               3360.3   -0.473648671321985
       905               3360.4   -0.471280162506415
       906               3360.5   -0.469075828235064
       907               3360.6   -0.467287022488103
       908               3360.7   -0.465883267383769
       909               3360.8   -0.464600266984773
       910               3360.9   -0.463148556127651
       911                 3361   -0.461412870152033
       912               3361.1   -0.459499502554735
       913               3361.2    -0.45763122300836
       914               3361.3   -0.455989974154825
       915               3361.4   -0.454613007193296
       916               3361.5   -0.453402403358693
       917               3361.6   -0.452231011561409
       918               3361.7   -0.451046834958583
       919               3361.8   -0.449879697426846
       920               3361.9   -0.448763573054886
       921                 3362   -0.447678545839217
       922               3362.1   -0.446570476940775
       923               3362.2   -0.445395532314218
       924               3362.3   -0.444117953812187
       925               3362.4   -0.442677016617925
       926               3362.5   -0.440998229483531
       927               3362.6   -0.439070035625649
       928               3362.7   -0.437012254352287
       929               3362.8   -0.435051562207056
       930               3362.9   -0.433415366461053
       931                 3363    -0.43224671738466
       932               3363.1   -0.431610429248167
       933               3363.2   -0.431535697156246
       934               3363.3   -0.431989638720799
       935               3363.4   -0.432784659124042
       936               3363.5   -0.433552041054105
       937               3363.6   -0.433875940430854
       938               3363.7   -0.433509712694071
       939               3363.8   -0.432503372646201
       940               3363.9    -0.43115295121042
       941                 3364   -0.429825605408764
       942               3364.1   -0.428786791268474
       943               3364.2   -0.428129836834333
       944               3364.3   -0.427812522747134
       945               3364.4   -0.427712421514274
       946               3364.5   -0.427630754040485
       947               3364.6    -0.42729963468351
       948               3364.7   -0.426495895930705
       949               3364.8   -0.425217931531957
       950               3364.9   -0.423722831150766
       951                 3365    -0.42231552983208
       952               3365.1   -0.421066699948791
       953               3365.2   -0.419753968305681
       954               3365.3   -0.418097588808298
       955               3365.4    -0.41605172122928
       956               3365.5   -0.413874179966052
       957               3365.6   -0.411948082053939
       958               3365.7   -0.410554198014945
       959               3365.8   -0.409764877189663
       960               3365.9   -0.409463716217926
       961                 3366   -0.409421466010939
       962               3366.1   -0.409394534327173
       963               3366.2   -0.409218949848649
       964               3366.3    -0.40884145318656
       965               3366.4   -0.408275620887284
       966               3366.5   -0.407571393768734
       967               3366.6   -0.406869235758658
       968               3366.7   -0.406455368653647
       969               3366.8   -0.406666507816791
       970               3366.9   -0.407653311800831
       971                 3367   -0.409213083312608
       972               3367.1   -0.410872615114575
       973               3367.2   -0.412165712070557
       974               3367.3   -0.412878139751512
       975               3367.4   -0.413087701436038
       976               3367.5   -0.413014946429233
       977               3367.6   -0.412836825799424
       978               3367.7   -0.412612493593774
       979               3367.8   -0.412361687755746
       980               3367.9   -0.412207528050543
       981                 3368   -0.412427368133903
       982               3368.1   -0.413312529382865
       983               3368.2   -0.414917723483873
       984               3368.3   -0.416929793903259
       985               3368.4   -0.418808006026113
       986               3368.5   -0.420089796483029
       987               3368.6   -0.420609753278845
       988               3368.7   -0.420504626520989
       989               3368.8   -0.420083061490146
       990               3368.9   -0.419678598157345
       991                 3369   -0.419516156050261
       992               3369.1   -0.419607091252237
       993               3369.2   -0.419759228265679
       994               3369.3   -0.419759043440894
       995               3369.4   -0.419602775276404
       996               3369.5    -0.41954386149942
       997               3369.6   -0.419879768249778
       998               3369.7   -0.420684272797469
       999               3369.8   -0.421767507798336
      1000               3369.9    -0.42289986404103
      1001                 3370   -0.424043515164639
      1002               3370.1   -0.425347014039015
      1003               3370.2    -0.42694822076715
      1004               3370.3   -0.428826016810507
      1005               3370.4   -0.430828786870517
      1006               3370.5   -0.432790792775807
      1007               3370.6   -0.434602194913679
      1008               3370.7    -0.43620911965919
      1009               3370.8   -0.437599660289083
      1010               3370.9   -0.438808494332674
      1011                 3371   -0.439918432721343
      1012               3371.1    -0.44102794753824
      1013               3371.2   -0.442195251009244
      1014               3371.3   -0.443407243392158
      1015               3371.4   -0.444604390394756
      1016               3371.5   -0.445737727592743
      1017               3371.6   -0.446804508463584
      1018               3371.7   -0.447833472631669
      1019               3371.8    -0.44884297378838
      1020               3371.9   -0.449825202914673
      1021                 3372   -0.450780473611197
      1022               3372.1   -0.451761325338511
      1023               3372.2   -0.452867534684811
      1024               3372.3    -0.45418696299726
      1025               3372.4   -0.455728746161185
      1026               3372.5   -0.457392324196878
      1027               3372.6   -0.458999319731976
      1028               3372.7   -0.460400538201176
      1029               3372.8   -0.461605192488599
      1030               3372.9   -0.462802489563664
      1031                 3373   -0.464204273643443
      1032               3373.1    -0.46583347888027
      1033               3373.2   -0.467479148607561
      1034               3373.3   -0.468870670838076
      1035               3373.4    -0.46987693812625
      1036               3373.5   -0.470525720509805
      1037               3373.6   -0.470874249639929
      1038               3373.7   -0.470926658305156
      1039               3373.8   -0.470684171914573
      1040               3373.9   -0.470213706769578
      1041                 3374   -0.469617306168545
      1042               3374.1   -0.468956552180792
      1043               3374.2   -0.468260476316996
      1044               3374.3   -0.467615601316147
      1045               3374.4    -0.46720438795304
      1046               3374.5   -0.467217046104277
      1047               3374.6   -0.467716773349044
      1048               3374.7     -0.4685738855972
      1049               3374.8   -0.469490621418037
      1050               3374.9   -0.470086865102724
      1051                 3375   -0.470050452020358
      1052               3375.1   -0.469331235952993
      1053               3375.2   -0.468240951304372
      1054               3375.3   -0.467307655841806
      1055               3375.4   -0.466944009015059
      1056               3375.5   -0.467207552581767
      1057               3375.6   -0.467861433194459
      1058               3375.7   -0.468636702026681
      1059               3375.8   -0.469413738423307
      1060               3375.9   -0.470183361909931
      1061                 3376   -0.470915847290622
      1062               3376.1   -0.471533051503857
      1063               3376.2   -0.471998775265908
      1064               3376.3   -0.472369959354112
      1065               3376.4   -0.472701459546548
      1066               3376.5   -0.472890175738535
      1067               3376.6   -0.472640028200176
      1068               3376.7   -0.471629035353424
      1069               3376.8   -0.469774494980606
      1070               3376.9   -0.467383602461513
      1071                 3377   -0.465039742023119
      1072               3377.1   -0.463286813349941
      1073               3377.2   -0.462355975893595
      1074               3377.3   -0.462129650227913
      1075               3377.4    -0.46230247479127
      1076               3377.5    -0.46255232318816
      1077               3377.6   -0.462615169872987
      1078               3377.7   -0.462305949742569
      1079               3377.8   -0.461551282751106
      1080               3377.9   -0.460418434085703
      1081                 3378   -0.459078864651367
      1082               3378.1   -0.457698896718099
      1083               3378.2   -0.456340686739146
      1084               3378.3    -0.45496961751082
      1085               3378.4    -0.45356013436809
      1086               3378.5   -0.452177977515646
      1087               3378.6   -0.450939414259508
      1088               3378.7   -0.449893794055217
      1089               3378.8   -0.448964919042917
      1090               3378.9   -0.448011881141579
      1091                 3379   -0.446938630233737
      1092               3379.1   -0.445751011147091
      1093               3379.2   -0.444531309385353
      1094               3379.3   -0.443368297887901
      1095               3379.4   -0.442297895737811
      1096               3379.5   -0.441296058906541
      1097               3379.6    -0.44032988255125
      1098               3379.7   -0.439421568978019
      1099               3379.8   -0.438657954876649
      1100               3379.9   -0.438122131684827
      1101                 3380   -0.437798207538574
      1102               3380.1   -0.437532100212612
      1103               3380.2   -0.437091917788231
      1104               3380.3    -0.43629708678711
      1105               3380.4   -0.435129011687179
      1106               3380.5   -0.433735605119449
      1107               3380.6   -0.432314991126203
      1108               3380.7   -0.430972310675683
      1109               3380.8    -0.42968090419208
      1110               3380.9   -0.428379028377674
      1111                 3381   -0.427091612232812
      1112               3381.1   -0.425949376329101
      1113               3381.2   -0.425100755010301
      1114               3381.3   -0.424619797911129
      1115               3381.4   -0.424489169160183
      1116               3381.5   -0.424635832384064
      1117               3381.6    -0.42494733597157
      1118               3381.7    -0.42524932030229
      1119               3381.8   -0.425305542020652
      1120               3381.9   -0.424896336381017
      1121                 3382   -0.423933560542064
      1122               3382.1   -0.422509439142586
      1123               3382.2   -0.420841192978545
      1124               3382.3   -0.419174586182715
      1125               3382.4   -0.417722269615993
      1126               3382.5   -0.416651585614308
      1127               3382.6   -0.416087946854923
      1128               3382.7   -0.416093789290755
      1129               3382.8   -0.416620409132182
      1130               3382.9   -0.417496620618089
      1131                 3383   -0.418518463762105
      1132               3383.1   -0.419573742896604
      1133               3383.2   -0.420636642685727
      1134               3383.3   -0.421607322434195
      1135               3383.4   -0.422207048462726
      1136               3383.5   -0.422110845706354
      1137               3383.6   -0.421201378768233
      1138               3383.7   -0.419671306091623
      1139               3383.8   -0.417894554212259
      1140               3383.9   -0.416233591430587
      1141                 3384   -0.414938174219799
      1142               3384.1   -0.414129553658377
      1143               3384.2   -0.413810670924281
      1144               3384.3     -0.4138955010027
      1145               3384.4   -0.414255481576055
      1146               3384.5   -0.414739070337988
      1147               3384.6   -0.415147358108127
      1148               3384.7   -0.415236771148716
      1149               3384.8   -0.414831883293654
      1150               3384.9   -0.414005300619399
      1151                 3385   -0.413140367564553
      1152               3385.1   -0.412727862190986
      1153               3385.2     -0.4129937660956
      1154               3385.3   -0.413681872167724
      1155               3385.4   -0.414232708961628
      1156               3385.5   -0.414227746537308
      1157               3385.6   -0.413692897418212
      1158               3385.7   -0.413000750963884
      1159               3385.8   -0.412518108213923
      1160               3385.9   -0.412357359481246
      1161                 3386   -0.412411857636378
      1162               3386.1   -0.412545067771395
      1163               3386.2   -0.412702937388414
      1164               3386.3   -0.412871882785643
      1165               3386.4   -0.412990878771966
      1166               3386.5    -0.41294968856642
      1167               3386.6   -0.412678468239102
      1168               3386.7   -0.412221447462664
      1169               3386.8   -0.411710904667167
      1170               3386.9   -0.411270541398418
      1171                 3387   -0.410940782433391
      1172               3387.1   -0.410673693900717
      1173               3387.2   -0.410368050823433
      1174               3387.3   -0.409903880482922
      1175               3387.4   -0.409182753558542
      1176               3387.5   -0.408191261173974
      1177               3387.6   -0.407049571229154
      1178               3387.7   -0.405977358239148
      1179               3387.8   -0.405177623383852
      1180               3387.9   -0.404728733486675
      1181                 3388   -0.404571899560802
      1182               3388.1   -0.404595503767284
      1183               3388.2   -0.404742150919213
      1184               3388.3   -0.405049420861357
      1185               3388.4   -0.405584314915993
      1186               3388.5   -0.406326544120796
      1187               3388.6   -0.407121442825333
      1188               3388.7    -0.40776716498742
      1189               3388.8    -0.40815811858671
      1190               3388.9    -0.40834248891823
      1191                 3389      -0.408448288448
      1192               3389.1   -0.408565085462472
      1193               3389.2   -0.408681686119208
      1194               3389.3   -0.408698339788577
      1195               3389.4   -0.408483699519658
      1196               3389.5   -0.407954060207457
      1197               3389.6   -0.407144783734091
      1198               3389.7   -0.406223798626271
      1199               3389.8   -0.405429650346118
      1200               3389.9   -0.404979195141568
      1201                 3390   -0.404993884943604
      1202               3390.1   -0.405449651318062
      1203               3390.2   -0.406158057327017
      1204               3390.3   -0.406824327545882
      1205               3390.4    -0.40719089380256
      1206               3390.5   -0.407175505395468
      1207               3390.6   -0.406897479969591
      1208               3390.7   -0.406585389176783
      1209               3390.8   -0.406441805695775
      1210               3390.9   -0.406540132925384
      1211                 3391   -0.406802325448685
      1212               3391.1   -0.407067649496293
      1213               3391.2   -0.407191758211607
      1214               3391.3   -0.407091142636049
      1215               3391.4   -0.406732011397247
      1216               3391.5   -0.406134545203633
      1217               3391.6   -0.405403422505024
      1218               3391.7     -0.4047139591702
      1219               3391.8   -0.404233687847716
      1220               3391.9    -0.40405586649852
      1221                 3392   -0.404193217559635
      1222               3392.1   -0.404582654017767
      1223               3392.2   -0.405062498336851
      1224               3392.3   -0.405380022699766
      1225               3392.4   -0.405289112165371
      1226               3392.5   -0.404684542847071
      1227               3392.6   -0.403659719310819
      1228               3392.7   -0.402447705338528
      1229               3392.8   -0.401298486929684
      1230               3392.9    -0.40036139043259
      1231                 3393   -0.399624516127574
      1232               3393.1   -0.398956800015802
      1233               3393.2   -0.398248595313425
      1234               3393.3   -0.397546430057466
      1235               3393.4   -0.397054022611956
      1236               3393.5   -0.396992983664829
      1237               3393.6   -0.397448784797358
      1238               3393.7   -0.398320179093086
      1239               3393.8   -0.399382431256886
      1240               3393.9   -0.400399013361598
      1241                 3394   -0.401214817633142
      1242               3394.1   -0.401794235031772
      1243               3394.2   -0.402198223422912
      1244               3394.3   -0.402520917280503
      1245               3394.4   -0.402822984559394
      1246               3394.5   -0.403097039287086
      1247               3394.6   -0.403280265863719
      1248               3394.7   -0.403303300357996
      1249               3394.8    -0.40314262987379
      1250               3394.9   -0.402834077743592
      1251                 3395    -0.40243149064354
      1252               3395.1   -0.401960260561567
      1253               3395.2   -0.401440927905208
      1254               3395.3   -0.400974028373916
      1255               3395.4   -0.400773921139952
      1256               3395.5   -0.401070343028743
      1257               3395.6   -0.401939122523597
      1258               3395.7   -0.403205958496287
      1259               3395.8   -0.404510477336165
      1260               3395.9    -0.40549632847258
      1261                 3396   -0.406003123738457
      1262               3396.1   -0.406131898243941
      1263               3396.2   -0.406149735253378
      1264               3396.3   -0.406320950247387
      1265               3396.4   -0.406779768654771
      1266               3396.5   -0.407475830820326
      1267               3396.6   -0.408164716182729
      1268               3396.7   -0.408465997858119
      1269               3396.8    -0.40804665097531
      1270               3396.9   -0.406868974622143
      1271                 3397   -0.405294090863163
      1272               3397.1    -0.40390271777064
      1273               3397.2   -0.403156976511767
      1274               3397.3   -0.403172198300589
      1275               3397.4   -0.403736984706254
      1276               3397.5    -0.40449851671864
      1277               3397.6   -0.405150743872939
      1278               3397.7   -0.405528626238176
      1279               3397.8   -0.405596970845399
      1280               3397.9   -0.405373980119395
      1281                 3398   -0.404860982993478
      1282               3398.1   -0.404047409280636
      1283               3398.2    -0.40299602725527
      1284               3398.3     -0.4019227741377
      1285               3398.4   -0.401160952102665
      1286               3398.5    -0.40098794339322
      1287               3398.6    -0.40142288146679
      1288               3398.7   -0.402152566742732
      1289               3398.8   -0.402665727257117
      1290               3398.9   -0.402538768462794
      1291                 3399   -0.401708827877205
      1292               3399.1   -0.400544345680474
      1293               3399.2    -0.39961740566292
      1294               3399.3   -0.399292825050575
      1295               3399.4   -0.399436598638422
      1296               3399.5   -0.399499165989881
      1297               3399.6   -0.398929590007784
      1298               3399.7   -0.397594573180972
      1299               3399.8   -0.395882328975077
      1300               3399.9   -0.394441379825261
      1301                 3400    -0.39378123398638
      1302               3400.1    -0.39402591577249
      1303               3400.2   -0.394942591870794
      1304               3400.3   -0.396137353860734
      1305               3400.4   -0.397235453325345
      1306               3400.5   -0.397980436056378
      1307               3400.6   -0.398300556639759
      1308               3400.7   -0.398349077086635
      1309               3400.8   -0.398442905953545
      1310               3400.9   -0.398881117059323
      1311                 3401   -0.399762919062941
      1312               3401.1   -0.400949000858894
      1313               3401.2    -0.40218836409674
      1314               3401.3   -0.403301750780033
      1315               3401.4   -0.404275530156589
      1316               3401.5   -0.405187214849551
      1317               3401.6    -0.40602774658716
      1318               3401.7   -0.406611173336969
      1319               3401.8   -0.406712883807941
      1320               3401.9   -0.406331621651784
      1321                 3402   -0.405780902709379
      1322               3402.1   -0.405458637203624
      1323               3402.2   -0.405509799573554
      1324               3402.3   -0.405741835516322
      1325               3402.4   -0.405867733530331
      1326               3402.5   -0.405783795140561
      1327               3402.6   -0.405593637623895
      1328               3402.7   -0.405420253202209
      1329               3402.8   -0.405259767264931
      1330               3402.9   -0.405012847789889
      1331                 3403   -0.404613932096352
      1332               3403.1   -0.404120605639303
      1333               3403.2   -0.403699910024835
      1334               3403.3   -0.403524527307481
      1335               3403.4   -0.403642645734656
      1336               3403.5   -0.403918230233134
      1337               3403.6   -0.404110549361448
      1338               3403.7   -0.404057568497352
      1339               3403.8   -0.403822040283684
      1340               3403.9     -0.4036567240304
      1341                 3404   -0.403782758805104
      1342               3404.1   -0.404158900112259
      1343               3404.2    -0.40446324315716
      1344               3404.3    -0.40432459627739
      1345               3404.4   -0.403598761419562
      1346               3404.5   -0.402457130045613
      1347               3404.6   -0.401257190163311
      1348               3404.7   -0.400335570386806
      1349               3404.8   -0.399853364316316
      1350               3404.9   -0.399756639773064
      1351                 3405   -0.399887722679178
      1352               3405.1    -0.40019848736098
      1353               3405.2   -0.400874848473635
      1354               3405.3   -0.402198698288138
      1355               3405.4    -0.40422869740083
      1356               3405.5   -0.406607820304845
      1357               3405.6   -0.408718220069061
      1358               3405.7   -0.410069711324817
      1359               3405.8   -0.410575104635251
      1360               3405.9   -0.410486344587664
      1361                 3406   -0.410114865677592
      1362               3406.1   -0.409645649637819
      1363               3406.2   -0.409174761251163
      1364               3406.3   -0.408811642420354
      1365               3406.4   -0.408664444457347
      1366               3406.5   -0.408747692703731
      1367               3406.6   -0.408969560794818
      1368               3406.7   -0.409224626202525
      1369               3406.8    -0.40946547494251
      1370               3406.9   -0.409673112405847
      1371                 3407   -0.409795244397571
      1372               3407.1   -0.409747820182948
      1373               3407.2   -0.409464333338637
      1374               3407.3   -0.408916325141487
      1375               3407.4   -0.408103849729806
      1376               3407.5   -0.407085604747302
      1377               3407.6   -0.406049103821192
      1378               3407.7   -0.405308539103615
      1379               3407.8   -0.405153880618582
      1380               3407.9   -0.405644977607393
      1381                 3408   -0.406530138017264
      1382               3408.1   -0.407358200198619
      1383               3408.2    -0.40769255891599
      1384               3408.3   -0.407301000574992
      1385               3408.4   -0.406254741177351
      1386               3408.5   -0.404898524503269
      1387               3408.6    -0.40367157911133
      1388               3408.7   -0.402862451137137
      1389               3408.8   -0.402484984594752
      1390               3408.9   -0.402373861041286
      1391                 3409   -0.402367223975915
      1392               3409.1   -0.402374117822972
      1393               3409.2   -0.402316583304648
      1394               3409.3   -0.402105295069852
      1395               3409.4   -0.401717257033144
      1396               3409.5   -0.401260079904777
      1397               3409.6   -0.400909575578142
      1398               3409.7   -0.400772993016883
      1399               3409.8   -0.400823184844543
      1400               3409.9   -0.400966239308759
      1401                 3410   -0.401158117945272
      1402               3410.1   -0.401435150119231
      1403               3410.2   -0.401824172966589
      1404               3410.3   -0.402245810118897
      1405               3410.4   -0.402542662605202
      1406               3410.5   -0.402614687434963
      1407               3410.6   -0.402506922391275
      1408               3410.7   -0.402351330544083
      1409               3410.8   -0.402243417139672
      1410               3410.9    -0.40219860707707
      1411                 3411   -0.402212575450434
      1412               3411.1   -0.402326404013293
      1413               3411.2   -0.402622457763646
      1414               3411.3   -0.403172123306802
      1415               3411.4   -0.403985540602032
      1416               3411.5   -0.404981910978203
      1417               3411.6   -0.405984371340341
      1418               3411.7   -0.406755910948947
      1419               3411.8   -0.407088826842269
      1420               3411.9   -0.406917341900756
      1421                 3412   -0.406372884987169
      1422               3412.1   -0.405716561528078
      1423               3412.2   -0.405186203386658
      1424               3412.3    -0.40488172554932
      1425               3412.4   -0.404767897541929
      1426               3412.5   -0.404753178999789
      1427               3412.6   -0.404757918061311
      1428               3412.7   -0.404737631295388
      1429               3412.8   -0.404674916154664
      1430               3412.9    -0.40455826285753
      1431                 3413   -0.404373017606416
      1432               3413.1   -0.404130890796059
      1433               3413.2   -0.403911572175779
      1434               3413.3   -0.403836348670165
      1435               3413.4    -0.40395096015518
      1436               3413.5   -0.404128076714485
      1437               3413.6   -0.404124407616277
      1438               3413.7   -0.403773191747356
      1439               3413.8   -0.403134813031548
      1440               3413.9   -0.402463851045016
      1441                 3414   -0.402034747548598
      1442               3414.1   -0.401982672117085
      1443               3414.2    -0.40226068737312
      1444               3414.3   -0.402698976573929
      1445               3414.4   -0.403102491102701
      1446               3414.5   -0.403333395072447
      1447               3414.6   -0.403343808090986
      1448               3414.7   -0.403157289256687
      1449               3414.8   -0.402839943218735
      1450               3414.9   -0.402497574656126
      1451                 3415   -0.402278199276218
      1452               3415.1   -0.402335022476647
      1453               3415.2   -0.402756356709465
      1454               3415.3   -0.403520044097655
      1455               3415.4   -0.404507497804778
      1456               3415.5   -0.405551641992912
      1457               3415.6   -0.406471695185863
      1458               3415.7    -0.40708400505108
      1459               3415.8   -0.407223275381901
      1460               3415.9   -0.406803065860771
      1461                 3416   -0.405884766976317
      1462               3416.1   -0.404684812591725
      1463               3416.2   -0.403495822836299
      1464               3416.3   -0.402578878902862
      1465               3416.4   -0.402095470412803
      1466               3416.5   -0.402085150923718
      1467               3416.6   -0.402458858283315
      1468               3416.7    -0.40301254170872
      1469               3416.8    -0.40349666341742
      1470               3416.9   -0.403734543823742
      1471                 3417   -0.403712346078266
      1472               3417.1   -0.403564548427093
      1473               3417.2   -0.403462862878862
      1474               3417.3   -0.403492253067958
      1475               3417.4   -0.403595859287478
      1476               3417.5   -0.403618459609764
      1477               3417.6   -0.403423553929576
      1478               3417.7   -0.403010331080242
      1479               3417.8   -0.402540860513813
      1480               3417.9   -0.402254494223015
      1481                 3418    -0.40234842625401
      1482               3418.1   -0.402912186548955
      1483               3418.2   -0.403914072961213
      1484               3418.3   -0.405193973680836
      1485               3418.4   -0.406472582608034
      1486               3418.5   -0.407418510897204
      1487               3418.6   -0.407752273819101
      1488               3418.7   -0.407314368956099
      1489               3418.8   -0.406070676582602
      1490               3418.9   -0.404097706032431
      1491                 3419    -0.40158713095265
      1492               3419.1   -0.398862083020079
      1493               3419.2   -0.396373840281321
      1494               3419.3   -0.394639873503333
      1495               3419.4   -0.394085096875552
      1496               3419.5   -0.394824357461438
      1497               3419.6   -0.396558559149737
      1498               3419.7   -0.398727038184572
      1499               3419.8   -0.400801679374237
      1500               3419.9   -0.402476085753791
