     index            Field [G]         Intensity []

         1                 3270   -0.385912816970416
         2               3270.1   -0.386594668578044
         3               3270.2   -0.387293309419843
         4               3270.3   -0.388009363634733
         5               3270.4    -0.38878637821129
         6               3270.5   -0.389702737460024
         7               3270.6   -0.390802548758572
         8               3270.7   -0.392002716824548
         9               3270.8   -0.393063372365133
        10               3270.9   -0.393663324748242
        11                 3271   -0.393543611447522
        12               3271.1   -0.392652065200827
        13               3271.2   -0.391217789789434
        14               3271.3   -0.389685037039678
        15               3271.4   -0.388499680040769
        16               3271.5   -0.387872878704111
        17               3271.6   -0.387700878119181
        18               3271.7   -0.387690021628951
        19               3271.8   -0.387549564931931
        20               3271.9   -0.387090649212944
        21                 3272   -0.386223315998094
        22               3272.1   -0.384964953214116
        23               3272.2   -0.383506484262711
        24               3272.3   -0.382230914059331
        25               3272.4   -0.381569332020745
        26               3272.5   -0.381754268718006
        27               3272.6   -0.382679795522121
        28               3272.7   -0.384004465128222
        29               3272.8   -0.385400131265957
        30               3272.9   -0.386712262099553
        31                 3273   -0.387910212847135
        32               3273.1   -0.388938367423117
        33               3273.2   -0.389663236393323
        34               3273.3   -0.389967519261389
        35               3273.4   -0.389865861619184
        36               3273.5   -0.389511755524365
        37               3273.6   -0.389098158667223
        38               3273.7   -0.388753959583827
        39               3273.8   -0.388521360872159
        40               3273.9   -0.388411791401657
        41                 3274   -0.388461579268925
        42               3274.1   -0.388711543676901
        43               3274.2   -0.389127469393056
        44               3274.3   -0.389559336860028
        45               3274.4   -0.389793103269279
        46               3274.5   -0.389638514707229
        47               3274.6   -0.388981197340089
        48               3274.7   -0.387811515641058
        49               3274.8   -0.386271747338003
        50               3274.9   -0.384687467367818
        51                 3275   -0.383496300630192
        52               3275.1   -0.383053306232974
        53               3275.2   -0.383417255637307
        54               3275.3   -0.384283023669832
        55               3275.4   -0.385149591544524
        56               3275.5    -0.38563028066645
        57               3275.6   -0.385671401540104
        58               3275.7   -0.385511340537137
        59               3275.8   -0.385449344968483
        60               3275.9    -0.38564945308677
        61                 3276    -0.38611062658334
        62               3276.1   -0.386732825508759
        63               3276.2   -0.387358871793444
        64               3276.3   -0.387792795907977
        65               3276.4   -0.387871110481819
        66               3276.5    -0.38757806939294
        67               3276.6   -0.387093606425399
        68               3276.7   -0.386711781650779
        69               3276.8   -0.386701643840461
        70               3276.9   -0.387213792105498
        71                 3277   -0.388250776390561
        72               3277.1   -0.389669855725394
        73               3277.2   -0.391216120486386
        74               3277.3   -0.392588522517149
        75               3277.4   -0.393506864057489
        76               3277.5   -0.393770009399794
        77               3277.6   -0.393343788840307
        78               3277.7   -0.392456317200521
        79               3277.8   -0.391562927095971
        80               3277.9   -0.391099766932714
        81                 3278   -0.391188273658709
        82               3278.1   -0.391574837910371
        83               3278.2   -0.391880334204499
        84               3278.3   -0.391914669554072
        85               3278.4   -0.391765276888892
        86               3278.5   -0.391632193440524
        87               3278.6   -0.391620226222576
        88               3278.7   -0.391667376791982
        89               3278.8   -0.391611724835337
        90               3278.9   -0.391311248662869
        91                 3279   -0.390751116840179
        92               3279.1   -0.390083988184721
        93               3279.2   -0.389555676848181
        94               3279.3   -0.389352163587951
        95               3279.4   -0.389496616622858
        96               3279.5   -0.389878122700399
        97               3279.6   -0.390350788094836
        98               3279.7   -0.390800116411774
        99               3279.8   -0.391165189436064
       100               3279.9    -0.39145738461534
       101                 3280   -0.391756587803424
       102               3280.1    -0.39213040840127
       103               3280.2    -0.39250495871171
       104               3280.3   -0.392611168254911
       105               3280.4   -0.392098574092254
       106               3280.5   -0.390764353982412
       107               3280.6   -0.388727311184229
       108               3280.7   -0.386401769057086
       109               3280.8   -0.384285663734995
       110               3280.9   -0.382727685117065
       111                 3281   -0.381834715071977
       112               3281.1   -0.381538178629717
       113               3281.2   -0.381709838736594
       114               3281.3   -0.382215525160958
       115               3281.4   -0.382895446691164
       116               3281.5   -0.383554740142994
       117               3281.6   -0.384033833283722
       118               3281.7   -0.384307370844271
       119               3281.8   -0.384484835153839
       120               3281.9   -0.384683741359234
       121                 3282   -0.384907413123979
       122               3282.1   -0.385059209112089
       123               3282.2   -0.385056664632655
       124               3282.3   -0.384900991028627
       125               3282.4   -0.384642110590887
       126               3282.5   -0.384322387207467
       127               3282.6   -0.383994231081086
       128               3282.7    -0.38379047067178
       129               3282.8   -0.383937590567987
       130               3282.9     -0.3846448695675
       131                 3283   -0.385932783996541
       132               3283.1   -0.387553697976565
       133               3283.2   -0.389108239142113
       134               3283.3   -0.390290649980754
       135               3283.4   -0.391058502419893
       136               3283.5   -0.391576459159314
       137               3283.6   -0.391997338325395
       138               3283.7   -0.392287691645662
       139               3283.8    -0.39223192698172
       140               3283.9   -0.391580191679687
       141                 3284   -0.390229822026904
       142               3284.1   -0.388343290367839
       143               3284.2   -0.386317929826808
       144               3284.3   -0.384582333361987
       145               3284.4   -0.383353666011685
       146               3284.5   -0.382579561694424
       147               3284.6    -0.38212260000799
       148               3284.7   -0.381980758944828
       149               3284.8   -0.382309840322316
       150               3284.9   -0.383249387912955
       151                 3285   -0.384741031677104
       152               3285.1   -0.386486077153806
       153               3285.2    -0.38805476614302
       154               3285.3   -0.389080764673051
       155               3285.4   -0.389429143097953
       156               3285.5   -0.389217944919416
       157               3285.6   -0.388685609276907
       158               3285.7   -0.388053608506158
       159               3285.8   -0.387517565227829
       160               3285.9   -0.387307740913139
       161                 3286   -0.387658075743072
       162               3286.1   -0.388652750718391
       163               3286.2   -0.390099457898658
       164               3286.3   -0.391583849712725
       165               3286.4   -0.392692499952339
       166               3286.5   -0.393229968320722
       167               3286.6   -0.393259407328975
       168               3286.7   -0.392964755569464
       169               3286.8   -0.392489283679032
       170               3286.9   -0.391886265673646
       171                 3287   -0.391178015002045
       172               3287.1   -0.390436276197781
       173               3287.2    -0.38981519062229
       174               3287.3   -0.389508838834484
       175               3287.4   -0.389646343569415
       176               3287.5   -0.390196053562451
       177               3287.6   -0.390967284690384
       178               3287.7   -0.391719052408271
       179               3287.8   -0.392287724860257
       180               3287.9   -0.392640018040135
       181                 3288   -0.392829622940648
       182               3288.1   -0.392899484476889
       183               3288.2    -0.39280222950779
       184               3288.3   -0.392413164425095
       185               3288.4   -0.391650221965142
       186               3288.5   -0.390606392151888
       187               3288.6   -0.389561103311636
       188               3288.7    -0.38883850653751
       189               3288.8    -0.38861928447887
       190               3288.9   -0.388844531780224
       191                 3289   -0.389266146735853
       192               3289.1   -0.389592186081337
       193               3289.2   -0.389627340421192
       194               3289.3    -0.38933964436611
       195               3289.4    -0.38885440878083
       196               3289.5   -0.388408906586956
       197               3289.6   -0.388273405560406
       198               3289.7    -0.38862600122897
       199               3289.8   -0.389419240845554
       200               3289.9   -0.390339750829126
       201                 3290   -0.390935772245911
       202               3290.1   -0.390867975295294
       203               3290.2    -0.39013295817593
       204               3290.3   -0.389109631843523
       205               3290.4   -0.388383180867004
       206               3290.5   -0.388441828487725
       207               3290.6   -0.389430783532859
       208               3290.7   -0.391104120190912
       209               3290.8   -0.392955191089001
       210               3290.9   -0.394396896771443
       211                 3291   -0.394927327245835
       212               3291.1   -0.394312226747619
       213               3291.2   -0.392740591179516
       214               3291.3   -0.390777471169063
       215               3291.4   -0.389041054151594
       216               3291.5   -0.387830736652318
       217               3291.6   -0.387040002312872
       218               3291.7   -0.386419530960369
       219               3291.8   -0.385909472483283
       220               3291.9   -0.385718105250615
       221                 3292   -0.386099207783393
       222               3292.1   -0.387063535346669
       223               3292.2   -0.388290882149851
       224               3292.3   -0.389303414558782
       225               3292.4   -0.389738474712585
       226               3292.5   -0.389514766579812
       227               3292.6   -0.388814252092637
       228               3292.7   -0.387944069607912
       229               3292.8   -0.387185904949663
       230               3292.9   -0.386706306709365
       231                 3293   -0.386548604444711
       232               3293.1   -0.386677886102441
       233               3293.2   -0.387028683396477
       234               3293.3   -0.387531234508059
       235               3293.4   -0.388126804676952
       236               3293.5   -0.388771239167342
       237               3293.6   -0.389403571577258
       238               3293.7   -0.389898304240138
       239               3293.8    -0.39008419027677
       240               3293.9   -0.389868104731794
       241                 3294   -0.389360327409934
       242               3294.1   -0.388854002283667
       243               3294.2   -0.388659995192121
       244               3294.3   -0.388952362547336
       245               3294.4   -0.389739220829153
       246               3294.5   -0.390921956514321
       247               3294.6   -0.392353136185473
       248               3294.7   -0.393866978700152
       249               3294.8   -0.395300463696527
       250               3294.9   -0.396513993321867
       251                 3295   -0.397418411584429
       252               3295.1   -0.398008260034231
       253               3295.2   -0.398359105583487
       254               3295.3   -0.398547743120709
       255               3295.4   -0.398551607901359
       256               3295.5   -0.398250034333919
       257               3295.6   -0.397554821428808
       258               3295.7   -0.396542258695343
       259               3295.8   -0.395442885445124
       260               3295.9   -0.394487743095966
       261                 3296   -0.393751788608266
       262               3296.1   -0.393140033678949
       263               3296.2   -0.392526224575233
       264               3296.3   -0.391902489616097
       265               3296.4   -0.391392224123502
       266               3296.5   -0.391131813485503
       267               3296.6   -0.391157827084174
       268               3296.7   -0.391398953411398
       269               3296.8   -0.391745523823435
       270               3296.9   -0.392113055130258
       271                 3297   -0.392452645575105
       272               3297.1    -0.39271521931324
       273               3297.2   -0.392812136435377
       274               3297.3   -0.392624910091491
       275               3297.4   -0.392076084625034
       276               3297.5    -0.39119748487154
       277               3297.6   -0.390115180165525
       278               3297.7   -0.388962544487113
       279               3297.8   -0.387826703044893
       280               3297.9   -0.386788047679607
       281                 3298   -0.385974168085793
       282               3298.1   -0.385519580342645
       283               3298.2   -0.385462516802863
       284               3298.3   -0.385723892345285
       285               3298.4   -0.386222633555075
       286               3298.5   -0.386997047239727
       287               3298.6   -0.388175606555216
       288               3298.7   -0.389810077488718
       289               3298.8   -0.391734094087083
       290               3298.9   -0.393578312155134
       291                 3299   -0.394931113041463
       292               3299.1   -0.395534212889311
       293               3299.2    -0.39539377522056
       294               3299.3   -0.394743674456033
       295               3299.4   -0.393894148579187
       296               3299.5   -0.393080381641668
       297               3299.6   -0.392411664620401
       298               3299.7   -0.391921128004264
       299               3299.8   -0.391635053446701
       300               3299.9   -0.391586104730949
       301                 3300   -0.391756772527129
       302               3300.1   -0.392006000805849
       303               3300.2   -0.392062623406106
       304               3300.3   -0.391627639395114
       305               3300.4    -0.39053387799336
       306               3300.5    -0.38885556735749
       307               3300.6   -0.386895555390599
       308               3300.7   -0.385062305055806
       309               3300.8   -0.383713184105974
       310               3300.9   -0.383049263261668
       311                 3301   -0.383096138962284
       312               3301.1   -0.383737143387309
       313               3301.2   -0.384751841346398
       314               3301.3   -0.385859632891678
       315               3301.4   -0.386792388815822
       316               3301.5   -0.387381363134489
       317               3301.6   -0.387608848271341
       318               3301.7   -0.387595171979178
       319               3301.8   -0.387527878185401
       320               3301.9    -0.38755834513992
       321                 3302   -0.387712475107673
       322               3302.1   -0.387879314291904
       323               3302.2   -0.387900910379392
       324               3302.3   -0.387694084005138
       325               3302.4   -0.387291777176245
       326               3302.5   -0.386771588016037
       327               3302.6   -0.386166708605271
       328               3302.7   -0.385474316596339
       329               3302.8   -0.384751842157297
       330               3302.9   -0.384172255896268
       331                 3303   -0.383949370724626
       332               3303.1   -0.384197497544208
       333               3303.2    -0.38486657380517
       334               3303.3   -0.385801073672665
       335               3303.4    -0.38682595124022
       336               3303.5   -0.387748535726704
       337               3303.6   -0.388307452299449
       338               3303.7   -0.388216717352549
       339               3303.8   -0.387362216459399
       340               3303.9   -0.385987113571536
       341                 3304   -0.384643882925268
       342               3304.1   -0.383907306526474
       343               3304.2   -0.384077286473155
       344               3304.3   -0.385075038161256
       345               3304.4   -0.386532129099465
       346               3304.5   -0.387957368157535
       347               3304.6   -0.388908104688198
       348               3304.7   -0.389146206901733
       349               3304.8   -0.388736204452427
       350               3304.9   -0.388009623039145
       351                 3305   -0.387372182414069
       352               3305.1   -0.387057495257315
       353               3305.2   -0.387003899014851
       354               3305.3   -0.386948447038611
       355               3305.4   -0.386655334808816
       356               3305.5   -0.386091971589322
       357               3305.6   -0.385425358151553
       358               3305.7   -0.384870303461629
       359               3305.8   -0.384539963955872
       360               3305.9   -0.384432663187118
       361                 3306    -0.38454955026893
       362               3306.1   -0.384993619966326
       363               3306.2   -0.385902473677831
       364               3306.3   -0.387250569226642
       365               3306.4   -0.388742390933269
       366               3306.5   -0.389964669519547
       367               3306.6   -0.390688889502903
       368               3306.7   -0.391029154919199
       369               3306.8   -0.391298439576616
       370               3306.9   -0.391714725330865
       371                 3307   -0.392241436464721
       372               3307.1   -0.392682055203395
       373               3307.2   -0.392894809917401
       374               3307.3   -0.392912598668635
       375               3307.4   -0.392884073330751
       376               3307.5   -0.392924582054547
       377               3307.6   -0.393021688171931
       378               3307.7   -0.393063914619599
       379               3307.8   -0.392944206974104
       380               3307.9   -0.392638155284976
       381                 3308   -0.392207186222779
       382               3308.1   -0.391752611028825
       383               3308.2   -0.391357895730808
       384               3308.3   -0.391033279605067
       385               3308.4   -0.390694421001497
       386               3308.5   -0.390221146246273
       387               3308.6   -0.389568805559686
       388               3308.7   -0.388820641819985
       389               3308.8   -0.388122280064937
       390               3308.9   -0.387574310408069
       391                 3309     -0.3871819247751
       392               3309.1   -0.386864324623313
       393               3309.2   -0.386489243088409
       394               3309.3   -0.385949517752985
       395               3309.4   -0.385281096067468
       396               3309.5    -0.38471611472245
       397               3309.6   -0.384559935428511
       398               3309.7   -0.384948694451111
       399               3309.8   -0.385696429843498
       400               3309.9   -0.386388671110695
       401                 3310   -0.386661863977302
       402               3310.1     -0.3864351034851
       403               3310.2   -0.385904342641637
       404               3310.3   -0.385330628084901
       405               3310.4   -0.384827521633877
       406               3310.5   -0.384316825963881
       407               3310.6   -0.383653126592437
       408               3310.7   -0.382795266184577
       409               3310.8   -0.381895438434419
       410               3310.9   -0.381243208316526
       411                 3311   -0.381093646775218
       412               3311.1   -0.381486170759579
       413               3311.2   -0.382177775803492
       414               3311.3   -0.382750920053513
       415               3311.4   -0.382844376752188
       416               3311.5   -0.382362837659978
       417               3311.6   -0.381519279129186
       418               3311.7   -0.380677687567271
       419               3311.8   -0.380115602053387
       420               3311.9   -0.379878546527098
       421                 3312   -0.379806026756079
       422               3312.1   -0.379676975742166
       423               3312.2   -0.379362514624325
       424               3312.3   -0.378883030819732
       425               3312.4   -0.378317655119906
       426               3312.5   -0.377627647395544
       427               3312.6   -0.376575524418633
       428               3312.7   -0.374880168861429
       429               3312.8   -0.372508588923733
       430               3312.9   -0.369816149472005
       431                 3313   -0.367364058718166
       432               3313.1   -0.365568751003442
       433               3313.2   -0.364505521493732
       434               3313.3   -0.364000164409375
       435               3313.4   -0.363823255796573
       436               3313.5   -0.363744821518836
       437               3313.6   -0.363469796071351
       438               3313.7   -0.362675803226934
       439               3313.8   -0.361212670922456
       440               3313.9   -0.359232467117239
       441                 3314   -0.357050711809166
       442               3314.1   -0.354881567923662
       443               3314.2   -0.352756432360133
       444               3314.3   -0.350677357086816
       445               3314.4   -0.348738726068298
       446               3314.5   -0.347022820716359
       447               3314.6     -0.3454214790923
       448               3314.7   -0.343660002072974
       449               3314.8   -0.341540725033921
       450               3314.9   -0.339144376408606
       451                 3315   -0.336771952646505
       452               3315.1   -0.334687096274905
       453               3315.2   -0.332901593646244
       454               3315.3   -0.331174030416653
       455               3315.4   -0.329184432772209
       456               3315.5   -0.326724485253824
       457               3315.6   -0.323784906341428
       458               3315.7   -0.320526508846562
       459               3315.8   -0.317178648721403
       460               3315.9   -0.313925023142507
       461                 3316   -0.310843357375748
       462               3316.1   -0.307930898008106
       463               3316.2   -0.305168891959225
       464               3316.3   -0.302543206206319
       465               3316.4   -0.300000163332199
       466               3316.5   -0.297401370136722
       467               3316.6   -0.294542220945082
       468               3316.7   -0.291223368787393
       469               3316.8   -0.287315717624386
       470               3316.9   -0.282790024720056
       471                 3317   -0.277728341676992
       472               3317.1   -0.272322701064996
       473               3317.2   -0.266833454405419
       474               3317.3   -0.261507541650539
       475               3317.4   -0.256516071425038
       476               3317.5   -0.251952576456159
       477               3317.6   -0.247849682007363
       478               3317.7   -0.244162861890832
       479               3317.8   -0.240761642615534
       480               3317.9    -0.23749712817712
       481                 3318   -0.234299960703342
       482               3318.1   -0.231181850390087
       483               3318.2   -0.228127932028942
       484               3318.3   -0.225026335666125
       485               3318.4   -0.221735759928883
       486               3318.5   -0.218201338700525
       487               3318.6   -0.214480064906262
       488               3318.7   -0.210685499144901
       489               3318.8   -0.206961608393528
       490               3318.9   -0.203509227807068
       491                 3319   -0.200576617655679
       492               3319.1   -0.198363148200761
       493               3319.2   -0.196916468183236
       494               3319.3   -0.196150087182361
       495               3319.4   -0.195991441932819
       496               3319.5   -0.196504815188936
       497               3319.6   -0.197828976280298
       498               3319.7   -0.199976858279273
       499               3319.8   -0.202728766057444
       500               3319.9    -0.20576129629747
       501                 3320   -0.208883819168751
       502               3320.1   -0.212139081222126
       503               3320.2   -0.215695440256856
       504               3320.3   -0.219680096287352
       505               3320.4   -0.224110202273049
       506               3320.5    -0.22891813141228
       507               3320.6   -0.233980047161623
       508               3320.7   -0.239123015789587
       509               3320.8   -0.244158680418094
       510               3320.9   -0.248960276844512
       511                 3321   -0.253530408940132
       512               3321.1   -0.258001764214498
       513               3321.2   -0.262574098289286
       514               3321.3     -0.2674466153805
       515               3321.4    -0.27278995217823
       516               3321.5   -0.278727678170185
       517               3321.6   -0.285267068313578
       518               3321.7   -0.292201109923993
       519               3321.8   -0.299098366581847
       520               3321.9   -0.305453766398758
       521                 3322   -0.310920531703049
       522               3322.1   -0.315460218986678
       523               3322.2   -0.319319343736155
       524               3322.3   -0.322874402986621
       525               3322.4   -0.326457991847372
       526               3322.5   -0.330256575347561
       527               3322.6    -0.33429979555389
       528               3322.7   -0.338499953459352
       529               3322.8   -0.342690944688979
       530               3322.9   -0.346659060219278
       531                 3323   -0.350196163605987
       532               3323.1   -0.353181874214055
       533               3323.2   -0.355644972511079
       534               3323.3   -0.357749741523828
       535               3323.4   -0.359716304412209
       536               3323.5   -0.361738367995719
       537               3323.6   -0.363945222827768
       538               3323.7   -0.366394323227862
       539               3323.8   -0.369052181468406
       540               3323.9   -0.371764564916957
       541                 3324   -0.374279982853428
       542               3324.1   -0.376369219041094
       543               3324.2   -0.377968684061468
       544               3324.3   -0.379212661594968
       545               3324.4    -0.38031968917586
       546               3324.5   -0.381444156419626
       547               3324.6   -0.382607334172821
       548               3324.7   -0.383709912620792
       549               3324.8   -0.384576677108273
       550               3324.9   -0.385021779558008
       551                 3325   -0.384930430089288
       552               3325.1   -0.384312522360052
       553               3325.2   -0.383293671765207
       554               3325.3   -0.382068053601712
       555               3325.4   -0.380846161200552
       556               3325.5   -0.379792873966776
       557               3325.6   -0.378960885324943
       558               3325.7    -0.37827132526845
       559               3325.8   -0.377578642805822
       560               3325.9   -0.376779904014962
       561                 3326    -0.37588537637147
       562               3326.1   -0.374995413894513
       563               3326.2   -0.374192949537239
       564               3326.3   -0.373433070870534
       565               3326.4   -0.372547845959158
       566               3326.5   -0.371407755625077
       567               3326.6   -0.370109610424143
       568               3326.7   -0.368983967631549
       569               3326.8   -0.368375648953985
       570               3326.9   -0.368394570540354
       571                 3327   -0.368860097129082
       572               3327.1   -0.369438793205964
       573               3327.2   -0.369801949216693
       574               3327.3     -0.3697072576619
       575               3327.4    -0.36906088076673
       576               3327.5    -0.36798956770447
       577               3327.6   -0.366825281347598
       578               3327.7   -0.365936907579035
       579               3327.8   -0.365526776057078
       580               3327.9   -0.365567263406201
       581                 3328   -0.365888042711951
       582               3328.1   -0.366272952770072
       583               3328.2   -0.366481743690212
       584               3328.3   -0.366257513934523
       585               3328.4   -0.365401990872105
       586               3328.5   -0.363892874705686
       587               3328.6   -0.361938826300247
       588               3328.7   -0.359907721061813
       589               3328.8   -0.358164805102155
       590               3328.9   -0.356918373905506
       591                 3329    -0.35615647763589
       592               3329.1   -0.355703543922601
       593               3329.2   -0.355362926254863
       594               3329.3   -0.355050665407813
       595               3329.4   -0.354815649074318
       596               3329.5   -0.354735816152624
       597               3329.6   -0.354802567323996
       598               3329.7    -0.35490167660616
       599               3329.8    -0.35487994708117
       600               3329.9   -0.354625577182024
       601                 3330   -0.354131688898697
       602               3330.1   -0.353527148500935
       603               3330.2   -0.353022706577954
       604               3330.3   -0.352766637240482
       605               3330.4   -0.352731951311913
       606               3330.5   -0.352768036176416
       607               3330.6    -0.35277490403328
       608               3330.7   -0.352813376361632
       609               3330.8   -0.353041552252952
       610               3330.9   -0.353562317799201
       611                 3331   -0.354344085997032
       612               3331.1   -0.355278143347943
       613               3331.2   -0.356297705819569
       614               3331.3   -0.357442927731304
       615               3331.4   -0.358824746703399
       616               3331.5   -0.360534978662308
       617               3331.6   -0.362585975647002
       618               3331.7   -0.364923376003888
       619               3331.8   -0.367487606520185
       620               3331.9   -0.370262778880431
       621                 3332   -0.373269149755601
       622               3332.1   -0.376507382798506
       623               3332.2   -0.379908773856143
       624               3332.3   -0.383349660323956
       625               3332.4   -0.386734601586529
       626               3332.5    -0.39007238198941
       627               3332.6   -0.393450690311607
       628               3332.7     -0.3969184200527
       629               3332.8   -0.400412593361991
       630               3332.9   -0.403837958109989
       631                 3333   -0.407216419343024
       632               3333.1   -0.410714716658914
       633               3333.2    -0.41450313301055
       634               3333.3    -0.41861145377917
       635               3333.4   -0.422935350036056
       636               3333.5   -0.427344520307032
       637               3333.6   -0.431755198974849
       638               3333.7    -0.43614038577252
       639               3333.8   -0.440538050069097
       640               3333.9   -0.445057594557742
       641                 3334   -0.449833506536197
       642               3334.1   -0.454949186115829
       643               3334.2   -0.460421394178311
       644               3334.3   -0.466255542422945
       645               3334.4   -0.472455303303989
       646               3334.5   -0.478901113765478
       647               3334.6   -0.485204285626806
       648               3334.7   -0.490759669813551
       649               3334.8   -0.495068699141157
       650               3334.9   -0.498106588101723
       651                 3335   -0.500397400317569
       652               3335.1    -0.50269806460997
       653               3335.2   -0.505543738210032
       654               3335.3   -0.509004226688823
       655               3335.4   -0.512771408715539
       656               3335.5   -0.516414892016432
       657               3335.6   -0.519575275672519
       658               3335.7   -0.522007394125398
       659               3335.8   -0.523551233495782
       660               3335.9   -0.524140029826089
       661                 3336    -0.52384863484704
       662               3336.1   -0.522882207206922
       663               3336.2   -0.521451888379604
       664               3336.3   -0.519636580688344
       665               3336.4   -0.517378728433045
       666               3336.5   -0.514616006296055
       667               3336.6   -0.511389136224891
       668               3336.7   -0.507802965689007
       669               3336.8    -0.50390353998046
       670               3336.9   -0.499624387521859
       671                 3337   -0.494849134316361
       672               3337.1   -0.489494981683404
       673               3337.2   -0.483521397045231
       674               3337.3   -0.476881848343282
       675               3337.4   -0.469509168664136
       676               3337.5   -0.461380683937273
       677               3337.6    -0.45260433183248
       678               3337.7   -0.443414475668516
       679               3337.8   -0.434035265008342
       680               3337.9   -0.424509816655169
       681                 3338   -0.414660316902726
       682               3338.1   -0.404246374610211
       683               3338.2   -0.393202380298344
       684               3338.3    -0.38174028950095
       685               3338.4   -0.370213151197626
       686               3338.5   -0.358859869012761
       687               3338.6   -0.347666415247453
       688               3338.7   -0.336455363541969
       689               3338.8   -0.325087744782814
       690               3338.9   -0.313573148233147
       691                 3339   -0.302006789187183
       692               3339.1   -0.290432382014754
       693               3339.2   -0.278786088512746
       694               3339.3   -0.266972718296745
       695               3339.4    -0.25497501938682
       696               3339.5   -0.242858011107845
       697               3339.6   -0.230654583714615
       698               3339.7   -0.218272623013386
       699               3339.8   -0.205553545244925
       700               3339.9   -0.192431407171887
       701                 3340   -0.179015887696171
       702               3340.1   -0.165514162805387
       703               3340.2   -0.152082934564043
       704               3340.3   -0.138738197887823
       705               3340.4   -0.125356103787622
       706               3340.5   -0.111740894590151
       707               3340.6  -0.0977432802841291
       708               3340.7  -0.0833823779108094
       709               3340.8  -0.0688665725026635
       710               3340.9  -0.0544519825832611
       711                 3341  -0.0402344835125674
       712               3341.1  -0.0260731005274283
       713               3341.2  -0.0117449622547079
       714               3341.3   0.0027965623248716
       715               3341.4   0.0173173865191851
       716               3341.5   0.0314723153717992
       717               3341.6   0.0450759182640507
       718               3341.7   0.0581772668908834
       719               3341.8    0.070861357299385
       720               3341.9   0.0830195244064196
       721                 3342   0.0943550955505401
       722               3342.1    0.104599018953708
       723               3342.2    0.113678591868018
       724               3342.3    0.121663785011026
       725               3342.4    0.128558538634043
       726               3342.5    0.134135423999989
       727               3342.6    0.137954139687822
       728               3342.7    0.139548231762144
       729               3342.8    0.138633836808744
       730               3342.9    0.135189112350618
       731                 3343    0.129369274609617
       732               3343.1    0.121332251226171
       733               3343.2     0.11107182305523
       734               3343.3   0.0983459106975741
       735               3343.4   0.0827763496191339
       736               3343.5   0.0641030581323995
       737               3343.6   0.0424173957605753
       738               3343.7   0.0181718551682566
       739               3343.8 -0.00804217056076252
       740               3343.9  -0.0357410233510803
       741                 3344  -0.0646210275798599
       742               3344.1  -0.0944607084635615
       743               3344.2   -0.125011264100161
       744               3344.3   -0.155991601188503
       745               3344.4   -0.187155465101785
       746               3344.5   -0.218324460730128
       747               3344.6   -0.249348582695513
       748               3344.7   -0.280058750600509
       749               3344.8   -0.310272190068059
       750               3344.9    -0.33981306369047
       751                 3345    -0.36847715778163
       752               3345.1   -0.395971232783491
       753               3345.2   -0.421940383163193
       754               3345.3   -0.446103639302249
       755               3345.4   -0.468361995989942
       756               3345.5   -0.488763626875037
       757               3345.6   -0.507396747352364
       758               3345.7   -0.524363750110905
       759               3345.8   -0.539850018467126
       760               3345.9   -0.554145468232183
       761                 3346    -0.56752808166404
       762               3346.1    -0.58010021556858
       763               3346.2   -0.591744100357953
       764               3346.3   -0.602254511455188
       765               3346.4   -0.611540417765968
       766               3346.5   -0.619717619077299
       767               3346.6   -0.627005162910371
       768               3346.7   -0.633528129099124
       769               3346.8   -0.639235607473927
       770               3346.9   -0.644022042868134
       771                 3347   -0.647907104507582
       772               3347.1   -0.651066591495005
       773               3347.2   -0.653692887266497
       774               3347.3   -0.655854628278178
       775               3347.4   -0.657494271114899
       776               3347.5   -0.658530144790155
       777               3347.6   -0.658945289008276
       778               3347.7   -0.658805954014633
       779               3347.8   -0.658230158739751
       780               3347.9   -0.657338134529181
       781                 3348   -0.656206050571934
       782               3348.1   -0.654848988423228
       783               3348.2   -0.653242462973148
       784               3348.3   -0.651349699244916
       785               3348.4   -0.649121120721638
       786               3348.5   -0.646484754425313
       787               3348.6   -0.643365969708546
       788               3348.7   -0.639729018666218
       789               3348.8   -0.635603261757501
       790               3348.9   -0.631086951856831
       791                 3349   -0.626341264237041
       792               3349.1   -0.621562970559271
       793               3349.2   -0.616926054545764
       794               3349.3   -0.612531145934108
       795               3349.4   -0.608404522239878
       796               3349.5   -0.604515473622882
       797               3349.6   -0.600750450407402
       798               3349.7   -0.596869787738938
       799               3349.8   -0.592557038485357
       800               3349.9   -0.587599048641329
       801                 3350   -0.582065505657415
       802               3350.1   -0.576307534357827
       803               3350.2   -0.570753028634876
       804               3350.3   -0.565670210780757
       805               3350.4   -0.561081616558554
       806               3350.5    -0.55684501227821
       807               3350.6   -0.552783862326415
       808               3350.7   -0.548777355550712
       809               3350.8   -0.544810016627452
       810               3350.9   -0.540985151414597
       811                 3351   -0.537457041637764
       812               3351.1   -0.534279887411821
       813               3351.2   -0.531301612914261
       814               3351.3   -0.528250486812051
       815               3351.4   -0.524975739344806
       816               3351.5   -0.521613223388094
       817               3351.6    -0.51851129858125
       818               3351.7   -0.516009220606804
       819               3351.8   -0.514289492249043
       820               3351.9    -0.51338304550139
       821                 3352   -0.513214113825597
       822               3352.1   -0.513588134509554
       823               3352.2   -0.514183047584242
       824               3352.3    -0.51464093229954
       825               3352.4   -0.514722434843212
       826               3352.5   -0.514393201987112
       827               3352.6   -0.513787058047254
       828               3352.7   -0.513104239056766
       829               3352.8   -0.512510306237182
       830               3352.9   -0.512057473265008
       831                 3353   -0.511657362204964
       832               3353.1   -0.511145821760232
       833               3353.2   -0.510410909873087
       834               3353.3   -0.509472235637636
       835               3353.4   -0.508438105239955
       836               3353.5   -0.507399643240133
       837               3353.6   -0.506375750320579
       838               3353.7   -0.505334066712147
       839               3353.8   -0.504222255148028
       840               3353.9   -0.502978368076588
       841                 3354   -0.501563065403963
       842               3354.1   -0.500021807050713
       843               3354.2   -0.498493491016489
       844               3354.3   -0.497109207710017
       845               3354.4   -0.495865953316357
       846               3354.5   -0.494612656160018
       847               3354.6   -0.493164671269157
       848               3354.7   -0.491432908767359
       849               3354.8   -0.489474464240903
       850               3354.9   -0.487474517013173
       851                 3355   -0.485696286096344
       852               3355.1    -0.48438639141888
       853               3355.2   -0.483628770622143
       854               3355.3   -0.483231350072902
       855               3355.4   -0.482766684612336
       856               3355.5   -0.481775685998387
       857               3355.6   -0.479997731148158
       858               3355.7   -0.477484132704037
       859               3355.8   -0.474572665109435
       860               3355.9   -0.471785397149842
       861                 3356   -0.469684106983386
       862               3356.1   -0.468670112954416
       863               3356.2   -0.468760351411912
       864               3356.3   -0.469480130460351
       865               3356.4   -0.470028871256978
       866               3356.5   -0.469698208969523
       867               3356.6   -0.468277592958268
       868               3356.7   -0.466135036631178
       869               3356.8   -0.463907461391494
       870               3356.9   -0.462058244448527
       871                 3357   -0.460646795911528
       872               3357.1   -0.459434443371685
       873               3357.2   -0.458158531988761
       874               3357.3   -0.456723595857726
       875               3357.4   -0.455212992735056
       876               3357.5   -0.453798273737601
       877               3357.6   -0.452645216308712
       878               3357.7   -0.451842860327402
       879               3357.8   -0.451352332705758
       880               3357.9   -0.450997905594273
       881                 3358   -0.450526335834254
       882               3358.1   -0.449718375942225
       883               3358.2   -0.448493783005909
       884               3358.3   -0.446947462258735
       885               3358.4   -0.445290765684602
       886               3358.5   -0.443726455230171
       887               3358.6   -0.442328551715896
       888               3358.7   -0.441003599201868
       889               3358.8   -0.439567600260637
       890               3358.9   -0.437893945092862
       891                 3359   -0.436016016712731
       892               3359.1   -0.434080737377074
       893               3359.2   -0.432182080909707
       894               3359.3   -0.430248955100734
       895               3359.4   -0.428132929571995
       896               3359.5   -0.425821114060769
       897               3359.6   -0.423534020673144
       898               3359.7   -0.421580727193909
       899               3359.8   -0.420118760796818
       900               3359.9    -0.41907092243705
       901                 3360   -0.418260758130196
       902               3360.1   -0.417586122297213
       903               3360.2   -0.417050187983798
       904               3360.3    -0.41667897912577
       905               3360.4   -0.416477503395047
       906               3360.5   -0.416467536236881
       907               3360.6   -0.416701948754971
       908               3360.7   -0.417186877630869
       909               3360.8   -0.417791210198749
       910               3360.9   -0.418258471288203
       911                 3361   -0.418325750733533
       912               3361.1   -0.417853804226577
       913               3361.2   -0.416874401564133
       914               3361.3    -0.41552881405503
       915               3361.4   -0.413952321272983
       916               3361.5   -0.412206164108409
       917               3361.6   -0.410312755329408
       918               3361.7   -0.408339856282683
       919               3361.8    -0.40643981273575
       920               3361.9   -0.404830010245771
       921                 3362   -0.403762677983831
       922               3362.1   -0.403478510004748
       923               3362.2   -0.404096322583788
       924               3362.3   -0.405483632365217
       925               3362.4   -0.407245551114122
       926               3362.5   -0.408882174354916
       927               3362.6   -0.409996457547673
       928               3362.7   -0.410407770753454
       929               3362.8   -0.410140620831701
       930               3362.9   -0.409345748561881
       931                 3363   -0.408213354827018
       932               3363.1   -0.406915547065813
       933               3363.2   -0.405590299530286
       934               3363.3   -0.404342997871378
       935               3363.4   -0.403230312206527
       936               3363.5   -0.402235664754025
       937               3363.6   -0.401289356369225
       938               3363.7   -0.400349067040153
       939               3363.8   -0.399469114333786
       940               3363.9   -0.398774321902424
       941                 3364    -0.39835242946112
       942               3364.1   -0.398165675693308
       943               3364.2   -0.398053269151852
       944               3364.3   -0.397809184649711
       945               3364.4   -0.397281900609896
       946               3364.5   -0.396457521348461
       947               3364.6   -0.395495796786749
       948               3364.7   -0.394684794859541
       949               3364.8   -0.394308298337332
       950               3364.9   -0.394488735408551
       951                 3365   -0.395116733272509
       952               3365.1   -0.395931652552346
       953               3365.2   -0.396689734823692
       954               3365.3   -0.397275211468938
       955               3365.4      -0.397675966259
       956               3365.5   -0.397889398112153
       957               3365.6   -0.397882254851068
       958               3365.7    -0.39764504123729
       959               3365.8   -0.397261529528741
       960               3365.9   -0.396890231730668
       961                 3366   -0.396654149387601
       962               3366.1   -0.396550720782892
       963               3366.2   -0.396487305686543
       964               3366.3   -0.396410959227388
       965               3366.4   -0.396390204180749
       966               3366.5   -0.396558675892399
       967               3366.6   -0.396984099606962
       968               3366.7   -0.397594937682976
       969               3366.8   -0.398214869469251
       970               3366.9   -0.398647572300047
       971                 3367   -0.398744258030971
       972               3367.1   -0.398439647919969
       973               3367.2    -0.39776498034458
       974               3367.3   -0.396834502547239
       975               3367.4   -0.395804573694779
       976               3367.5   -0.394824247410068
       977               3367.6   -0.394000331400972
       978               3367.7    -0.39338483437532
       979               3367.8   -0.392979285396012
       980               3367.9   -0.392749561632836
       981                 3368    -0.39265124820921
       982               3368.1   -0.392661035009085
       983               3368.2   -0.392786564839849
       984               3368.3   -0.393023626023469
       985               3368.4   -0.393283795003824
       986               3368.5   -0.393373591787897
       987               3368.6   -0.393073036591518
       988               3368.7    -0.39226036130746
       989               3368.8   -0.390990766047262
       990               3368.9    -0.38950045275599
       991                 3369   -0.388159765121523
       992               3369.1   -0.387367335144361
       993               3369.2   -0.387363269809272
       994               3369.3   -0.388046654813235
       995               3369.4   -0.388983464394006
       996               3369.5   -0.389672930468496
       997               3369.6   -0.389874110459624
       998               3369.7   -0.389707269272528
       999               3369.8    -0.38946336169112
      1000               3369.9   -0.389321445826697
      1001                 3370   -0.389212863990217
      1002               3370.1   -0.388908087450943
      1003               3370.2   -0.388226496484679
      1004               3370.3   -0.387196405991739
      1005               3370.4   -0.386047966229761
      1006               3370.5   -0.385071254230117
      1007               3370.6   -0.384487798116509
      1008               3370.7   -0.384434502224923
      1009               3370.8    -0.38500220219894
      1010               3370.9   -0.386214657142168
      1011                 3371   -0.387945433587373
      1012               3371.1   -0.389879525082406
      1013               3371.2    -0.39158985333987
      1014               3371.3   -0.392693195044153
      1015               3371.4   -0.393004716465641
      1016               3371.5   -0.392616354424038
      1017               3371.6   -0.391839570991522
      1018               3371.7    -0.39102368629325
      1019               3371.8   -0.390382082430206
      1020               3371.9   -0.389974491272109
      1021                 3372    -0.38982829940005
      1022               3372.1   -0.390028969910228
      1023               3372.2   -0.390676790468401
      1024               3372.3   -0.391788791068643
      1025               3372.4   -0.393267731176039
      1026               3372.5   -0.394950206638676
      1027               3372.6   -0.396671987522134
      1028               3372.7   -0.398311196205608
      1029               3372.8   -0.399794220598785
      1030               3372.9   -0.401056364831172
      1031                 3373   -0.401993179113968
      1032               3373.1   -0.402474477072701
      1033               3373.2   -0.402437761082909
      1034               3373.3   -0.401981364357245
      1035               3373.4    -0.40135853551547
      1036               3373.5   -0.400848485856747
      1037               3373.6    -0.40057918522785
      1038               3373.7   -0.400437679529614
      1039               3373.8     -0.4001719179206
      1040               3373.9   -0.399638018392394
      1041                 3374   -0.398985979610692
      1042               3374.1   -0.398597965783863
      1043               3374.2   -0.398820423944521
      1044               3374.3   -0.399725628727926
      1045               3374.4   -0.401084058042816
      1046               3374.5   -0.402517658579243
      1047               3374.6   -0.403688900832608
      1048               3374.7   -0.404430885526039
      1049               3374.8   -0.404795309228294
      1050               3374.9   -0.404999329390118
      1051                 3375    -0.40526848650055
      1052               3375.1   -0.405663706597998
      1053               3375.2   -0.406045328689838
      1054               3375.3    -0.40623291681644
      1055               3375.4   -0.406221499672899
      1056               3375.5   -0.406235650263995
      1057               3375.6   -0.406558944507739
      1058               3375.7   -0.407305897616957
      1059               3375.8   -0.408349639903368
      1060               3375.9   -0.409443364798568
      1061                 3376   -0.410392482013677
      1062               3376.1   -0.411138192618916
      1063               3376.2   -0.411745060854607
      1064               3376.3   -0.412353338336192
      1065               3376.4   -0.413112105485771
      1066               3376.5   -0.414084369190225
      1067               3376.6   -0.415177648544265
      1068               3376.7   -0.416185594154624
      1069               3376.8   -0.416933459984153
      1070               3376.9   -0.417405780546574
      1071                 3377   -0.417746706822447
      1072               3377.1   -0.418144743901178
      1073               3377.2   -0.418708960255793
      1074               3377.3   -0.419435288648526
      1075               3377.4   -0.420276874267046
      1076               3377.5    -0.42124544499476
      1077               3377.6   -0.422449908543686
      1078               3377.7    -0.42403863490775
      1079               3377.8   -0.426089630481312
      1080               3377.9   -0.428518017572781
      1081                 3378   -0.431053037473913
      1082               3378.1   -0.433320616313768
      1083               3378.2   -0.435031106511531
      1084               3378.3    -0.43617698597738
      1085               3378.4   -0.437069902672247
      1086               3378.5   -0.438137543738337
      1087               3378.6   -0.439631102275596
      1088               3378.7   -0.441498353858183
      1089               3378.8   -0.443491381657275
      1090               3378.9   -0.445330108774943
      1091                 3379   -0.446761954424411
      1092               3379.1   -0.447575945725287
      1093               3379.2   -0.447690611945438
      1094               3379.3   -0.447260738407435
      1095               3379.4   -0.446640309562387
      1096               3379.5   -0.446184315416625
      1097               3379.6    -0.44606740852157
      1098               3379.7   -0.446274673536935
      1099               3379.8   -0.446718563561198
      1100               3379.9   -0.447317103139957
      1101                 3380   -0.447964661752261
      1102               3380.1   -0.448494650905894
      1103               3380.2   -0.448748026864023
      1104               3380.3    -0.44870341921569
      1105               3380.4   -0.448511712091218
      1106               3380.5   -0.448375264110926
      1107               3380.6   -0.448397194917991
      1108               3380.7   -0.448551977351634
      1109               3380.8   -0.448765954853272
      1110               3380.9   -0.448968921889528
      1111                 3381   -0.449049889739614
      1112               3381.1   -0.448810617065268
      1113               3381.2    -0.44803451076192
      1114               3381.3   -0.446644177703381
      1115               3381.4    -0.44480342119289
      1116               3381.5   -0.442872378080769
      1117               3381.6   -0.441257054218394
      1118               3381.7   -0.440248971499153
      1119               3381.8   -0.439922165555339
      1120               3381.9   -0.440127030069969
      1121                 3382   -0.440594347985841
      1122               3382.1   -0.441095768407257
      1123               3382.2    -0.44154905489128
      1124               3382.3   -0.441997029716341
      1125               3382.4     -0.4424983629445
      1126               3382.5   -0.443023825228554
      1127               3382.6   -0.443417580927466
      1128               3382.7   -0.443438599143012
      1129               3382.8   -0.442878789089103
      1130               3382.9    -0.44170882531093
      1131                 3383   -0.440135087279681
      1132               3383.1    -0.43847708923941
      1133               3383.2   -0.436936347467997
      1134               3383.3   -0.435465332351148
      1135               3383.4   -0.433870949926472
      1136               3383.5   -0.432048087694483
      1137               3383.6   -0.430099918049408
      1138               3383.7   -0.428233301730875
      1139               3383.8   -0.426569781808728
      1140               3383.9   -0.425084888277192
      1141                 3384   -0.423711486082347
      1142               3384.1   -0.422460666136845
      1143               3384.2   -0.421434774913355
      1144               3384.3    -0.42074207258568
      1145               3384.4   -0.420389246815518
      1146               3384.5   -0.420225459848045
      1147               3384.6   -0.420001649203611
      1148               3384.7   -0.419535322345679
      1149               3384.8   -0.418833946317557
      1150               3384.9   -0.418025351296057
      1151                 3385   -0.417158162556093
      1152               3385.1   -0.416108864208277
      1153               3385.2   -0.414711646869166
      1154               3385.3   -0.412968628130048
      1155               3385.4    -0.41113104820799
      1156               3385.5   -0.409597012745961
      1157               3385.6    -0.40871400566232
      1158               3385.7   -0.408592606514879
      1159               3385.8   -0.409023431861017
      1160               3385.9   -0.409578417851827
      1161                 3386   -0.409875641823165
      1162               3386.1   -0.409813308467532
      1163               3386.2   -0.409553998450115
      1164               3386.3   -0.409274529779459
      1165               3386.4   -0.408950236650975
      1166               3386.5   -0.408400397774323
      1167               3386.6   -0.407525383336381
      1168               3386.7   -0.406469971182075
      1169               3386.8   -0.405555974038604
      1170               3386.9   -0.405067391039971
      1171                 3387   -0.405073267369172
      1172               3387.1    -0.40540068997365
      1173               3387.2   -0.405756147625973
      1174               3387.3   -0.405913204479293
      1175               3387.4   -0.405844389908969
      1176               3387.5   -0.405706082190254
      1177               3387.6   -0.405693425057227
      1178               3387.7   -0.405882911052969
      1179               3387.8   -0.406180734654997
      1180               3387.9   -0.406399636018315
      1181                 3388   -0.406381810750055
      1182               3388.1   -0.406062851211831
      1183               3388.2   -0.405451870301725
      1184               3388.3   -0.404593603309499
      1185               3388.4    -0.40357012796254
      1186               3388.5   -0.402522300988128
      1187               3388.6   -0.401647290742124
      1188               3388.7   -0.401171081729993
      1189               3388.8   -0.401302615232696
      1190               3388.9   -0.402146441322977
      1191                 3389   -0.403592382597014
      1192               3389.1   -0.405296898041543
      1193               3389.2   -0.406845122935466
      1194               3389.3   -0.407995208605239
      1195               3389.4   -0.408785879680387
      1196               3389.5   -0.409418784197563
      1197               3389.6   -0.410058239741633
      1198               3389.7   -0.410737815641071
      1199               3389.8   -0.411403293085423
      1200               3389.9   -0.411985930261116
      1201                 3390   -0.412424141446552
      1202               3390.1   -0.412643455877808
      1203               3390.2   -0.412543711609303
      1204               3390.3   -0.412021732110491
      1205               3390.4   -0.411019725082689
      1206               3390.5   -0.409566336573078
      1207               3390.6     -0.4077885058028
      1208               3390.7   -0.405897886998735
      1209               3390.8   -0.404153463546269
      1210               3390.9    -0.40278934959826
      1211                 3391   -0.401924203926978
      1212               3391.1   -0.401510049395549
      1213               3391.2    -0.40136419631998
      1214               3391.3   -0.401268092265315
      1215               3391.4    -0.40107539633414
      1216               3391.5   -0.400767884030119
      1217               3391.6    -0.40042385609832
      1218               3391.7   -0.400121708751961
      1219               3391.8   -0.399854702980026
      1220               3391.9   -0.399517029308009
      1221                 3392   -0.398951216615528
      1222               3392.1   -0.398013324471251
      1223               3392.2   -0.396639324698996
      1224               3392.3   -0.394908817900613
      1225               3392.4   -0.393063713454351
      1226               3392.5   -0.391424269043203
      1227               3392.6   -0.390225357619744
      1228               3392.7    -0.38950543971331
      1229               3392.8   -0.389163885818073
      1230               3392.9   -0.389130372005548
      1231                 3393   -0.389457554697182
      1232               3393.1   -0.390237920315529
      1233               3393.2   -0.391448138347999
      1234               3393.3   -0.392878995048661
      1235               3393.4   -0.394187974167314
      1236               3393.5   -0.395015453604457
      1237               3393.6   -0.395112375411683
      1238               3393.7   -0.394433352801064
      1239               3393.8   -0.393135060002732
      1240               3393.9   -0.391475875236806
      1241                 3394   -0.389706295774515
      1242               3394.1   -0.388029555478197
      1243               3394.2   -0.386604254365631
      1244               3394.3   -0.385518830031727
      1245               3394.4   -0.384748995473917
      1246               3394.5   -0.384180347114869
      1247               3394.6   -0.383723673834597
      1248               3394.7     -0.3834324680481
      1249               3394.8   -0.383499504394188
      1250               3394.9   -0.384114263122393
      1251                 3395   -0.385299745651385
      1252               3395.1   -0.386866603266988
      1253               3395.2     -0.3885052078276
      1254               3395.3   -0.389918321669487
      1255               3395.4   -0.390898812839754
      1256               3395.5   -0.391344119566379
      1257               3395.6   -0.391253901630179
      1258               3395.7   -0.390732284662887
      1259               3395.8   -0.389970688779351
      1260               3395.9    -0.38919290750506
      1261                 3396   -0.388590079336798
      1262               3396.1   -0.388287656593866
      1263               3396.2   -0.388346498336265
      1264               3396.3   -0.388768498114054
      1265               3396.4   -0.389501106969946
      1266               3396.5   -0.390466469317114
      1267               3396.6   -0.391612520442648
      1268               3396.7   -0.392929065721809
      1269               3396.8   -0.394389470480443
      1270               3396.9   -0.395870752704268
      1271                 3397   -0.397148404822782
      1272               3397.1   -0.397984930656875
      1273               3397.2   -0.398231431175783
      1274               3397.3   -0.397870444742958
      1275               3397.4   -0.397016184514422
      1276               3397.5    -0.39591414286757
      1277               3397.6   -0.394910946901716
      1278               3397.7    -0.39432988531459
      1279               3397.8   -0.394287112538164
      1280               3397.9   -0.394605702383672
      1281                 3398   -0.394936381437912
      1282               3398.1   -0.394990518115995
      1283               3398.2   -0.394674812310533
      1284               3398.3   -0.394037224060007
      1285               3398.4   -0.393140188867014
      1286               3398.5   -0.392027761652257
      1287               3398.6   -0.390817964470052
      1288               3398.7   -0.389799226866519
      1289               3398.8   -0.389381596924255
      1290               3398.9   -0.389866558028725
      1291                 3399   -0.391185088320772
      1292               3399.1   -0.392860044170763
      1293               3399.2   -0.394307093847724
      1294               3399.3   -0.395250417567752
      1295               3399.4   -0.395852023455516
      1296               3399.5   -0.396413542326607
      1297               3399.6    -0.39696912959517
      1298               3399.7   -0.397208582792834
      1299               3399.8   -0.396796357737064
      1300               3399.9   -0.395729505311672
      1301                 3400   -0.394377125532628
      1302               3400.1   -0.393203715032337
      1303               3400.2   -0.392463913520704
      1304               3400.3   -0.392110007058889
      1305               3400.4   -0.391914583644525
      1306               3400.5   -0.391656515239766
      1307               3400.6   -0.391245594187793
      1308               3400.7   -0.390752737706819
      1309               3400.8   -0.390354451323247
      1310               3400.9   -0.390218820066244
      1311                 3401   -0.390403563518867
      1312               3401.1   -0.390843870820237
      1313               3401.2   -0.391424603770981
      1314               3401.3   -0.392051645301034
      1315               3401.4   -0.392671160506985
      1316               3401.5   -0.393268172545931
      1317               3401.6   -0.393869347127107
      1318               3401.7    -0.39450720322636
      1319               3401.8   -0.395127634260513
      1320               3401.9   -0.395544498622638
      1321                 3402   -0.395561371888325
      1322               3402.1   -0.395185820431979
      1323               3402.2   -0.394682748485029
      1324               3402.3   -0.394346038551536
      1325               3402.4   -0.394207413093668
      1326               3402.5   -0.394006021094136
      1327               3402.6   -0.393447970904077
      1328               3402.7   -0.392470185842591
      1329               3402.8   -0.391273464706044
      1330               3402.9    -0.39017599557027
      1331                 3403   -0.389472613088953
      1332               3403.1    -0.38937418590641
      1333               3403.2   -0.389974060426778
      1334               3403.3   -0.391203436120283
      1335               3403.4     -0.3928144636181
      1336               3403.5    -0.39443409189627
      1337               3403.6   -0.395664896012229
      1338               3403.7   -0.396174243661172
      1339               3403.8   -0.395754970634695
      1340               3403.9   -0.394388257848711
      1341                 3404    -0.39231346775451
      1342               3404.1   -0.390035674492467
      1343               3404.2   -0.388185301605518
      1344               3404.3   -0.387247781307642
      1345               3404.4   -0.387326317405116
      1346               3404.5   -0.388122109654297
      1347               3404.6    -0.38915570182105
      1348               3404.7   -0.390058850300887
      1349               3404.8   -0.390727036540722
      1350               3404.9   -0.391257816380903
      1351                 3405   -0.391774147926244
      1352               3405.1   -0.392299767787827
      1353               3405.2   -0.392766400479813
      1354               3405.3   -0.393087837883146
      1355               3405.4   -0.393201577107995
      1356               3405.5   -0.393076330523149
      1357               3405.6   -0.392743745601773
      1358               3405.7   -0.392341256697013
      1359               3405.8   -0.392084444718981
      1360               3405.9   -0.392150142941524
      1361                 3406   -0.392560839964302
      1362               3406.1   -0.393171911140397
      1363               3406.2   -0.393774371730802
      1364               3406.3   -0.394231839052563
      1365               3406.4   -0.394544590861342
      1366               3406.5   -0.394801264773913
      1367               3406.6   -0.395088654607339
      1368               3406.7   -0.395459574648679
      1369               3406.8   -0.395961368144978
      1370               3406.9   -0.396634308931384
      1371                 3407   -0.397441514902285
      1372               3407.1   -0.398221904988588
      1373               3407.2   -0.398766825310486
      1374               3407.3   -0.398968669456882
      1375               3407.4   -0.398874888202758
      1376               3407.5   -0.398578567160516
      1377               3407.6   -0.398077434620148
      1378               3407.7   -0.397269687393435
      1379               3407.8   -0.396080586054757
      1380               3407.9   -0.394572252227391
      1381                 3408   -0.392948117017275
      1382               3408.1   -0.391487335466579
      1383               3408.2   -0.390457280811666
      1384               3408.3   -0.390011583911438
      1385               3408.4    -0.39011144035197
      1386               3408.5   -0.390547991819952
      1387               3408.6   -0.391075099464133
      1388               3408.7   -0.391552646559462
      1389               3408.8   -0.391999595527655
      1390               3408.9   -0.392542942898774
      1391                 3409   -0.393303012045094
      1392               3409.1   -0.394276875785787
      1393               3409.2   -0.395313702728388
      1394               3409.3   -0.396233944866714
      1395               3409.4   -0.396983958267805
      1396               3409.5   -0.397636935227885
      1397               3409.6   -0.398224174394059
      1398               3409.7   -0.398611323088187
      1399               3409.8   -0.398591789120852
      1400               3409.9   -0.398093944335375
      1401                 3410   -0.397261103094754
      1402               3410.1   -0.396333441970345
      1403               3410.2   -0.395488112812409
      1404               3410.3   -0.394789689773713
      1405               3410.4   -0.394229527986868
      1406               3410.5   -0.393754267667985
      1407               3410.6   -0.393270368685441
      1408               3410.7   -0.392686712838677
      1409               3410.8   -0.391999621923838
      1410               3410.9   -0.391330348195389
      1411                 3411    -0.39084431376757
      1412               3411.1   -0.390613293787756
      1413               3411.2   -0.390572474547862
      1414               3411.3   -0.390639900397282
      1415               3411.4   -0.390871224077103
      1416               3411.5   -0.391450522885213
      1417               3411.6   -0.392487555728364
      1418               3411.7   -0.393818735654797
      1419               3411.8   -0.395020190787111
      1420               3411.9   -0.395632404719818
      1421                 3412   -0.395418497905577
      1422               3412.1    -0.39449189013894
      1423               3412.2   -0.393264037967767
      1424               3412.3   -0.392246170957006
      1425               3412.4   -0.391791685359061
      1426               3412.5   -0.391917544869151
      1427               3412.6   -0.392328258201304
      1428               3412.7   -0.392633206942933
      1429               3412.8    -0.39259667078545
      1430               3412.9   -0.392246222557594
      1431                 3413   -0.391803374557237
      1432               3413.1   -0.391538328107532
      1433               3413.2   -0.391653883912194
      1434               3413.3   -0.392215537106964
      1435               3413.4   -0.393109711666186
      1436               3413.5   -0.394058343466573
      1437               3413.6   -0.394729183080609
      1438               3413.7   -0.394900655044052
      1439               3413.8    -0.39456768202681
      1440               3413.9   -0.393910848957929
      1441                 3414   -0.393160912465895
      1442               3414.1   -0.392466729322313
      1443               3414.2   -0.391855630757359
      1444               3414.3   -0.391287638663589
      1445               3414.4   -0.390732993882582
      1446               3414.5   -0.390205864156541
      1447               3414.6   -0.389742115002558
      1448               3414.7   -0.389355978080647
      1449               3414.8   -0.389023861796894
      1450               3414.9   -0.388719912852391
      1451                 3415   -0.388471680726273
      1452               3415.1   -0.388366493638396
      1453               3415.2   -0.388483067828982
      1454               3415.3   -0.388812590050712
      1455               3415.4   -0.389255061806343
      1456               3415.5   -0.389698545533614
      1457               3415.6   -0.390104307364753
      1458               3415.7   -0.390516633462674
      1459               3415.8   -0.390987445548254
      1460               3415.9   -0.391488294646797
      1461                 3416   -0.391898916455365
      1462               3416.1   -0.392083091209822
      1463               3416.2    -0.39196889861379
      1464               3416.3   -0.391556536731534
      1465               3416.4   -0.390872158168416
      1466               3416.5   -0.389942404078485
      1467               3416.6   -0.388817254095077
      1468               3416.7   -0.387596692918229
      1469               3416.8   -0.386416315638758
      1470               3416.9   -0.385404520757519
      1471                 3417   -0.384651964364556
      1472               3417.1    -0.38420479860224
      1473               3417.2   -0.384066579366767
      1474               3417.3   -0.384202270683957
      1475               3417.4   -0.384541963675164
      1476               3417.5   -0.384975913327408
      1477               3417.6   -0.385361241147643
      1478               3417.7   -0.385583509547137
      1479               3417.8   -0.385642342674278
      1480               3417.9   -0.385643087594588
      1481                 3418   -0.385664681070636
      1482               3418.1   -0.385663088537922
      1483               3418.2    -0.38555372641689
      1484               3418.3   -0.385368833207112
      1485               3418.4   -0.385270141482217
      1486               3418.5   -0.385398056510892
      1487               3418.6   -0.385755619595091
      1488               3418.7   -0.386252341942165
      1489               3418.8   -0.386813435743286
      1490               3418.9      -0.387414920585
      1491                 3419   -0.388046825145763
      1492               3419.1   -0.388691058660254
      1493               3419.2   -0.389331536329377
      1494               3419.3   -0.389945500595108
      1495               3419.4   -0.390472949409804
      1496               3419.5   -0.390825618837825
      1497               3419.6   -0.390950311648102
      1498               3419.7   -0.390874110003703
      1499               3419.8   -0.390680221651023
      1500               3419.9   -0.390452268640638
